####################################################################################################
# Month: 02Feb                                                                                     #
# Station: KVNYS                                                                                   #
# Columns are: year    day     segment         RH (percent)                                        #
####################################################################################################
9       1       0       0.604608
9       1       1       0.686782
9       1       2       0.680076
9       1       3       0.635933
9       1       4       0.599025
9       1       5       0.56184
9       1       6       0.482847
9       1       7       0.534487
9       2       0       0.5942
9       2       1       0.715206
9       2       2       0.833583
9       2       3       0.784531
9       2       4       0.604146
9       2       5       0.534883
9       2       6       0.453589
9       2       7       0.445897
9       3       0       0.481815
9       3       1       0.697021
9       3       2       0.630867
9       3       3       0.710518
9       3       4       0.700462
9       3       5       0.685483
9       3       6       0.747112
9       3       7       0.757227
9       4       0       0.675803
9       4       1       0.504332
9       4       2       0.376401
9       4       3       0.36922
9       4       4       0.349179
9       4       5       0.341247
9       4       6       0.443883
9       4       7       0.78778
9       5       0       0.98408
9       5       1       0.989121
9       5       2       0.982908
9       5       3       0.861177
9       5       4       0.590374
9       5       5       0.375777
9       5       6       0.384296
9       5       7       0.425237
9       6       0       0.511635
9       6       1       0.624553
9       6       2       0.744657
9       6       3       0.679653
9       6       4       0.470127
9       6       5       0.30501
9       6       6       0.324089
9       6       7       0.470785
9       7       0       0.820987
9       7       1       0.948282
9       7       2       0.702676
9       7       3       0.282236
9       7       4       0.196226
9       7       5       0.175087
9       7       6       0.185071
9       7       7       0.21496
9       8       0       0.212885
9       8       1       0.288196
9       8       2       0.32466
9       8       3       0.29615
9       8       4       0.246826
9       8       5       0.20369
9       8       6       0.185566
9       8       7       0.201476
9       9       0       0.284301
9       9       1       0.302007
9       9       2       0.590003
9       9       3       0.603191
9       9       4       0.847415
9       9       5       0.889832
9       9       6       0.884968
9       9       7       0.921779
9       10      0       0.931764
9       10      1       0.883874
9       10      2       0.790359
9       10      3       0.802343
9       10      4       0.835373
9       10      5       0.900663
9       10      6       0.991694
9       10      7       0.979184
9       11      0       0.748388
9       11      1       0.655003
9       11      2       0.486842
9       11      3       0.441239
9       11      4       0.378316
9       11      5       0.307108
9       11      6       0.272175
9       11      7       0.255322
9       12      0       0.17422
9       12      1       0.211664
9       12      2       0.221293
9       12      3       0.485182
9       12      4       0.847197
9       12      5       0.904291
9       12      6       0.92404
9       12      7       0.979794
9       13      0       1.130374
9       13      1       0.988255
9       13      2       0.995533
9       13      3       0.991338
9       13      4       0.891069
9       13      5       0.699999
9       13      6       0.532276
9       13      7       0.398505
9       14      0       0.258243
9       14      1       0.249688
9       14      2       0.399144
9       14      3       0.586377
9       14      4       0.529622
9       14      5       0.241631
9       14      6       0.287496
9       14      7       0.339855
9       15      0       0.391021
9       15      1       0.527116
9       15      2       0.467545
9       15      3       0.453147
9       15      4       0.505267
9       15      5       0.446113
9       15      6       0.206085
9       15      7       0.287407
9       16      0       0.273356
9       16      1       0.412267
9       16      2       0.394261
9       16      3       0.439549
9       16      4       0.406981
9       16      5       0.309685
9       16      6       0.209546
9       16      7       0.180771
9       17      0       0.206377
9       17      1       0.382008
9       17      2       0.416396
9       17      3       0.440259
9       17      4       0.302348
9       17      5       0.22424
9       17      6       0.28207
9       17      7       0.189252
9       18      0       0.152356
9       18      1       0.288158
9       18      2       0.3875
9       18      3       0.384461
9       18      4       0.349222
9       18      5       0.345142
9       18      6       0.337112
9       18      7       0.33559
9       19      0       0.323888
9       19      1       0.377542
9       19      2       0.516024
9       19      3       0.633573
9       19      4       0.855813
9       19      5       0.887321
9       19      6       0.962438
9       19      7       0.913422
9       20      0       0.643351
9       20      1       0.52777
9       20      2       0.50407
9       20      3       0.61008
9       20      4       0.594051
9       20      5       0.411786
9       20      6       0.309802
9       20      7       0.350476
9       21      0       0.447669
9       21      1       0.777291
9       21      2       0.797565
9       21      3       0.8079
9       21      4       0.793046
9       21      5       0.899924
9       21      6       0.990801
9       21      7       0.971631
9       22      0       0.960386
9       22      1       0.918544
9       22      2       0.865907
9       22      3       0.446943
9       22      4       0.328569
9       22      5       0.448783
9       22      6       0.647307
9       22      7       0.778988
9       23      0       0.834584
9       23      1       0.778242
9       23      2       0.650201
9       23      3       0.616524
9       23      4       0.609958
9       23      5       0.672088
9       23      6       0.753767
9       23      7       0.766063
9       24      0       0.849624
9       24      1       0.905949
9       24      2       0.710108
9       24      3       0.554784
9       24      4       0.4808
9       24      5       0.541477
9       24      6       0.643776
9       24      7       0.163374
9       25      0       0.069018
9       25      1       0.219154
9       25      2       0.253196
9       25      3       0.249681
9       25      4       0.262926
9       25      5       0.262511
9       25      6       0.18686
9       25      7       0.115682
9       26      0       0.133314
9       26      1       0.263742
9       26      2       0.268677
9       26      3       0.254009
9       26      4       0.208687
9       26      5       0.147086
9       26      6       0.090341
9       26      7       0.076866
9       27      0       0.065662
9       27      1       0.259884
9       27      2       0.289948
9       27      3       0.254423
9       27      4       0.208046
9       27      5       0.166336
9       27      6       0.175908
9       27      7       0.186921
9       28      0       0.206294
9       28      1       0.313377
9       28      2       0.308763
9       28      3       0.315983
9       28      4       0.317689
9       28      5       0.26035
9       28      6       0.225488
9       28      7       0.250788
