####################################################################################################
# Month: 07Jul                                                                                     #
# Station: IRAM                                                                                    #
# Columns are: year    day     windspeed (m/s)                                                     #
####################################################################################################
2009    1       2.70650212
2009    2       10.751675
2009    3       12.42771788
2009    4       12.24556938
2009    5       15.5836555
2009    6       12.20539262
2009    7       12.34933275
2009    8       11.2186855
2009    9       8.47180475
2009    10      7.393301
2009    11      5.1265515
2009    12      8.71823212
2009    13      9.40559475
2009    14      9.76124262
2009    15      10.00673062
2009    16      14.2618065
2009    17      12.42467962
2009    18      6.52709425
2009    19      6.92084138
2009    20      12.10755838
2009    21      13.54816938
2009    22      17.01464438
2009    23      23.40246012
2009    24      19.910858
2009    25      11.94616175
2009    26      8.271562
2009    27      9.57728537
2009    28      12.63472512
2009    29      12.694909
2009    30      10.0933975
2009    31      5.276577
