####################################################################################################
# Month: 05May                                                                                     #
# Station: KILI                                                                                    #
# Columns are: year    day     RH (percent)                                                        #
####################################################################################################
9       1       0.46232075
9       2       0.50834562
9       3       0.32573525
9       4       0.46833525
9       5       0.36961925
9       6       0.33335825
9       7       0.60455912
9       8       0.55594063
9       9       0.42623288
9       10      0.48831488
9       11      0.62419712
9       12      0.63417437
9       13      0.77753062
9       14      0.72911575
9       15      0.48730275
9       16      0.48211138
9       17      0.65627913
9       18      0.86672538
9       19      0.77623638
9       20      0.67416412
9       21      0.58660913
9       22      0.444032
9       23      0.2325795
9       24      0.3911465
9       25      0.38707862
9       26      0.54574175
9       27      0.75424288
9       28      0.95084912
9       29      0.875814
9       30      0.679637
9       31      0.32042975
