####################################################################################################
# Month: 05May                                                                                     #
# Station: KILI                                                                                    #
# Frequency: 345 GHz                                                                               #
# Columns are: year    day     tau     Tb (K)                                                      #
####################################################################################################
2009    1       0.57241282      117.986825
2009    2       0.67942865      132.95085
2009    3       0.3741953       86.9006875
2009    4       0.54635216      114.7294375
2009    5       0.63495374      126.7558375
2009    6       0.39885772      90.7606375
2009    7       0.49075094      106.20233375
2009    8       0.33561102      79.47004625
2009    9       0.32328909      76.03430875
2009    10      0.38918068      88.88610125
2009    11      0.56820354      116.2984225
2009    12      0.57796515      117.5240475
2009    13      0.67292895      131.6179375
2009    14      0.48059537      104.47120125
2009    15      0.3822584       87.381205
2009    16      0.36787574      85.28313125
2009    17      0.5887202       118.68590375
2009    18      0.93902345      162.5142875
2009    19      0.81943088      149.3901
2009    20      0.6197966       124.8613625
2009    21      0.44859788      99.1956075
2009    22      0.38300568      87.81583625
2009    23      0.34392392      80.0150925
2009    24      0.47968052      104.00303875
2009    25      0.24402146      62.541655
2009    26      0.32763588      79.30486875
2009    27      0.60100341      122.301485
2009    28      0.89234829      158.0388
2009    29      0.90824485      159.7741375
2009    30      0.62067596      125.305205
2009    31      0.27374946      68.02036875
2010    1       1.10522265      179.32555
2010    2       0.70876905      135.67762
2010    3       0.59470308      120.4094625
2010    4       1.100755        175.7721
2010    5       0.95578225      161.0507125
2010    6       1.31419176      190.90585
2010    7       1.17150635      184.1744375
2010    8       0.75024961      143.2179875
2010    9       0.60951642      124.4607
2010    10      0.63774085      127.4508625
2010    11      0.72356072      136.012725
2010    12      1.12125482      179.655
2010    13      0.87760126      156.480175
2010    14      0.8992843       159.2146625
2010    15      0.71629024      138.5060875
2010    16      0.52986573      112.193655
2010    17      0.53218802      111.7744
2010    18      0.54259795      110.5693525
2010    19      0.30224277      73.11519
2010    20      0.31277654      75.27099375
2010    21      0.2444851       62.28735375
2010    22      0.45018656      95.69901625
2010    23      0.39544056      90.1767775
2010    24      0.28906091      71.3562375
2010    25      0.40268631      91.6448625
2010    26      0.3986785       91.4409975
2010    27      0.30642494      74.7594125
2010    28      0.21931284      56.9162725
2010    29      0.18852776      50.72518375
2010    30      0.22054516      57.73826625
2010    31      0.23212544      60.28443
2011    1       0.72585855      138.5352375
2011    2       0.43088341      96.22980125
2011    3       0.3843283       88.2079575
2011    4       0.33068038      77.9616025
2011    5       0.39813828      89.53752
2011    6       0.3097729       74.23088
2011    7       0.42654488      94.530555
2011    8       1.01759821      169.489225
2011    9       0.89477352      158.2969875
2011    10      0.98356932      165.4627875
2011    11      0.67046344      130.5646125
2011    12      0.36190041      83.264965
2011    13      0.30670499      74.3504725
2011    14      0.21621078      56.68369625
2011    15      0.24376932      62.31705875
2011    16      0.15952642      44.1471975
2011    17      0.59032074      115.18756625
2011    18      0.37651032      85.49136
2011    19      0.34697902      80.96106
2011    20      0.41591418      92.0273925
2011    21      0.41590682      92.84734875
2011    22      0.41652909      93.43064
2011    23      0.26267536      65.906345
2011    24      0.41547356      93.29650875
2011    25      0.25953924      63.75968625
2011    26      0.22679211      57.8202325
2011    27      0.26584315      66.37087375
2011    28      0.19510479      51.7941525
2011    29      0.14519328      41.34150125
2011    30      0.09577774      30.08697
2011    31      0.08152503      26.482245
2012    1       0.94015931      162.0884875
2012    2       0.93614835      161.6132625
2012    3       0.86748831      153.9834875
2012    4       0.89892601      152.6997
2012    5       0.86768032      153.6987125
2012    6       0.60229052      122.5574625
2012    7       0.4373456       97.24717
2012    8       0.59353072      121.47605
2012    9       0.6794415       134.2556375
2012    10      0.44836425      97.94007625
2012    11      0.42636331      88.3128875
2012    12      0.97142385      163.3321375
2012    13      0.82554806      150.0772125
2012    14      0.81555584      150.0362125
2012    15      1.03392738      167.9569875
2012    16      0.98419891      166.7658625
2012    17      0.90187644      157.532125
2012    18      0.41624795      92.8833175
2012    19      0.58645179      119.91686375
2012    20      0.30227815      71.97376125
2012    21      0.36277771      81.60589
2012    22      0.31847055      74.82506625
2012    23      0.49463374      104.49356625
2012    24      0.40127106      90.5990725
2012    25      0.73830853      140.1747625
2012    26      0.50732784      108.348455
2012    27      0.44561194      97.250115
2012    28      0.48503306      105.27209
2012    29      0.34621354      81.219605
2012    30      0.18478189      49.82388375
2012    31      0.26570618      66.830055
2013    1       0.77315835      145.302475
2013    2       0.64757614      128.895975
2013    3       0.55054428      114.51370375
2013    4       0.8747507       154.635975
2013    5       0.97984279      167.3845
2013    6       1.02763889      170.9609125
2013    7       0.85938185      153.911825
2013    8       0.80593535      148.0221875
2013    9       0.52453275      110.6746175
2013    10      0.44465796      97.09665875
2013    11      0.54686798      114.46426125
2013    12      0.34256401      79.69984
2013    13      0.35813839      83.821
2013    14      0.36339604      85.20919
2013    15      0.15909362      44.41612625
2013    16      0.12769592      37.53268
2013    17      0.10214476      31.661725
2013    18      0.0965402       30.3543025
2013    19      0.11084007      33.52486375
2013    20      0.185153        49.572445
2013    21      0.31453734      74.529905
2013    22      0.36901259      85.80357875
2013    23      0.17949994      48.4363925
2013    24      0.15295071      42.53299625
2013    25      0.28256094      69.38406625
2013    26      0.54119815      111.25763875
2013    27      0.50137926      107.22234125
2013    28      0.34742181      80.5386075
2013    29      0.12916376      37.4257325
2013    30      0.37783261      85.76514625
2013    31      0.2156334       56.1084425
2014    1       0.41306365      93.9595225
2014    2       0.62308644      122.2175375
2014    3       0.96675013      165.5868625
2014    4       0.67243538      131.98355
2014    5       0.36036486      84.3193475
2014    6       0.45656431      101.148825
2014    7       0.79828684      146.655075
2014    8       0.75908134      144.1793875
2014    9       0.7076159       136.8193875
2014    10      0.88603965      156.437125
2014    11      0.82323648      149.63972875
2014    12      0.85886031      146.4826275
2014    13      0.63157594      119.31329375
2014    14      0.34359381      78.86072
2014    15      0.20952408      54.93421375
2014    16      0.22616174      58.80499625
2014    17      0.21445161      56.37775125
2014    18      0.58580479      113.556805
2014    19      1.15180312      182.235375
2014    20      0.96127084      164.282475
2014    21      0.56375197      116.738665
2014    22      0.47761658      102.68189625
2014    23      0.52537244      111.54033625
2014    24      0.39448881      90.83949375
2014    25      0.57349579      116.07733625
2014    26      0.47122766      102.9670125
2014    27      0.36496906      84.52592375
2014    28      0.23587052      60.64384375
2014    29      0.20699826      54.86231875
2014    30      0.16148409      43.9623775
2014    31      0.28792319      68.691665
2015    1       1.07041184      173.896225
2015    2       0.44727694      97.96406
2015    3       0.23071549      59.6028525
2015    4       1.13673674      173.9097275
2015    5       1.06181391      174.0908125
2015    6       0.97884349      167.826275
2015    7       0.79396515      146.1068875
2015    8       0.7534456       142.5911375
2015    9       0.64798309      127.515025
2015    10      0.66584252      130.48645
2015    11      0.71919515      136.3392
2015    12      0.51420849      107.0296025
2015    13      0.64393756      126.222975
2015    14      0.54877346      110.07134125
2015    15      0.29284609      70.2747125
2015    16      0.58703711      120.23969125
2015    17      0.39962878      91.08145875
2015    18      0.28647499      69.5756975
2015    19      0.60506314      122.61078375
2015    20      0.73082246      139.730225
2015    21      0.56577155      116.1546875
2015    22      0.78164581      144.6704625
2015    23      0.63834927      126.69435
2015    24      0.5702356       118.151675
2015    25      0.25750406      64.50767875
2015    26      0.25927337      65.13645125
2015    27      0.19885511      52.54601375
2015    28      0.65299329      127.29452625
2015    29      0.905607        159.702375
2015    30      0.5980182       122.9168875
2015    31      0.51084172      109.86652375
2016    1       0.98502398      167.8901125
2016    2       0.67366724      132.17339875
2016    3       0.30580736      74.49776375
2016    4       0.76189571      133.25367125
2016    5       0.83791031      149.729725
2016    6       0.81528221      150.1611375
2016    7       0.97171549      166.9423625
2016    8       0.9408574       164.5472375
2016    9       0.66289125      131.2909875
2016    10      0.8504063       152.6881625
2016    11      0.58366599      116.6163225
2016    12      0.33904195      80.00297
2016    13      0.25335394      64.32018
2016    14      0.22006136      57.05203125
2016    15      0.23217882      59.9429175
2016    16      0.22068512      57.520265
2016    17      0.19958305      52.63623875
2016    18      0.26631051      65.419805
2016    19      0.2554752       64.0723925
2016    20      0.51258931      108.63674
2016    21      0.81482465      150.356975
2016    22      0.76648334      144.7542625
2016    23      0.56270511      116.8906625
2016    24      0.37865764      87.67759125
2016    25      0.34485474      81.7503625
2016    26      0.27977602      69.50298125
2016    27      0.40923236      91.49048125
2016    28      0.17907214      48.534695
2016    29      0.16596355      46.01783125
2016    30      0.13655607      39.29364125
2016    31      0.20368038      54.11210375
2017    1       0.70908021      136.2680375
2017    2       0.70984038      136.907825
2017    3       0.83228819      151.7675125
2017    4       0.80505385      145.913575
2017    5       0.91047972      159.6532375
2017    6       0.91302729      159.5357
2017    7       0.49957289      107.2286525
2017    8       1.0460685       162.313875
2017    9       0.83811381      150.0495375
2017    10      0.5403298       110.7426525
2017    11      0.98065092      162.2556875
2017    12      0.85369604      151.642875
2017    13      0.42798296      95.63244875
2017    14      0.40395741      91.6222775
2017    15      0.52250865      112.1065625
2017    16      0.49553015      108.1301675
2017    17      0.78703691      143.1346625
2017    18      0.74588939      139.8338875
2017    19      0.51502799      110.2383325
2017    20      0.41903561      94.96012125
2017    21      0.3629092       83.95919875
2017    22      0.4176689       93.58583125
2017    23      0.47020212      101.488425
2017    24      0.24273324      62.08886125
2017    25      0.32967266      79.17322875
2017    26      0.23329308      60.22402375
2017    27      0.58576576      118.86579875
2017    28      0.53788704      110.39035
2017    29      0.44212961      96.8290975
2017    30      0.42666892      95.6701275
2017    31      0.30360004      73.98637125
2018    1       1.12854741      176.3875625
2018    2       1.08840461      176.0220375
2018    3       1.1999865       185.5840125
2018    4       0.91826358      158.530325
2018    5       0.61841926      122.77032625
2018    6       1.0141747       167.5584
2018    7       0.92191352      160.9941625
2018    8       1.06771262      173.2783
2018    9       0.76761589      144.49275
2018    10      0.83791069      152.9851625
2018    11      0.64011425      127.735675
2018    12      0.81373821      136.11484625
2018    13      0.8516653       152.9482625
2018    14      0.97469944      166.35105
2018    15      0.58000468      115.390935
2018    16      0.80067866      145.9596625
2018    17      0.81691659      148.9692375
2018    18      0.50152631      106.77001
2018    19      0.48574532      105.46274
2018    20      0.65483695      129.218425
2018    21      0.58139399      118.458805
2018    22      0.58877777      119.8293625
2018    23      0.3539491       84.0373725
2018    24      0.34465885      81.258805
2018    25      0.16604921      45.97056
2018    26      0.28343066      66.85758875
2018    27      0.19227195      48.70919375
2018    28      0.08914229      28.3505925
2018    29      0.12478104      36.26396625
2018    30      0.21477959      55.8187
2018    31      0.37840294      87.83039375
