####################################################################################################
# Month: 10Oct                                                                                     #
# Station: SAN                                                                                     #
# Columns are: year    day     windspeed (m/s)                                                     #
####################################################################################################
2009    1       7.65522525
2009    2       8.69220663
2009    3       9.36892612
2009    4       21.84031662
2009    5       13.42653962
2009    6       3.884648
2009    7       5.96611862
2009    8       8.41020213
2009    9       4.18880525
2009    10      3.7933925
2009    11      2.82707562
2009    12      4.31640775
2009    13      12.97211725
2009    14      19.34440213
2009    15      8.26364312
2009    16      2.06958137
2009    17      1.08258537
2009    18      4.01833713
2009    19      12.70615538
2009    20      20.20062825
2009    21      15.22841138
2009    22      9.18946887
2009    23      7.64093725
