####################################################################################################
# Month: 01Jan                                                                                     #
# Station: LLA                                                                                     #
# Columns are: year    day     segment         RH (percent)                                        #
####################################################################################################
9       1       0       0.860219
9       1       1       0.955653
9       1       2       0.979565
9       1       3       0.954271
9       1       4       0.700357
9       1       5       0.726308
9       1       6       0.706423
9       1       7       0.698324
9       2       0       0.812294
9       2       1       0.940104
9       2       2       0.822738
9       2       3       0.63033
9       2       4       0.424777
9       2       5       0.45743
9       2       6       0.69298
9       2       7       0.762176
9       3       0       0.883976
9       3       1       0.876971
9       3       2       0.970361
9       3       3       0.583164
9       3       4       0.474819
9       3       5       0.56011
9       3       6       0.752664
9       3       7       0.828199
9       4       0       0.944116
9       4       1       0.939982
9       4       2       0.823565
9       4       3       0.653044
9       4       4       0.507046
9       4       5       0.440262
9       4       6       0.439336
9       4       7       0.533711
9       5       0       0.49849
9       5       1       0.383375
9       5       2       0.269788
9       5       3       0.192927
9       5       4       0.12584
9       5       5       0.150185
9       5       6       0.294741
9       5       7       0.518477
9       6       0       0.671188
9       6       1       0.791527
9       6       2       0.823006
9       6       3       0.851034
9       6       4       0.708329
9       6       5       0.637753
9       6       6       0.601316
9       6       7       0.594209
9       7       0       0.587978
9       7       1       0.607603
9       7       2       0.387279
9       7       3       0.453381
9       7       4       0.449894
9       7       5       0.404367
9       7       6       0.501156
9       7       7       0.545742
9       8       0       0.553861
9       8       1       0.644377
9       8       2       0.332271
9       8       3       0.280083
9       8       4       0.267402
9       8       5       0.299621
9       8       6       0.409655
9       8       7       0.404075
9       9       0       0.536642
9       9       1       0.370856
9       9       2       0.228428
9       9       3       0.131862
9       9       4       0.097233
9       9       5       0.135735
9       9       6       0.367716
9       9       7       0.489758
9       10      0       0.690339
9       10      1       0.703879
9       10      2       0.465503
9       10      3       0.296143
9       10      4       0.213511
9       10      5       0.191074
9       10      6       0.196681
9       10      7       0.331645
9       11      0       0.379403
9       11      1       0.427635
9       11      2       0.495395
9       11      3       0.507209
9       11      4       0.386842
9       11      5       0.32387
9       11      6       0.489364
9       11      7       0.702985
9       12      0       0.585115
9       12      1       0.251125
9       12      2       0.102369
9       12      3       0.069753
9       12      4       0.063994
9       12      5       0.100341
9       12      6       0.402909
9       12      7       0.721066
9       13      0       0.801149
9       13      1       0.69754
9       13      2       0.815992
9       13      3       0.647174
9       13      4       0.411562
9       13      5       0.397804
9       13      6       0.573516
9       13      7       0.682102
9       14      0       0.637482
9       14      1       0.530393
9       14      2       0.548357
9       14      3       0.447051
9       14      4       0.317235
9       14      5       0.221698
9       14      6       0.354486
9       14      7       0.527719
9       15      0       0.581178
9       15      1       0.411206
9       15      2       0.682038
9       15      3       0.974739
9       15      4       0.731406
9       15      5       0.54344
9       15      6       0.572976
9       15      7       0.659254
9       16      0       0.843668
9       16      1       0.949742
9       16      2       0.821575
9       16      3       0.624974
9       16      4       0.413862
9       16      5       0.395785
9       16      6       0.428411
9       16      7       0.46157
9       17      0       0.579721
9       17      1       0.606199
9       17      2       0.45023
9       17      3       0.39372
9       17      4       0.293142
9       17      5       0.266537
9       17      6       0.361797
9       17      7       0.530625
9       18      0       0.64268
9       18      1       0.672918
9       18      2       0.737422
9       18      3       0.738779
9       18      4       0.820908
9       18      5       0.877485
9       18      6       0.938262
9       18      7       0.758366
9       19      0       0.722126
9       19      1       0.836053
9       19      2       0.880888
9       19      3       0.648674
9       19      4       0.525729
9       19      5       0.491625
9       19      6       0.544632
9       19      7       0.612377
9       20      0       0.685054
9       20      1       0.73493
9       20      2       0.715115
9       20      3       0.677711
9       20      4       0.555097
9       20      5       0.510731
9       20      6       0.53341
9       20      7       0.641438
9       21      0       0.722975
9       21      1       0.837004
9       21      2       0.831254
9       21      3       0.618331
9       21      4       0.440316
9       21      5       0.404532
9       21      6       0.529759
9       21      7       0.741768
9       22      0       0.736927
9       22      1       0.782263
9       22      2       0.758847
9       22      3       0.659074
9       22      4       0.492863
9       22      5       0.482125
9       22      6       0.557905
9       22      7       0.65224
9       23      0       0.753356
9       23      1       0.785241
9       23      2       0.725465
9       23      3       0.62154
9       23      4       0.443402
9       23      5       0.398728
9       23      6       0.592001
9       23      7       0.692167
9       24      0       0.767428
9       24      1       0.767795
9       24      2       0.453618
9       24      3       0.258014
9       24      4       0.202313
9       24      5       0.216598
9       24      6       0.377659
9       24      7       0.427768
9       25      0       0.410436
9       25      1       0.469266
9       25      2       0.398147
9       25      3       0.180477
9       25      4       0.141619
9       25      5       0.199712
9       25      6       0.356279
9       25      7       0.520326
9       26      0       0.64134
9       26      1       0.683658
9       26      2       0.625956
9       26      3       0.690552
9       26      4       0.67542
9       26      5       0.529421
9       26      6       0.319445
9       26      7       0.174279
9       27      0       0.191742
9       27      1       0.253955
9       27      2       0.342293
9       27      3       0.4278
9       27      4       0.496911
9       27      5       0.477777
9       27      6       0.496091
9       27      7       0.562499
9       28      0       0.699637
9       28      1       0.809637
9       28      2       0.802303
9       28      3       0.86012
9       28      4       0.837832
9       28      5       0.784615
9       28      6       0.774938
9       28      7       0.798374
9       29      0       0.618968
9       29      1       0.448184
9       29      2       0.175763
9       29      3       0.088025
9       29      4       0.066017
9       29      5       0.076655
9       29      6       0.084313
9       29      7       0.087525
9       30      0       0.139312
9       30      1       0.239263
9       30      2       0.315862
9       30      3       0.460825
9       30      4       0.49001
9       30      5       0.354662
9       30      6       0.305438
9       30      7       0.497473
9       31      0       0.663088
9       31      1       0.728665
9       31      2       0.75667
9       31      3       0.658697
9       31      4       0.560051
9       31      5       0.736908
9       31      6       0.951764
9       31      7       1.006921
