####################################################################################################
# Month: 01Jan                                                                                     #
# Station: BAN                                                                                     #
# Columns are: year    day     windspeed (m/s)                                                     #
####################################################################################################
2009    1       15.68969112
2009    2       7.62750025
2009    3       9.42151812
2009    4       12.47766513
2009    5       13.34123362
2009    6       14.01212388
2009    7       8.73499988
2009    8       8.93663088
2009    9       18.389493
2009    10      18.45164688
2009    11      17.9714125
2009    12      16.27125375
2009    13      25.043993
2009    14      17.1573625
2009    15      17.42152025
2009    16      18.4949225
2009    17      13.56961875
2009    18      15.7072455
2009    19      14.99236412
2009    20      12.15332525
2009    21      10.13763087
2009    22      10.12321425
2009    23      4.82182062
2009    24      6.1049895
2009    25      14.67727338
2009    26      9.37361213
2009    27      17.3955445
2009    28      17.62012075
2009    29      18.21346062
2009    30      31.53897925
2009    31      23.777638
