####################################################################################################
# Month: 01Jan                                                                                     #
# Station: BAN                                                                                     #
# Columns are: year    day     segment         windspeed (m/s)                                     #
####################################################################################################
2009    1       0       7.93763
2009    1       1       14.291609
2009    1       2       19.071206
2009    1       3       20.702785
2009    1       4       19.07214
2009    1       5       18.319684
2009    1       6       14.58173
2009    1       7       11.540745
2009    2       0       10.98818
2009    2       1       10.548868
2009    2       2       9.365499
2009    2       3       7.735351
2009    2       4       6.408902
2009    2       5       5.240309
2009    2       6       4.694594
2009    2       7       6.038299
2009    3       0       7.226097
2009    3       1       7.257788
2009    3       2       7.480956
2009    3       3       9.744995
2009    3       4       12.298215
2009    3       5       11.519072
2009    3       6       8.9412
2009    3       7       10.903822
2009    4       0       11.126019
2009    4       1       11.487754
2009    4       2       12.720527
2009    4       3       13.657008
2009    4       4       14.125021
2009    4       5       12.504077
2009    4       6       10.350336
2009    4       7       13.850579
2009    5       0       12.673071
2009    5       1       14.428225
2009    5       2       13.594429
2009    5       3       12.2515
2009    5       4       14.690458
2009    5       5       14.189495
2009    5       6       10.752901
2009    5       7       14.14979
2009    6       0       15.44922
2009    6       1       18.159877
2009    6       2       18.98974
2009    6       3       17.465467
2009    6       4       14.203784
2009    6       5       11.829756
2009    6       6       8.765688
2009    6       7       7.233459
2009    7       0       5.784813
2009    7       1       4.172228
2009    7       2       6.31944
2009    7       3       10.22329
2009    7       4       11.100519
2009    7       5       11.482363
2009    7       6       8.782465
2009    7       7       12.014881
2009    8       0       13.982221
2009    8       1       13.311927
2009    8       2       9.991007
2009    8       3       6.352086
2009    8       4       4.858684
2009    8       5       5.349918
2009    8       6       7.37234
2009    8       7       10.274864
2009    9       0       14.246618
2009    9       1       16.21712
2009    9       2       16.136527
2009    9       3       18.940574
2009    9       4       18.613083
2009    9       5       19.519845
2009    9       6       20.064939
2009    9       7       23.377238
2009    10      0       22.298323
2009    10      1       23.428598
2009    10      2       23.119843
2009    10      3       19.885548
2009    10      4       17.726003
2009    10      5       14.486919
2009    10      6       12.695025
2009    10      7       13.972916
2009    11      0       14.859394
2009    11      1       14.957216
2009    11      2       14.609041
2009    11      3       16.985408
2009    11      4       17.500923
2009    11      5       20.269596
2009    11      6       21.489249
2009    11      7       23.100473
2009    12      0       27.08403
2009    12      1       20.557473
2009    12      2       14.734478
2009    12      3       12.176202
2009    12      4       12.212171
2009    12      5       11.909511
2009    12      6       11.793413
2009    12      7       19.702752
2009    13      0       26.530323
2009    13      1       28.942813
2009    13      2       29.975284
2009    13      3       26.702614
2009    13      4       23.506659
2009    13      5       22.377271
2009    13      6       20.84458
2009    13      7       21.4724
2009    14      0       20.284192
2009    14      1       17.880626
2009    14      2       15.456478
2009    14      3       16.376474
2009    14      4       17.590305
2009    14      5       16.934027
2009    14      6       16.151748
2009    14      7       16.58505
2009    15      0       18.794645
2009    15      1       21.115156
2009    15      2       18.543817
2009    15      3       15.320474
2009    15      4       15.419196
2009    15      5       15.717748
2009    15      6       16.221207
2009    15      7       18.239919
2009    16      0       19.834331
2009    16      1       17.572137
2009    16      2       15.261147
2009    16      3       17.631132
2009    16      4       20.279523
2009    16      5       18.253381
2009    16      6       17.756819
2009    16      7       21.37091
2009    17      0       19.411081
2009    17      1       15.226352
2009    17      2       11.612079
2009    17      3       8.214632
2009    17      4       10.67861
2009    17      5       15.875754
2009    17      6       15.402805
2009    17      7       12.135637
2009    18      0       11.938353
2009    18      1       14.655745
2009    18      2       11.743277
2009    18      3       14.824713
2009    18      4       20.127026
2009    18      5       18.233198
2009    18      6       17.008662
2009    18      7       17.12699
2009    19      0       15.793593
2009    19      1       13.145267
2009    19      2       11.113836
2009    19      3       13.172016
2009    19      4       15.674699
2009    19      5       15.877765
2009    19      6       16.65144
2009    19      7       18.510297
2009    20      0       17.877554
2009    20      1       15.766707
2009    20      2       13.257385
2009    20      3       12.016695
2009    20      4       10.788168
2009    20      5       9.557804
2009    20      6       8.583297
2009    20      7       9.378992
2009    21      0       9.106824
2009    21      1       7.690122
2009    21      2       7.606909
2009    21      3       8.841012
2009    21      4       10.518736
2009    21      5       9.535108
2009    21      6       11.726193
2009    21      7       16.076143
2009    22      0       16.632089
2009    22      1       12.064242
2009    22      2       10.543081
2009    22      3       10.316123
2009    22      4       9.711764
2009    22      5       8.661402
2009    22      6       7.14983
2009    22      7       5.907183
2009    23      0       6.000479
2009    23      1       5.224814
2009    23      2       4.075902
2009    23      3       4.492775
2009    23      4       5.332701
2009    23      5       5.759425
2009    23      6       4.508591
2009    23      7       3.179878
2009    24      0       2.535701
2009    24      1       2.485485
2009    24      2       2.975271
2009    24      3       5.174312
2009    24      4       6.696015
2009    24      5       7.957477
2009    24      6       9.870515
2009    24      7       11.14514
2009    25      0       13.120685
2009    25      1       14.917707
2009    25      2       13.698391
2009    25      3       14.441845
2009    25      4       17.235463
2009    25      5       16.467516
2009    25      6       14.885809
2009    25      7       12.650771
2009    26      0       9.064259
2009    26      1       3.983673
2009    26      2       2.284673
2009    26      3       6.837832
2009    26      4       11.833026
2009    26      5       15.010239
2009    26      6       14.365771
2009    26      7       11.609424
2009    27      0       15.713101
2009    27      1       15.571949
2009    27      2       16.826727
2009    27      3       26.396712
2009    27      4       20.049408
2009    27      5       17.057446
2009    27      6       13.56587
2009    27      7       13.983143
2009    28      0       14.065126
2009    28      1       13.589387
2009    28      2       14.756375
2009    28      3       18.648977
2009    28      4       22.160139
2009    28      5       21.48895
2009    28      6       19.257202
2009    28      7       16.99481
2009    29      0       16.828954
2009    29      1       15.446843
2009    29      2       13.391661
2009    29      3       13.944781
2009    29      4       16.257873
2009    29      5       21.404956
2009    29      6       25.628724
2009    29      7       22.803893
2009    30      0       25.036335
2009    30      1       28.817944
2009    30      2       29.777582
2009    30      3       30.040236
2009    30      4       33.6814
2009    30      5       38.3599
2009    30      6       34.307418
2009    30      7       32.291019
2009    31      0       24.711119
2009    31      1       21.235115
2009    31      2       25.794095
2009    31      3       24.57195
2009    31      4       21.886964
2009    31      5       24.299682
2009    31      6       24.001051
2009    31      7       23.721128
