####################################################################################################
# Month: 10Oct                                                                                     #
# Station: DomeC                                                                                   #
# Columns are: year    day     RH (percent)                                                        #
####################################################################################################
9       1       0.8038085
9       2       0.88991362
9       3       0.8217865
9       4       0.6420475
9       5       0.83033463
9       6       0.48930488
9       7       0.4583225
9       8       0.74859825
9       9       0.6019985
9       10      0.4793715
9       11      0.58331425
9       12      0.79383038
9       13      0.7980355
9       14      0.8221315
9       15      0.68453975
9       16      0.78074362
9       17      0.80907862
9       18      0.91063162
9       19      0.966712
9       20      0.96392138
9       21      0.97194725
9       22      0.954159
9       23      0.91856275
