####################################################################################################
# Month: 08Aug                                                                                     #
# Station: MOR                                                                                     #
# Columns are: year    day     segment         RH (percent)                                        #
####################################################################################################
9       1       0       0.19942
9       1       1       0.204391
9       1       2       0.241905
9       1       3       0.288559
9       1       4       0.272593
9       1       5       0.30358
9       1       6       0.402352
9       1       7       0.376023
9       2       0       0.305204
9       2       1       0.255741
9       2       2       0.274909
9       2       3       0.308269
9       2       4       0.307553
9       2       5       0.332976
9       2       6       0.353801
9       2       7       0.334206
9       3       0       0.287493
9       3       1       0.274463
9       3       2       0.269542
9       3       3       0.288381
9       3       4       0.252956
9       3       5       0.231037
9       3       6       0.273714
9       3       7       0.259203
9       4       0       0.209095
9       4       1       0.210532
9       4       2       0.262242
9       4       3       0.298082
9       4       4       0.289349
9       4       5       0.268075
9       4       6       0.304569
9       4       7       0.304846
9       5       0       0.302373
9       5       1       0.314758
9       5       2       0.286022
9       5       3       0.26971
9       5       4       0.254109
9       5       5       0.273635
9       5       6       0.331319
9       5       7       0.358711
9       6       0       0.362396
9       6       1       0.357113
9       6       2       0.356696
9       6       3       0.352928
9       6       4       0.331793
9       6       5       0.412616
9       6       6       0.698933
9       6       7       0.554343
9       7       0       0.401964
9       7       1       0.415273
9       7       2       0.365167
9       7       3       0.35684
9       7       4       0.363659
9       7       5       0.372145
9       7       6       0.558899
9       7       7       0.486771
9       8       0       0.319659
9       8       1       0.266762
9       8       2       0.263692
9       8       3       0.325776
9       8       4       0.325383
9       8       5       0.305467
9       8       6       0.341205
9       8       7       0.324364
9       9       0       0.268145
9       9       1       0.204423
9       9       2       0.127584
9       9       3       0.156516
9       9       4       0.203326
9       9       5       0.235622
9       9       6       0.254874
9       9       7       0.20714
9       10      0       0.191517
9       10      1       0.204071
9       10      2       0.223982
9       10      3       0.234288
9       10      4       0.223277
9       10      5       0.22563
9       10      6       0.227911
9       10      7       0.15481
9       11      0       0.118505
9       11      1       0.105907
9       11      2       0.080126
9       11      3       0.101127
9       11      4       0.14295
9       11      5       0.206187
9       11      6       0.253842
9       11      7       0.100506
9       12      0       0.089857
9       12      1       0.120286
9       12      2       0.124173
9       12      3       0.143766
9       12      4       0.180142
9       12      5       0.252526
9       12      6       0.325658
9       12      7       0.271214
9       13      0       0.11982
9       13      1       0.116686
9       13      2       0.104889
9       13      3       0.134229
9       13      4       0.202324
9       13      5       0.23864
9       13      6       0.348815
9       13      7       0.356816
9       14      0       0.214098
9       14      1       0.151616
9       14      2       0.0996
9       14      3       0.110456
9       14      4       0.24688
9       14      5       0.255052
9       14      6       0.300826
9       14      7       0.295999
9       15      0       0.202284
9       15      1       0.159968
9       15      2       0.14483
9       15      3       0.157648
9       15      4       0.22667
9       15      5       0.222013
9       15      6       0.262019
9       15      7       0.217399
9       16      0       0.218002
9       16      1       0.233205
9       16      2       0.280579
9       16      3       0.261773
9       16      4       0.277658
9       16      5       0.296584
9       16      6       0.342387
9       16      7       0.313063
9       17      0       0.316581
9       17      1       0.307244
9       17      2       0.283189
9       17      3       0.25927
9       17      4       0.259219
9       17      5       0.298345
9       17      6       0.352148
9       17      7       0.326648
9       18      0       0.318134
9       18      1       0.319296
9       18      2       0.319192
9       18      3       0.309265
9       18      4       0.273662
9       18      5       0.282504
9       18      6       0.379822
9       18      7       0.397217
9       19      0       0.358144
9       19      1       0.347321
9       19      2       0.342059
9       19      3       0.373866
9       19      4       0.348059
9       19      5       0.366443
9       19      6       0.56011
9       19      7       0.488258
9       20      0       0.399465
9       20      1       0.376055
9       20      2       0.36417
9       20      3       0.379195
9       20      4       0.364468
9       20      5       0.382942
9       20      6       0.493467
9       20      7       0.482257
9       21      0       0.38188
9       21      1       0.350143
9       21      2       0.347867
9       21      3       0.352431
9       21      4       0.32319
9       21      5       0.343957
9       21      6       0.44087
9       21      7       0.482594
9       22      0       0.512485
9       22      1       0.521182
9       22      2       0.53797
9       22      3       0.515266
9       22      4       0.45668
9       22      5       0.443991
9       22      6       0.504638
9       22      7       0.451332
9       23      0       0.463299
9       23      1       0.510142
9       23      2       0.498553
9       23      3       0.476273
9       23      4       0.420708
9       23      5       0.408654
9       23      6       0.571201
9       23      7       0.546359
9       24      0       0.476409
9       24      1       0.480284
9       24      2       0.464134
9       24      3       0.466149
9       24      4       0.460176
9       24      5       0.453565
9       24      6       0.539093
9       24      7       0.527142
9       25      0       0.478315
9       25      1       0.427833
9       25      2       0.333336
9       25      3       0.324307
9       25      4       0.287488
9       25      5       0.270671
9       25      6       0.291854
9       25      7       0.114452
9       26      0       0.085773
9       26      1       0.085047
9       26      2       0.087321
9       26      3       0.059576
9       26      4       0.161629
9       26      5       0.200749
9       26      6       0.299733
9       26      7       0.243121
9       27      0       0.149926
9       27      1       0.106833
9       27      2       0.106783
9       27      3       0.128122
9       27      4       0.157682
9       27      5       0.162622
9       27      6       0.197031
9       27      7       0.223175
9       28      0       0.16725
9       28      1       0.091208
9       28      2       0.095717
9       28      3       0.108582
9       28      4       0.180503
9       28      5       0.217671
9       28      6       0.248775
9       28      7       0.20545
9       29      0       0.134394
9       29      1       0.128586
9       29      2       0.142485
9       29      3       0.150713
9       29      4       0.187099
9       29      5       0.229408
9       29      6       0.351734
9       29      7       0.340106
9       30      0       0.210229
9       30      1       0.152822
9       30      2       0.094826
9       30      3       0.080501
9       30      4       0.190669
9       30      5       0.201848
9       30      6       0.26924
9       30      7       0.272634
9       31      0       0.250256
9       31      1       0.260192
9       31      2       0.25976
9       31      3       0.242335
9       31      4       0.341422
9       31      5       0.370947
9       31      6       0.43481
9       31      7       0.420441
