####################################################################################################
# Month: 10Oct                                                                                     #
# Station: GLT                                                                                     #
# Columns are: year    day     segment         RH (percent)                                        #
####################################################################################################
9       1       0       0.971973
9       1       1       0.981528
9       1       2       0.986776
9       1       3       0.982084
9       1       4       0.979803
9       1       5       0.973395
9       1       6       0.964507
9       1       7       0.967784
9       2       0       0.963179
9       2       1       0.961534
9       2       2       0.945623
9       2       3       0.943791
9       2       4       0.966881
9       2       5       0.971832
9       2       6       0.974528
9       2       7       0.984256
9       3       0       0.984564
9       3       1       0.966182
9       3       2       0.957556
9       3       3       0.927849
9       3       4       0.862344
9       3       5       0.879789
9       3       6       0.900015
9       3       7       0.897
9       4       0       0.933565
9       4       1       0.918744
9       4       2       0.854353
9       4       3       0.819682
9       4       4       0.773204
9       4       5       0.729084
9       4       6       0.729273
9       4       7       0.746484
9       5       0       0.779631
9       5       1       0.813613
9       5       2       0.860504
9       5       3       0.878673
9       5       4       0.904704
9       5       5       0.922507
9       5       6       0.953193
9       5       7       0.935626
9       6       0       0.926323
9       6       1       0.917077
9       6       2       0.928591
9       6       3       0.923282
9       6       4       1.058017
9       6       5       0.877389
9       6       6       0.87507
9       6       7       0.911819
9       7       0       0.902207
9       7       1       0.965468
9       7       2       0.915644
9       7       3       0.8883
9       7       4       0.904863
9       7       5       0.872188
9       7       6       0.79976
9       7       7       0.831399
9       8       0       0.920862
9       8       1       0.94502
9       8       2       0.932825
9       8       3       0.901879
9       8       4       0.831682
9       8       5       0.720858
9       8       6       0.586498
9       8       7       0.465302
9       9       0       0.384135
9       9       1       0.311147
9       9       2       0.298439
9       9       3       0.287737
9       9       4       0.280521
9       9       5       0.299295
9       9       6       0.270847
9       9       7       0.222286
9       10      0       0.22578
9       10      1       0.217352
9       10      2       0.238742
9       10      3       0.306592
9       10      4       0.432609
9       10      5       0.629462
9       10      6       0.720796
9       10      7       0.689805
9       11      0       0.65358
9       11      1       0.637777
9       11      2       0.671985
9       11      3       0.752162
9       11      4       0.83916
9       11      5       0.861969
9       11      6       0.830437
9       11      7       0.785303
9       12      0       0.819085
9       12      1       0.796272
9       12      2       0.760564
9       12      3       0.694258
9       12      4       0.57522
9       12      5       0.48098
9       12      6       0.439135
9       12      7       0.421583
9       13      0       0.391696
9       13      1       0.36232
9       13      2       0.37558
9       13      3       0.314052
9       13      4       0.349574
9       13      5       0.391691
9       13      6       0.443967
9       13      7       0.505886
9       14      0       0.619555
9       14      1       0.846496
9       14      2       0.944844
9       14      3       0.933245
9       14      4       0.917442
9       14      5       0.920831
9       14      6       0.917258
9       14      7       0.885789
9       15      0       0.828533
9       15      1       0.814069
9       15      2       0.867465
9       15      3       0.916367
9       15      4       0.954157
9       15      5       0.965013
9       15      6       0.961985
9       15      7       0.952241
9       16      0       0.962395
9       16      1       0.956858
9       16      2       0.961512
9       16      3       0.848114
9       16      4       0.646584
9       16      5       0.554765
9       16      6       0.535316
9       16      7       0.642793
9       17      0       0.726562
9       17      1       0.795452
9       17      2       0.807866
9       17      3       0.853983
9       17      4       0.795115
9       17      5       0.976236
9       17      6       1.045872
9       17      7       1.074709
9       18      0       0.91103
9       18      1       0.938674
9       18      2       0.928461
9       18      3       0.935556
9       18      4       0.925591
9       18      5       0.936477
9       18      6       0.946113
9       18      7       0.899847
9       19      0       0.788686
9       19      1       0.777155
9       19      2       0.759097
9       19      3       0.655548
9       19      4       0.55041
9       19      5       0.541939
9       19      6       0.579919
9       19      7       0.613947
9       20      0       -0.018315
9       20      1       0.736711
9       20      2       0.814932
9       20      3       0.861446
9       20      4       0.887759
9       20      5       0.929527
9       20      6       0.970867
9       20      7       0.969647
9       21      0       0.961867
9       21      1       0.976406
9       21      2       0.968158
9       21      3       0.974837
9       21      4       0.982762
9       21      5       0.983598
9       21      6       0.976872
9       21      7       0.97995
9       22      0       0.976643
9       22      1       0.968067
9       22      2       0.985091
9       22      3       0.986048
9       22      4       0.984074
9       22      5       0.952081
9       22      6       0.934163
9       22      7       0.83469
9       23      0       0.572205
9       23      1       0.465921
9       23      2       0.473229
9       23      3       0.494715
9       23      4       0.717836
9       23      5       0.82737
9       23      6       0.804978
9       23      7       0.685637
