####################################################################################################
# Month: 04Apr                                                                                     #
# Station: PAR                                                                                     #
# Columns are: year    day     RH (percent)                                                        #
####################################################################################################
9       1       0.22175175
9       2       0.26366075
9       3       0.22206038
9       4       0.22718063
9       5       0.16861538
9       6       0.15389675
9       7       0.122279
9       8       0.15608412
9       9       0.20002362
9       10      0.2339685
9       11      0.22809575
9       12      0.29811275
9       13      0.31536288
9       14      0.32994125
9       15      0.29123025
9       16      0.15418988
9       17      0.08634
9       18      0.08165325
9       19      0.13840962
9       20      0.2039385
9       21      0.204855
9       22      0.23055438
9       23      0.30546562
9       24      0.29963613
9       25      0.25372912
9       26      0.20645713
9       27      0.14226712
9       28      0.17141725
9       29      0.23470612
9       30      0.17816712
