####################################################################################################
# Month: 01Jan                                                                                     #
# Station: HAN                                                                                     #
# Frequency: 230 GHz                                                                               #
# Columns are: year    day     tau     Tb (K)                                                      #
####################################################################################################
2009    1       0.04139977      14.51863625
2009    2       0.10168368      28.82851
2009    3       0.13092622      35.2506875
2009    4       0.09318636      26.6335525
2009    5       0.04554755      15.58976125
2009    6       0.04927138      16.4801775
2009    7       0.06955791      21.19203375
2009    8       0.06489976      20.08461875
2009    9       0.06413268      19.9091475
2009    10      0.08327148      24.35137
2009    11      0.04193232      14.7295475
2009    12      0.04578732      15.6708125
2009    13      0.05931792      18.9120075
2009    14      0.08931103      25.9175375
2009    15      0.11052852      30.79031625
2009    16      0.14241666      37.85345125
2009    17      0.15844025      41.0210375
2009    18      0.1590954       41.16799125
2009    19      0.07048756      21.51566125
2009    20      0.03631026      13.38148763
2009    21      0.10911358      30.48922125
2009    22      0.18896196      47.6747925
2009    23      0.14273262      37.99834625
2009    24      0.18919502      47.84575625
2009    25      0.16626638      42.98641125
2009    26      0.12742637      34.5109775
2009    27      0.091539        26.26630625
2009    28      0.0376985       13.74443
2009    29      0.0585718       18.70516875
2009    30      0.0594189       19.02821375
2009    31      0.03512291      13.0726575
2010    1       0.03146874      12.28611875
2010    2       0.03727889      13.83917375
2010    3       0.110163        30.54911625
2010    4       0.0642641       20.14269625
2010    5       0.03843051      14.03935125
2010    6       0.04454557      15.5237025
2010    7       0.03757515      13.780225
2010    8       0.03818904      13.89921625
2010    9       0.04073015      14.4946025
2010    10      0.04029726      14.42144375
2010    11      0.03557879      13.26493
2010    12      0.04443863      15.3259275
2010    13      0.08831873      25.35604125
2010    14      0.05754577      18.53549625
2010    15      0.0594997       19.11528625
2010    16      0.06815719      21.2097175
2010    17      0.0778304       23.1308625
2010    18      0.05300063      17.28284
2010    19      0.06630882      20.46245625
2010    20      0.08938577      25.85168875
2010    21      0.07520641      22.57520375
2010    22      0.09100752      26.0748825
2010    23      0.0690008       21.1550025
2010    24      0.09470662      26.9379075
2010    25      0.06893351      21.08629125
2010    26      0.05915097      18.80900875
2010    27      0.08169315      24.12084875
2010    28      0.06680173      20.68989875
2010    29      0.08211291      23.98433
2010    30      0.05019898      16.60692875
2010    31      0.06384552      19.85960875
2011    1       0.03150409      12.15901925
2011    2       0.02488783      10.56350163
2011    3       0.03881774      13.97052675
2011    4       0.0520572       17.2271425
2011    5       0.03217338      12.31281412
2011    6       0.07367776      22.17607875
2011    7       0.09476975      27.00347625
2011    8       0.07716031      22.87587375
2011    9       0.04264568      14.81797125
2011    10      0.03539523      13.076266
2011    11      0.07293646      22.1028625
2011    12      0.03914855      14.10625125
2011    13      0.04549328      15.5658425
2011    14      0.09307777      26.3627825
2011    15      0.09423252      26.6523825
2011    16      0.0420273       14.65212
2011    17      0.09720854      27.55453
2011    18      0.06030449      19.01695625
2011    19      0.0358027       13.16741625
2011    20      0.09918352      28.05753875
2011    21      0.06087186      19.148865
2011    22      0.0377587       13.6807125
2011    23      0.03100561      12.01346825
2011    24      0.03366623      12.66644488
2011    25      0.0402731       14.228715
2011    26      0.04045922      14.2360175
2011    27      0.04306803      14.97921375
2011    28      0.07610641      22.67619125
2011    29      0.10599649      29.4677475
2011    30      0.0919612       26.1017175
2011    31      0.05419848      17.6654075
2012    1       0.05085319      17.05281375
2012    2       0.05273943      17.42592125
2012    3       0.06029663      19.0470425
2012    4       0.09485268      26.81388875
2012    5       0.08792199      25.42343625
2012    6       0.0912135       26.05376375
2012    7       0.09689262      27.34062125
2012    8       0.06960761      21.1604375
2012    9       0.0596683       18.77038625
2012    10      0.03952031      14.10719625
2012    11      0.05241053      17.1384125
2012    12      0.04018718      14.10808
2012    13      0.04806166      16.13429
2012    14      0.083124        24.41291875
2012    15      0.14888551      38.971705
2012    16      0.0941425       26.96214125
2012    17      0.04994968      16.68830375
2012    18      0.05492038      17.7277675
2012    19      0.05295392      17.2688975
2012    20      0.04682467      15.72699375
2012    21      0.04218329      14.67716875
2012    22      0.07261432      21.88035875
2012    23      0.03563074      13.25492362
2012    24      0.02517573      10.62704662
2012    25      0.07300283      22.0294575
2012    26      0.05333722      17.36591213
2012    27      0.04958435      16.38228
2012    28      0.04628001      15.65344
2012    29      0.02929422      11.6334325
2012    30      0.02846406      11.39144288
2012    31      0.04566012      15.53093875
2013    1       0.08883368      25.56752625
2013    2       0.0361915       13.40599712
2013    3       0.05103027      16.912685
2013    4       0.06535629      20.21296375
2013    5       0.04777409      16.0110025
2013    6       0.04773345      16.056635
2013    7       0.03840527      13.85354625
2013    8       0.04945429      16.51510375
2013    9       0.06665719      20.64734625
2013    10      0.0300583       11.914715
2013    11      0.05962173      19.03305988
2013    12      0.13566272      36.39663
2013    13      0.07756398      23.2532825
2013    14      0.05807426      18.62156125
2013    15      0.07080082      21.513095
2013    16      0.08637433      25.10347375
2013    17      0.14707467      38.60465
2013    18      0.12402298      33.3680225
2013    19      0.05762849      18.36257875
2013    20      0.04398337      15.094895
2013    21      0.04723338      15.84948912
2013    22      0.05495497      17.811605
2013    23      0.07077902      21.37166375
2013    24      0.04347535      15.0650225
2013    25      0.03724996      13.60610125
2013    26      0.02993048      11.79655875
2013    27      0.05875819      18.6932925
2013    28      0.08262624      24.0391475
2013    29      0.04081645      14.421855
2013    30      0.08296592      24.375155
2013    31      0.1173388       32.2788325
2014    1       0.05860361      18.68045125
2014    2       0.04576623      15.7491775
2014    3       0.04625378      15.9935
2014    4       0.06456234      20.10559875
2014    5       0.06236712      19.47876125
2014    6       0.04439818      15.2244025
2014    7       0.06872912      20.867845
2014    8       0.11297364      30.97894
2014    9       0.07664536      22.85753
2014    10      0.07652744      22.67191875
2014    11      0.04961579      16.411505
2014    12      0.09331074      26.624015
2014    13      0.13982404      37.11515875
2014    14      0.10106278      28.55632
2014    15      0.0747997       22.4971575
2014    16      0.05915741      18.85252875
2014    17      0.10080846      28.21229125
2014    18      0.10622759      29.54379875
2014    19      0.03605045      13.38235625
2014    20      0.04533582      15.668505
2014    21      0.08976033      25.92647625
2014    22      0.11984117      32.67911125
2014    23      0.08941486      25.61610875
2014    24      0.0574755       18.43362125
2014    25      0.06716327      20.722045
2014    26      0.06838828      21.0921075
2014    27      0.04173686      14.66338962
2014    28      0.04600433      15.70093625
2014    29      0.06285106      19.73281125
2014    30      0.04694307      16.02824125
2014    31      0.05978061      19.10856125
2015    1       0.04315403      15.1593025
2015    2       0.11182819      31.01160625
2015    3       0.12822109      34.573615
2015    4       0.05986069      18.92960375
2015    5       0.1035293       29.0978075
2015    6       0.0792162       23.50286875
2015    7       0.04429317      15.15304312
2015    8       0.02556408      10.69016562
2015    9       0.04703169      16.195425
2015    10      0.04726241      16.13171625
2015    11      0.06318426      20.0227625
2015    12      0.07177402      22.03983375
2015    13      0.09360087      26.89370875
2015    14      0.11700692      31.8869225
2015    15      0.06632457      20.47562375
2015    16      0.0446778       15.344955
2015    17      0.0463102       15.80002625
2015    18      0.04661621      15.93415375
2015    19      0.0434623       15.2127075
2015    20      0.05848188      18.79136625
2015    21      0.10146439      28.4866225
2015    22      0.12607286      33.98127
2015    23      0.06979622      21.33177
2015    24      0.07330416      22.0482875
2015    25      0.06692795      20.6840775
2015    26      0.06312467      19.7154275
2015    27      0.07086336      21.52069875
2015    28      0.06053459      19.01696875
2015    29      0.06395557      19.73959
2015    30      0.05151021      16.89922375
2015    31      0.0796669       23.56490875
2016    1       0.06478925      20.24851875
2016    5       0.07101418      21.66591
2016    6       0.0842244       24.66889
2016    7       0.09897578      27.9813675
2016    8       0.0741551       22.21073375
2016    9       0.05190357      17.225765
2016    10      0.05577535      18.41937875
2016    11      0.05636218      18.39787875
2016    12      0.06681812      20.7613375
2016    13      0.04933707      16.547375
2016    14      0.07796702      23.09155125
2016    15      0.06397537      19.97763
2016    16      0.03619289      13.4881225
2016    17      0.05176049      17.19278625
2016    18      0.05706727      18.294805
2016    19      0.0552959       17.77105875
2016    20      0.02764362      11.21233525
2016    21      0.03345338      12.75420875
2016    22      0.03525738      13.222015
2016    23      0.03390164      12.88519825
2016    24      0.03694901      13.59501375
2016    25      0.0525838       17.28984625
2016    26      0.09932868      28.04865625
2016    27      0.0735611       22.265695
2016    28      0.08151181      24.11435625
2016    29      0.13780637      36.66012
2016    30      0.09744591      27.81321375
2016    31      0.07255217      21.98549625
2017    1       0.08503381      24.82492625
2017    2       0.0753862       22.68841375
2017    3       0.09912119      28.15940875
2017    4       0.12494027      33.74403
2017    5       0.07825757      23.30882375
2017    6       0.10013496      28.16851625
2017    7       0.09918036      27.82278125
2017    8       0.05462701      17.68176875
2017    9       0.04533957      15.41172375
2017    10      0.05639037      17.9820775
2017    11      0.04190544      14.62655
2017    12      0.04091074      14.39441
2017    13      0.04935425      16.3200775
2017    14      0.0705122       21.23433125
2017    15      0.1018624       28.46612125
2017    16      0.07529951      22.41776375
2017    17      0.08655353      24.9507175
2017    18      0.07221535      21.67126
2017    19      0.06123043      19.23634625
2017    20      0.06011624      19.08880625
2017    21      0.12310405      33.39134625
2017    22      0.09828         27.86111
2017    23      0.06843663      21.186055
2017    24      0.13883425      37.140145
2017    25      0.15681729      40.85557
2017    26      0.14195915      37.48624875
2017    27      0.12119036      32.504715
2017    28      0.10035793      28.407745
2017    29      0.15341248      40.12510625
2017    30      0.10418036      29.3451825
2017    31      0.0873309       25.31968
2018    1       0.06657246      20.44102125
2018    2       0.0483333       16.22014375
2018    3       0.07175764      21.83404375
2018    4       0.07838592      23.36325125
2018    5       0.06365686      19.81454
2018    6       0.04040544      14.4094925
2018    7       0.04323807      15.10636875
2018    8       0.03905577      14.225705
2018    9       0.03724659      13.8278975
2018    10      0.04346407      15.3381525
2018    11      0.07547646      22.7616175
2018    12      0.05736383      18.615155
2018    13      0.04331403      15.2657275
2018    14      0.04856049      16.48838375
2018    15      0.03688609      13.6108
2018    16      0.03732848      13.71618625
2018    17      0.05563104      18.03464
2018    18      0.06712219      20.82707875
2018    19      0.04332884      15.283595
2018    20      0.02888621      11.7269325
2018    21      0.03095502      12.30597125
2018    22      0.03617519      13.5523425
2018    23      0.09470592      26.93514
2018    24      0.05126186      17.0524625
2018    25      0.05964487      18.97418875
2018    26      0.04996396      16.67312
2018    27      0.05654146      18.25430875
2018    28      0.06261085      19.839365
2018    29      0.08422246      24.97822375
2018    30      0.07819765      23.58938625
2018    31      0.11370884      31.51508125
2019    1       0.07650258      22.8123325
