####################################################################################################
# Month: 08Aug                                                                                     #
# Station: GARS                                                                                    #
# Frequency: 345 GHz                                                                               #
# Columns are: year    day     tau     Tb (K)                                                      #
####################################################################################################
2009    1       2.37243888      237.5494875
2009    2       2.3377          235.717425
2009    3       1.57181144      202.5746
2009    4       0.43059351      86.93369375
2009    5       0.33226093      76.87099375
2009    6       1.79507505      204.2703125
2009    7       2.93479125      248.8329
2009    8       2.76658388      245.5414
2009    9       2.14023338      229.2785125
2009    10      1.37684612      192.0178875
2009    11      0.67927512      123.243955
2009    12      0.38305224      82.6571125
2009    13      0.71125128      130.66315
2009    14      0.57422978      113.3564
2009    15      0.58367071      115.601925
2009    16      0.85605935      148.009425
2009    17      0.80030536      141.1259
2009    18      0.54128798      108.9562075
2009    19      0.93700251      152.4581375
2009    20      2.487506        240.820125
2009    21      2.10020788      230.010375
2009    22      2.5059495       242.574425
2009    23      2.06228388      229.6068625
2009    24      2.64170112      243.3660125
2009    25      3.20105738      252.88295
2009    26      2.63390925      244.057175
2009    27      2.64406837      242.84445
2009    28      1.65841088      210.5364875
2009    29      1.75245375      213.4661625
2009    30      1.7447565       213.0045625
2009    31      1.12606141      171.46265
2010    1       1.03205999      164.9075375
2010    2       1.84487288      218.46415
2010    3       3.61512575      259.26785
2010    4       2.47033338      236.6107125
2010    5       2.64008812      243.0113375
2010    6       3.09460325      253.0167
2010    7       1.94014775      222.029975
2010    8       3.042026        250.679025
2010    9       2.58202012      240.7662875
2010    10      0.90083778      152.6033125
2010    11      0.99121188      160.1055625
2010    12      0.61769015      119.2666
2010    13      1.95623172      216.271375
2010    14      1.25578042      184.222375
2010    15      3.199069        248.4445625
2010    16      0.7458251       134.1850125
2010    17      0.47160694      99.2035575
2010    18      0.57918885      117.2844925
2010    19      0.54266419      106.8741425
2010    20      2.0526025       223.0120125
2010    21      2.92394638      248.848925
2010    22      2.6864455       244.0231125
2010    23      2.66396312      244.9259875
2010    24      2.61919825      241.2742625
2010    25      2.91140475      248.4999
2010    26      3.148453        253.766
2010    27      1.87701838      214.3062125
2010    28      0.9666815       159.628225
2010    29      1.36095941      187.76325
2010    30      3.1149715       250.6899625
2010    31      1.73827832      195.7306125
2011    1       0.51189139      104.4000625
2011    2       0.4955103       100.70082625
2011    3       0.48839732      100.6236075
2011    4       0.40845119      87.27640125
2011    5       0.51466902      104.12216375
2011    6       1.57448195      206.1596125
2011    7       1.354256        194.268025
2011    8       1.77854788      218.0438375
2011    9       1.97592588      229.8418
2011    10      2.62876037      243.721875
2011    11      1.22523839      178.2368125
2011    12      0.49833161      102.24683
2011    13      0.5365384       109.79500875
2011    14      0.62630188      122.7939
2011    15      0.54696576      109.45725
2011    16      0.92855091      153.6058
2011    17      2.4024725       234.0538375
2011    18      1.67409484      198.3504875
2011    19      1.04658196      165.6911125
2011    20      1.49755988      195.310675
2011    21      2.97547812      253.18025
2011    22      3.54151288      259.2441125
2011    23      3.26239038      254.883325
2011    24      1.70097888      212.6445625
2011    25      1.00319795      163.2995125
2011    26      1.26880202      184.186675
2011    27      2.3869315       238.4311625
2011    28      1.80521575      218.6737625
2011    29      1.53647075      205.354175
2011    30      1.76603662      216.69685
2011    31      2.03530975      227.7243625
2012    1       0.79564014      136.8799625
2012    2       1.20114021      158.69546625
2012    3       2.34172412      234.614625
2012    4       1.35863958      183.1066625
2012    5       1.24016025      183.8667875
2012    6       1.03029575      163.40265
2012    7       1.9875985       222.0567125
2012    8       1.10448345      170.4503875
2012    9       1.42484688      193.1278375
2012    10      2.02977238      221.003
2012    11      3.03898838      250.3512625
2012    12      2.92215538      250.073575
2012    13      2.20680875      229.820425
2012    14      1.77572575      212.772775
2012    15      1.335944        187.74075
2012    16      2.50757288      234.7828
2012    17      3.72025275      260.6046875
2012    18      4.26510812      265.266375
2012    19      3.26926788      251.3913
2012    20      2.08792725      226.1083
2012    21      3.05621475      250.118775
2012    22      2.22206138      229.0397375
2012    23      1.00249356      159.194525
2012    24      0.50781429      102.87338125
2012    25      1.51767518      199.8391625
2012    26      3.6132385       257.5316125
2012    27      3.1025415       253.151
2012    28      3.47893975      258.8461
2012    29      3.40823212      257.5545875
2012    30      3.11998225      253.2360625
2012    31      3.39683962      256.831075
2013    1       0.65024955      118.6566025
2013    2       0.4934621       100.22402875
2013    3       0.90492474      158.0109125
2013    4       1.05506948      167.3824125
2013    5       1.38732368      186.6363
2013    6       2.02004711      211.7705125
2013    7       3.28318712      254.5305625
2013    8       1.92031238      211.2353625
2013    9       1.52548738      199.2400375
2013    10      3.53497575      256.32185
2013    11      2.89785163      247.7114625
2013    12      1.33582788      187.9905
2013    13      1.23650585      178.1737
2013    14      0.9876829       159.7891
2013    15      1.736139        208.9965125
2013    16      1.68864738      209.772975
2013    17      1.25360238      183.620475
2013    18      1.24329562      181.11775
2013    19      1.11541138      171.9517125
2013    20      1.130222        173.0214375
2013    21      0.95928684      154.6269
2013    22      0.76430679      134.3167
2013    23      1.13086839      177.8057375
2013    24      1.04463609      173.6023625
2013    25      1.37629562      195.8023875
2013    26      2.99987312      250.0714875
2013    27      2.72019675      240.6741875
2013    28      0.93482401      156.0846625
2013    29      0.7259436       132.4634
2013    30      0.75471299      133.98215
2013    31      0.80181029      137.90945
2014    1       2.10590862      226.7063
2014    2       2.1205365       230.7874875
2014    3       1.55393         200.825675
2014    4       0.56437378      114.5676275
2014    5       0.76617865      130.04299625
2014    6       2.08933938      228.30845
2014    7       2.87402125      247.363025
2014    8       3.25410875      254.273375
2014    9       3.14889363      252.826225
2014    10      1.11748267      166.4187125
2014    11      0.73476989      134.111975
2014    12      1.65137906      202.771425
2014    13      1.88417525      217.0448125
2014    14      1.380263        190.29075
2014    15      2.78053962      240.9016875
2014    16      2.6490175       239.8916625
2014    17      1.69495188      200.4553375
2014    18      1.10683134      170.153875
2014    19      1.35071145      186.7465625
2014    20      1.03665681      162.809675
2014    21      0.44431939      93.185245
2014    22      1.40148839      183.2947375
2014    23      1.39594425      195.1070125
2014    24      1.670672        211.588075
2014    25      2.76775812      247.46855
2014    26      1.56998708      188.4112125
2014    27      0.70004504      132.4326
2014    28      0.68803758      127.8846625
2014    29      0.8431481       147.2757125
2014    30      0.85341055      152.8349375
2014    31      0.85103175      146.3511375
2015    1       1.86931025      215.0296125
2015    2       2.04003462      225.7871
2015    3       1.79016831      205.6232125
2015    4       2.78601375      245.7446875
2015    5       2.80978775      249.0943875
2015    6       3.2251865       253.75035
2015    7       2.527262        241.7551875
2015    8       1.958382        223.7041
2015    9       2.181714        230.2428875
2015    10      1.33535338      190.0398125
2015    11      2.16708563      221.7301875
2015    12      0.9836918       158.9566125
2015    13      3.07190362      250.72495
2015    14      2.25700209      217.4983
2015    15      1.97996388      215.610225
2015    16      0.66972238      123.69869375
2015    17      0.68176174      123.87257
2015    18      0.46127514      94.13748625
2015    19      0.98718162      144.3607625
2015    20      0.91391874      142.511825
2015    21      0.41368412      86.313805
2015    22      0.6578568       125.4725125
2015    23      0.83734908      144.2037875
2015    24      0.90501352      156.68645
2015    25      1.29218819      187.388825
2015    26      1.57923675      208.8353625
2015    27      2.97619162      246.6268625
2015    28      1.4897425       192.8341375
2015    29      0.82907735      141.4538
2015    30      1.79289425      214.7554125
2015    31      1.55970738      199.8425125
2016    1       2.10179462      229.05475
2016    2       0.9705953       159.7848375
2016    3       2.740912        237.8527375
2016    4       1.90155689      215.3374
2016    5       2.1695629       216.958725
2016    6       3.90528112      261.8504625
2016    7       3.38368012      254.7855375
2016    8       2.0692595       223.8736875
2016    9       1.72341312      208.81805
2016    10      0.69429121      127.48505
2016    11      0.82484382      142.175025
2016    12      0.72126256      131.1717625
2016    13      0.7193606       130.5571675
2016    14      1.10516626      171.1278625
2016    15      1.01710797      163.3519875
2016    16      1.03595669      164.8765625
2016    17      0.97390234      159.960875
2016    18      1.16648325      177.645925
2016    19      0.99712492      158.9071125
2016    20      0.66567026      121.513725
2016    21      0.72477358      132.2234125
2016    22      0.8980974       152.4203375
2016    23      0.85073155      147.092
2016    24      0.93554698      157.380575
2016    25      1.07660276      170.631875
2016    26      1.41923112      191.3584125
2016    27      1.15836826      180.1212625
2016    28      3.214596        253.693525
2016    29      4.10565637      263.4580125
2016    30      2.7841532       234.0208375
2016    31      0.8019497       142.070825
2017    1       2.12000888      227.1294625
2017    2       1.36992317      188.2680625
2017    3       2.37741172      223.9633
2017    4       1.918439        221.34515
2017    5       1.00861001      159.170925
2017    6       0.61421624      117.0596625
2017    7       1.85782038      219.988125
2017    8       1.8412375       221.1306
2017    9       2.93431         249.702
2017    10      4.13994438      262.695975
2017    11      1.97823238      226.0678375
2017    12      2.72457112      247.6652625
2017    13      3.50674925      256.986175
2017    14      2.99118612      251.4357375
2017    15      2.11154475      229.3867625
2017    16      1.2924805       188.3579625
2017    17      1.1551257       175.3987625
2017    18      1.52819762      200.965075
2017    19      1.56755512      203.5673375
2017    20      1.213364        180.62125
2017    21      1.56020325      203.6007625
2017    22      1.13203475      173.1020375
2017    23      1.25660356      182.815225
2017    24      1.11750748      168.2883375
2017    25      1.2733244       184.8198625
2017    26      1.355407        188.0830125
2017    27      1.36661712      177.3680375
2017    28      1.20728352      177.1914625
2017    29      0.79161904      139.0089625
2017    30      1.88813912      217.4213375
2017    31      3.33261875      254.6002
2018    1       0.83907572      143.214875
2018    2       0.84718552      146.1461
2018    3       3.03760762      238.0169375
2018    4       2.17032688      218.4679875
2018    5       0.86807962      147.28295
2018    6       0.92532624      152.745875
2018    7       0.7206024       131.8542125
2018    8       0.94058364      156.1909375
2018    9       3.71426138      256.85695
2018    10      3.557476        252.79225
2018    11      1.92499725      223.7195375
2018    12      2.1423325       231.554475
2018    13      2.618001        244.2870625
2018    14      2.87674088      247.1593625
2018    15      2.94019238      248.9095375
2018    16      3.997454        263.2553875
2018    17      3.0447855       252.36005
2018    18      2.0712815       227.961425
2018    19      2.04213275      222.3321875
2018    20      1.04016686      167.6440375
2018    21      1.11049301      172.5671625
2018    22      0.92218826      153.024425
2018    23      2.29211138      226.561375
2018    24      2.49150162      238.68135
2018    25      2.89983688      243.2534375
2018    26      1.33510475      189.202225
2018    27      3.01872075      249.82825
2018    28      2.98116975      250.4714375
2018    29      1.2137493       180.85635
2018    30      1.0853032       171.0139125
2018    31      2.3205912       224.08235
