####################################################################################################
# Month: 10Oct                                                                                     #
# Station: BMAC                                                                                    #
# Frequency: 230 GHz                                                                               #
# Columns are: year    day     tau     Tb (K)                                                      #
####################################################################################################
2009    1       0.43493265      93.79519125
2009    2       0.26193709      64.1886325
2009    3       0.41094208      88.61576
2009    4       0.75176782      142.7691875
2009    5       0.7427546       137.8877025
2009    6       0.30865006      73.8516025
2009    7       0.20679518      53.36450625
2009    8       0.09180076      27.6008175
2009    9       0.16568458      44.88993625
2009    10      0.34197804      77.91291625
2009    11      0.7093949       136.89793
2009    12      0.61661543      117.39286125
2009    13      0.10295171      30.48969375
2009    14      0.14627902      40.22445625
2009    15      0.41610309      90.64484375
2009    16      0.64600831      128.4944375
2009    17      0.38450652      85.66289625
2009    18      0.08843261      26.8777475
2009    19      0.12963885      36.1720825
2009    20      0.19240999      50.8757425
2009    21      0.21273909      55.64581375
2009    22      0.27074734      67.3003825
2009    23      0.26969741      67.40208125
2009    24      0.51813489      110.0003675
2009    25      0.82941702      151.043575
2009    26      0.57211309      116.7838175
2009    27      0.51674262      110.72926375
2009    28      0.68131544      134.13097875
2009    29      0.21716196      55.1756775
2009    30      0.11580955      33.20976
2009    31      0.41717737      88.63180125
2010    1       0.44749351      100.09508625
2010    2       0.46151334      101.92231875
2010    3       0.30833238      74.42423625
2010    4       0.33402007      78.80588875
2010    5       0.57498629      118.89206875
2010    6       0.57923565      118.70320875
2010    7       0.45254738      100.962075
2010    8       0.38765002      87.22821875
2010    9       0.27631474      67.3568375
2010    10      0.25008256      63.03417625
2010    11      0.32964789      78.62070375
2010    12      0.24024         59.93312125
2010    13      0.6027237       119.668595
2010    14      0.19573173      49.00306875
2010    15      0.25068634      60.9088325
2010    16      0.18651592      47.60086375
2010    17      0.11170682      31.78930125
2010    18      0.25607572      63.44631375
2010    19      0.20749196      51.59237875
2010    20      0.07996608      25.03567875
2010    21      0.35436794      80.33469125
2010    22      0.6092122       123.3049375
2010    23      0.6418744       127.05377875
2010    24      0.53475269      111.290315
2010    25      0.3027678       69.746135
2010    26      0.10924515      31.5503825
2010    27      0.32218868      75.2042475
2010    28      0.26437125      63.5945475
2010    29      0.16932384      45.78545
2010    30      0.29469101      70.45189125
2010    31      0.17219029      46.58421375
2011    1       0.35581624      78.98571375
2011    2       0.7592548       143.180955
2011    3       0.3766009       84.9340225
2011    4       0.25553881      60.700515
2011    5       0.10552703      29.35377875
2011    6       0.09410032      28.0110525
2011    7       0.13158901      36.7378125
2011    8       0.21077691      54.7991875
2011    9       0.23433656      59.50800375
2011    10      0.24363921      61.69606375
2011    11      0.27694899      68.7355125
2011    12      0.31788856      76.37377125
2011    13      0.37588242      86.72051125
2011    14      0.5015501       108.247845
2011    15      0.15754939      41.55279
2011    16      0.13376688      36.82496375
2011    17      0.18658725      48.44276875
2011    18      0.25492564      63.593985
2011    19      0.17747704      47.1256125
2011    20      0.13672153      37.88691875
2011    21      0.34376342      78.177845
2011    22      0.39499372      89.1641425
2011    23      0.21101113      55.86438375
2011    24      0.1886471       50.8989275
2011    25      0.29126966      69.9897925
2011    26      0.20915988      53.949425
2011    27      0.16412916      43.4146625
2011    28      0.41298014      93.42083375
2011    29      0.45829312      101.40519125
2011    30      0.308437        74.7276975
2011    31      0.19083858      50.26660375
2012    1       0.07309719      23.24475875
2012    2       0.12594678      35.7347475
2012    3       0.21658172      56.465015
2012    4       0.38615931      87.70697375
2012    5       0.28979268      71.35562375
2012    6       0.45868579      100.3121125
2012    7       0.42704946      96.3561725
2012    8       0.43755095      96.0162675
2012    9       0.49769448      106.00753375
2012    10      0.15090043      40.6411475
2012    11      0.16890394      44.9390025
2012    12      0.09001397      27.3318675
2012    13      0.09712519      29.35765625
2012    14      0.28945834      68.6221525
2012    15      0.60460138      120.799035
2012    16      0.55788376      116.515375
2012    17      0.63019942      126.083355
2012    18      0.28133682      69.23550125
2012    19      0.40069501      87.7553825
2012    20      0.35760148      83.2827775
2012    21      0.191593        50.98670625
2012    22      0.16841522      45.34858125
2012    23      0.15600257      42.36145125
2012    24      0.35589935      81.40871125
2012    25      0.43092381      95.66658125
2012    26      0.47540782      102.9844675
2012    27      0.27574814      68.0111625
2012    28      0.37477608      86.63644125
2012    29      0.51911182      108.91761875
2012    30      0.50586642      105.736475
2012    31      0.15112282      41.02215
2013    1       0.1263245       35.51526
2013    2       0.14149899      39.488945
2013    3       0.089591        27.59719625
2013    4       0.12915056      37.347045
2013    5       0.19307238      51.5937925
2013    6       0.26794613      66.3535975
2013    7       0.1508335       40.64640625
2013    8       0.22727266      57.62348125
2013    9       0.14204545      39.97531375
2013    10      0.2486928       60.7532425
2013    11      0.41627614      93.68214625
2013    12      0.20267615      52.01603125
2013    13      0.13059075      36.07734125
2013    14      0.07108613      22.46928125
2013    15      0.18519614      48.16430375
2013    16      0.21604216      55.12035625
2013    17      0.22900221      58.1224725
2013    18      0.24762769      61.18724
2013    19      0.2381428       57.93354875
2013    20      0.62480272      124.2428425
2013    21      0.4103119       90.41267125
2013    22      0.17342196      45.8741375
2013    23      0.20258369      52.0628675
2013    24      0.35484832      80.86399875
2013    25      0.5870222       119.37113625
2013    26      0.41564564      92.67858875
2013    27      0.54815405      114.4920575
2013    28      0.4822689       104.19161
2013    29      0.41962064      94.74372
2013    30      0.36225645      85.3649425
2013    31      0.20592529      53.3817125
2014    1       0.13123804      36.96287875
2014    2       0.25842286      61.9200975
2014    3       0.06917274      22.02686375
2014    4       0.09432135      28.335805
2014    5       0.13908064      39.2762725
2014    6       0.15306042      42.22906625
2014    7       0.31796876      76.2671775
2014    8       0.31807414      76.28594375
2014    9       0.30404156      72.25245375
2014    10      0.17261558      45.64907375
2014    11      0.4529974       97.27358875
2014    12      0.21180804      54.87738875
2014    13      0.11882849      34.18812625
2014    14      0.21857471      54.37778375
2014    15      0.29960189      71.1372775
2014    16      0.38212362      86.66242375
2014    17      0.09444255      28.09883625
2014    18      0.04544931      16.330885
2014    19      0.10609397      31.3689125
2014    20      0.24935032      62.48041125
2014    21      0.32874135      78.82422875
2014    22      0.27421559      69.08332875
2014    23      0.25812226      65.164035
2014    24      0.33098634      79.452805
2014    25      0.60924614      123.8025225
2014    26      0.56580694      117.75214125
2014    27      0.49058342      107.3546525
2014    28      0.68339966      134.86515
2014    29      0.58731155      122.05534625
2014    30      0.2460805       62.5579475
2014    31      0.31173314      74.50203125
2015    1       0.32122902      76.3515175
2015    2       0.18700686      48.79758125
2015    3       0.17561064      46.7637775
2015    4       0.27779037      67.391435
2015    5       0.27921155      69.295405
2015    6       0.11602616      33.757675
2015    7       0.1817527       48.884745
2015    8       0.47253421      104.25559625
2015    9       0.60803225      124.3539875
2015    10      0.35006517      81.16482125
2015    11      0.0636146       21.05083
2015    12      0.37656715      85.5227775
2015    13      0.45847341      101.8314825
2015    14      0.52386687      109.77202
2015    15      0.24938296      62.192465
2015    16      0.17753123      47.049485
2015    17      0.14058537      39.16157375
2015    18      0.32000875      75.2186625
2015    19      0.55543581      116.016405
2015    20      0.46230324      100.99484
2015    21      0.412526        94.01075375
2015    22      0.30287176      74.0759825
2015    23      0.41001925      93.25092375
2015    24      0.62948794      126.8813975
2015    25      0.67233756      133.2521
2015    26      0.42851262      95.5759075
2015    27      0.08893234      27.47728125
2015    28      0.07150001      23.22364875
2015    29      0.04786677      17.16362875
2015    30      0.14756888      40.0902625
2015    31      0.39297165      90.78342625
2016    1       0.18692731      48.23922
2016    2       0.0564861       18.86146
2016    3       0.03339726      12.964325
2016    4       0.03312405      12.90589625
2016    5       0.0820084       24.86576875
2016    6       0.15363855      42.08404375
2016    7       0.21520661      54.99134
2016    8       0.4642976       99.98947125
2016    9       0.1475652       39.90653625
2016    10      0.17450229      44.3380375
2016    11      0.20839221      53.99101125
2016    12      0.13417768      37.71095375
2016    13      0.12095183      34.410475
2016    14      0.16053901      43.697325
2016    15      0.30872976      72.591415
2016    16      0.51259076      108.13321625
2016    17      0.10395411      30.70105
2016    18      0.315201        69.73387
2016    19      0.41016791      92.6597475
2016    20      0.65127815      128.9271375
2016    21      0.24393921      61.94689375
2016    22      0.22090986      56.81584
2016    23      0.25365761      64.03814125
2016    24      0.21017749      54.72878375
2016    25      0.25408551      63.83723625
2016    26      0.22851159      59.40773
2016    27      0.24052804      61.8203275
2016    28      0.31819832      77.3751525
2016    29      0.49944112      106.76917625
2016    30      0.20839068      54.11660625
2016    31      0.26292634      66.02774125
2017    1       0.47256906      100.30678625
2017    2       0.50143474      106.437135
2017    3       0.38455892      87.25746625
2017    4       0.7556973       142.36451375
2017    5       0.35050638      77.59576875
2017    6       0.17150046      45.665655
2017    7       0.2813893       67.427355
2017    8       0.43456909      93.88430875
2017    9       0.60186674      122.4641
2017    10      0.32979947      73.800995
2017    11      0.09690133      28.85328
2017    12      0.1150748       33.1320675
2017    13      0.08571545      25.9922175
2017    14      0.22305716      56.40441375
2017    15      0.10534237      30.58238
2017    16      0.19748249      50.52506875
2017    17      0.0853625       25.8248825
2017    18      0.14837892      41.59404625
2017    19      0.21950028      57.16525875
2017    20      0.1375284       38.89578125
2017    21      0.10640473      31.48361875
2017    22      0.24264402      59.20331
2017    23      0.54504222      114.41035625
2017    24      0.31291865      76.69403125
2017    25      0.19195842      51.313495
2017    26      0.27334611      66.93627
2017    27      0.04288226      15.45275625
2017    28      0.09414232      27.941795
2017    29      0.25697584      63.00633375
2017    30      0.41217188      94.2654475
2017    31      0.54430896      115.7230125
2018    1       0.36599932      83.49532375
2018    2       0.53063139      112.2427225
2018    3       0.15199514      40.182385
2018    4       0.17520324      46.5390075
2018    5       0.16258631      44.0291575
2018    6       0.16925522      45.54036875
2018    7       0.28040496      69.18366
2018    8       0.28773488      70.89721875
2018    9       0.38285578      88.55992375
2018    10      0.43087489      97.11892375
2018    11      0.37724362      88.00977875
2018    12      0.58436248      118.16594375
2018    13      0.32682521      75.19844375
2018    14      0.36895784      81.718385
2018    15      0.19319085      50.44606875
2018    16      0.45101604      96.18442875
2018    17      0.48281414      101.2561725
2018    18      0.24013141      58.8853325
2018    19      0.4135201       93.25971375
2018    20      0.08216302      23.8117875
2018    21      0.05593105      18.78502875
2018    22      0.07642914      24.09834
2018    23      0.11143445      32.50305125
2018    24      0.1613835       44.39083875
2018    25      0.23840465      60.5190525
2018    26      0.27475558      69.01541625
2018    27      0.3278236       79.46843125
2018    28      0.39961262      92.93271
2018    29      0.36537801      85.30326
2018    30      0.39880591      92.121785
2018    31      0.22609639      57.2618425
