####################################################################################################
# Month: 07Jul                                                                                     #
# Station: OVRO                                                                                    #
# Frequency: 345 GHz                                                                               #
# Columns are: year    day     tau     Tb (K)                                                      #
####################################################################################################
2009    1       4.158747        279.757025
2009    2       4.20757962      280.3194875
2009    3       1.9282025       233.2321625
2009    4       1.92639212      239.8313
2009    5       1.46693425      217.7530625
2009    6       0.8954165       166.591725
2009    7       0.96342296      175.8151125
2009    8       0.75483734      150.3825875
2009    9       0.794653        155.341025
2009    10      0.81207775      155.185725
2009    11      3.23071975      269.8355375
2009    12      2.4352335       258.260275
2009    13      2.23920838      252.24065
2009    14      1.98103512      238.396575
2009    15      1.639922        230.3542625
2009    16      1.68974462      233.20885
2009    17      2.35471375      258.2869875
2009    18      3.84467488      282.7409625
2009    19      4.259544        284.4907625
2009    20      4.423721        284.0632625
2009    21      3.807089        279.6961
2009    22      3.12260638      273.63355
2009    23      5.076452        285.3959625
2009    24      4.516391        282.949575
2009    25      4.54764238      283.5633625
2009    26      4.25858425      283.760925
2009    27      4.48608612      285.01485
2009    28      4.36124512      283.786625
2009    29      4.12479275      281.4259
2009    30      3.85626613      277.1087875
2009    31      3.57963162      278.3715375
2010    1       1.27132842      198.0313875
2010    2       1.05289581      181.81875
2010    3       1.88856212      235.85505
2010    4       1.5171045       218.356775
2010    5       1.396           213.1528375
2010    6       2.43563263      258.7466625
2010    7       2.47173825      258.1634375
2010    8       1.65701875      226.092675
2010    9       2.240194        244.0101375
2010    10      3.69782188      273.3813375
2010    11      4.30225625      280.72275
2010    12      4.31555062      282.0137625
2010    13      4.271376        281.6564375
2010    14      3.72010638      277.605575
2010    15      2.46302438      261.8165625
2010    16      4.39791338      282.919175
2010    17      4.8919885       284.2560125
2010    18      3.77897112      281.787525
2010    19      2.89519462      266.644475
2010    20      2.478779        261.2943625
2010    21      2.37833025      257.1464375
2010    22      1.41496012      216.539225
2010    23      1.89792925      242.1518875
2010    24      2.636366        266.1231375
2010    25      3.81000638      280.5707875
2010    26      4.98832538      283.9772375
2010    27      2.33759788      254.0353125
2010    28      2.69367188      264.5936
2010    29      3.49837112      275.7142625
2010    30      3.11031238      271.5427
2010    31      1.93367625      241.7419125
2011    1       2.370214        258.1298
2011    2       2.26690712      254.6958125
2011    3       2.01140412      246.2414875
2011    4       4.28329388      282.0514625
2011    5       5.4940625       282.9493375
2011    6       6.02649575      283.294275
2011    7       5.99874562      283.196575
2011    8       4.26485675      280.29055
2011    9       2.92297238      267.3019625
2011    10      1.68267212      226.7646625
2011    11      1.51103162      219.9392
2011    12      1.91994788      241.434975
2011    13      2.08083488      246.6578625
2011    14      2.62660738      260.430625
2011    15      2.29621125      250.8908375
2011    16      1.77770475      231.3133375
2011    17      1.31164796      201.9429125
2011    18      0.91530878      163.10905
2011    19      1.03062888      182.69
2011    20      1.3032428       205.5143875
2011    21      1.83614212      240.240775
2011    22      1.95064875      245.1540125
2011    23      2.11064888      249.4054625
2011    24      1.77803462      236.4296
2011    25      1.61714712      226.9911625
2011    26      1.52490475      223.0661
2011    27      2.3150535       256.43325
2011    28      2.75639312      265.7514625
2011    29      4.6003175       282.8004
2011    30      5.99068575      286.2865625
2011    31      7.26581775      286.2828
2012    1       1.94830838      241.7091
2012    2       2.60001275      263.2117125
2012    3       2.22814712      252.7314875
2012    4       1.736301        232.151575
2012    5       2.47738112      258.03135
2012    6       2.1066965       245.936475
2012    7       2.117521        249.3646
2012    8       1.781316        237.5806625
2012    9       1.94558712      239.995525
2012    10      2.66009975      267.225725
2012    11      3.05673288      273.76715
2012    12      3.83405575      281.304825
2012    13      4.68503825      282.8182625
2012    14      3.18144175      268.932
2012    15      2.03646588      241.17835
2012    16      1.59554162      223.6531375
2012    17      1.35817638      208.2893375
2012    18      1.55461988      222.120075
2012    19      3.53139738      271.19685
2012    20      2.804415        263.985675
2012    21      3.14956388      272.18555
2012    22      4.1111515       281.7105
2012    23      5.551605        284.7904875
2012    24      2.51321309      243.25385
2012    25      1.01389874      182.483775
2012    26      1.188789        197.6321375
2012    27      1.69783825      230.216275
2012    28      0.92849141      171.926075
2012    29      0.92108329      172.1344
2012    30      0.96985725      178.402025
2012    31      2.26189725      252.146975
2013    1       3.56249837      280.518375
2013    2       5.58121225      289.059475
2013    3       5.37550262      288.53965
2013    4       5.08164325      285.94405
2013    5       4.59835562      284.2277625
2013    6       2.18559113      247.776525
2013    7       2.14506138      250.580275
2013    8       1.84512         238.6753625
2013    9       1.81167188      240.3616125
2013    10      2.16954112      246.0987375
2013    11      4.61190775      280.4930125
2013    12      2.48453488      254.2428
2013    13      1.70705275      231.126575
2013    14      2.05698438      246.557025
2013    15      3.60192575      276.742175
2013    16      2.21764012      239.142425
2013    17      0.96634772      176.5643875
2013    18      0.94062429      174.349975
2013    19      2.2137495       242.5791
2013    20      3.6103375       280.08775
2013    21      4.87034188      285.58795
2013    22      5.842182        285.74715
2013    23      5.831973        283.6958375
2013    24      5.2853265       282.8325875
2013    25      5.93320925      286.0870375
2013    26      6.146565        287.1826625
2013    27      5.93850025      284.4803875
2013    28      4.36934462      280.59065
2013    29      3.51196925      273.85725
2013    30      2.4470735       253.6645375
2013    31      2.61194512      255.7874875
2014    1       2.70120362      267.756825
2014    2       1.48517325      215.6605625
2014    3       1.6940825       232.155475
2014    4       1.57305712      223.3114625
2014    5       1.86227625      238.9439375
2014    6       4.7389485       282.3194375
2014    7       5.52468662      284.409225
2014    8       5.57722625      284.1935375
2014    9       3.63208         272.7926875
2014    10      3.84852425      278.4173875
2014    11      3.99042462      278.7270875
2014    12      2.52028088      261.6093
2014    13      2.51191662      260.0197125
2014    14      4.20832112      281.5264125
2014    15      7.02124588      286.3662375
2014    16      6.27994112      285.9299625
2014    17      4.79947862      284.5524125
2014    18      3.29782675      274.7621
2014    19      4.00986438      281.03515
2014    20      5.12488087      282.263925
2014    21      4.18116275      277.89975
2014    22      3.28699362      272.2613125
2014    23      1.75648638      228.57445
2014    24      1.43227088      216.702825
2014    25      1.61162912      228.6283
2014    26      2.29822538      253.317325
2014    27      4.30270975      281.966375
2014    28      5.85066962      284.72005
2014    29      5.90492375      283.6040625
2014    30      6.215755        284.009325
2014    31      4.88905388      282.85905
2015    1       6.28642925      288.058525
2015    2       6.42400888      286.334775
2015    3       5.57110138      283.9507
2015    4       3.91164262      279.30295
2015    5       4.31550362      280.1557875
2015    6       3.88529563      278.2611625
2015    7       4.55847738      279.509575
2015    8       2.95123125      265.34165
2015    9       3.73810788      272.3380875
2015    10      3.698887        270.0037625
2015    11      4.07354862      274.13125
2015    12      3.17158038      266.589075
2015    13      2.939429        265.2979
2015    14      3.02359125      269.4641375
2015    15      2.44931475      258.9144625
2015    16      2.38308212      256.744075
2015    17      2.33707575      255.4004875
2015    18      1.90149763      238.8626625
2015    19      3.74539025      272.9462625
2015    20      5.1397645       280.08555
2015    21      4.73820675      279.3147625
2015    22      5.24974288      280.7491375
2015    23      3.81219188      275.5062375
2015    24      2.893905        262.7471625
2015    25      2.04279312      245.7084
2015    26      1.59624038      227.1657625
2015    27      1.11421654      188.9334125
2015    28      1.55215662      222.3305625
2015    29      1.72731375      233.661775
2015    30      3.1044545       271.2113125
2015    31      5.61085212      285.004925
2016    1       4.03803788      279.1928375
2016    2       3.35696212      273.880375
2016    3       2.93875938      267.4587625
2016    4       2.0997075       247.8852
2016    5       1.53412238      219.5018875
2016    6       1.38774938      212.7954125
2016    7       1.81205962      237.36465
2016    8       2.29396213      255.6102
2016    9       2.50495162      259.2374625
2016    10      1.7451515       222.6753375
2016    11      1.04694536      184.815425
2016    12      1.23187618      200.2086375
2016    13      1.37793675      213.141325
2016    14      1.70859388      234.686925
2016    15      1.73878812      234.899025
2016    16      1.62145712      227.025325
2016    17      1.30796662      206.2180125
2016    18      1.19799075      197.597775
2016    19      1.05209624      183.4400125
2016    20      1.29642738      206.55345
2016    21      1.53653662      221.7133375
2016    22      1.95642562      244.812575
2016    23      1.55214275      224.33185
2016    24      1.3123805       208.6482375
2016    25      1.44356612      218.5910375
2016    26      1.70281825      234.30455
2016    27      2.69775662      268.87055
2016    28      3.790575        283.26645
2016    29      4.468968        284.8773125
2016    30      3.67873188      280.8416375
2016    31      3.9874615       281.257225
2017    1       1.71718675      238.087925
2017    2       1.59492075      230.559075
2017    3       1.6234685       232.74
2017    4       1.65607112      233.4546875
2017    5       1.6361365       229.3354375
2017    6       3.7331765       282.9976
2017    7       3.86985175      286.8393125
2017    8       3.65026838      284.7992625
2017    9       4.03052788      284.9005125
2017    10      5.56207788      291.010225
2017    11      3.97005025      283.3997125
2017    12      3.34792262      278.8376125
2017    13      4.0573075       285.8467625
2017    14      3.16877638      278.8700375
2017    15      2.85836275      275.3086875
2017    16      3.06102975      277.4601125
2017    17      3.50476625      280.2805125
2017    18      1.70586275      231.496225
2017    19      1.798387        235.9727875
2017    20      3.83228238      283.284375
2017    21      2.55107288      265.779
2017    22      2.43888925      262.393025
2017    23      3.34936025      280.185975
2017    24      4.168128        287.7548375
2017    25      6.06021925      290.852775
2017    26      6.219899        291.288425
2017    27      5.62165012      292.1442625
2017    28      2.97131975      270.9717875
2017    29      2.40303775      262.738275
2017    30      2.72085562      270.157075
2017    31      3.19065888      275.1500375
2018    1       1.96491225      247.043675
2018    2       2.624702        267.9175875
2018    3       3.1725165       276.3811625
2018    4       2.0194225       247.123925
2018    5       1.25900391      205.5461
2018    6       1.45856825      219.67335
2018    7       2.84416762      271.2743875
2018    8       4.60897188      290.8253125
2018    9       5.49381712      290.9285
2018    10      6.5718055       290.987
2018    11      6.5401085       292.0434375
2018    12      7.02495262      292.338125
2018    13      7.99451662      291.808025
2018    14      6.91776362      292.4545375
2018    15      6.74112662      294.1323
2018    16      6.25635138      295.0445625
2018    17      5.17752238      294.9332375
2018    18      5.26390137      294.840625
2018    19      5.64479588      294.449275
2018    20      6.43933212      294.5045375
2018    21      6.65045538      293.364375
2018    22      6.73234675      291.7378
2018    23      6.1590645       292.9713875
2018    24      5.06924175      293.0414625
2018    25      5.08643475      293.5769375
2018    26      5.07303062      293.021325
2018    27      4.20580237      289.178925
2018    28      3.77667338      286.3838375
2018    29      2.560592        268.2087625
2018    30      3.42621412      279.663975
2018    31      5.69521412      293.6222375
