####################################################################################################
# Month: 11Nov                                                                                     #
# Station: MOR                                                                                     #
# Frequency: 230 GHz                                                                               #
# Columns are: year    day     tau     Tb (K)                                                      #
####################################################################################################
2009    1       0.17771985      47.94638875
2009    2       0.20489079      53.96322125
2009    3       0.16373064      44.88022875
2009    4       0.18356642      48.50177
2009    5       0.2384268       60.40782
2009    6       0.15703532      42.70270375
2009    7       0.21357881      55.404
2009    8       0.17260097      46.7198025
2009    9       0.19679656      52.58403625
2009    10      0.26409895      66.82101375
2009    11      0.26620387      66.8071275
2009    12      0.21334615      55.80844125
2009    13      0.25452438      64.71605
2009    14      0.22343955      58.11251375
2009    15      0.11327625      33.05761875
2009    16      0.14879677      41.46938625
2009    17      0.14450854      39.475385
2009    18      0.31464631      74.53658875
2009    19      0.26154853      64.9842775
2009    20      0.17266645      45.90326375
2009    21      0.10954394      32.11925375
2009    22      0.14502424      40.07093
2009    23      0.27400236      67.28462
2009    24      0.23952569      60.685645
2009    25      0.15682911      42.99353125
2009    26      0.15122644      41.44648875
2009    27      0.17086199      46.13819625
2009    28      0.17894408      47.1886375
2009    29      0.1369613       38.19768
2009    30      0.25228304      63.4751525
2010    1       0.16292915      44.84075875
2010    2       0.16607634      45.76637375
2010    3       0.08211703      25.7898375
2010    4       0.12229296      35.37222375
2010    5       0.16166524      44.54122875
2010    6       0.11343017      33.0711775
2010    7       0.0958192       28.742285
2010    8       0.16038758      42.73015875
2010    9       0.20789261      54.40124625
2010    10      0.20436177      53.6241725
2010    11      0.13495698      37.77256625
2010    12      0.14976301      41.62377125
2010    13      0.17077956      46.26472875
2010    14      0.23416846      58.6307925
2010    15      0.18086872      47.3360775
2010    16      0.09166136      27.8720025
2010    17      0.21447966      50.6093875
2010    18      0.21468665      54.7884125
2010    19      0.29731859      70.61967
2010    20      0.49602376      107.26363625
2010    21      0.23384999      59.01755
2010    22      0.18063186      47.54249625
2010    23      0.24851213      62.2326625
2010    24      0.15931836      43.421625
2010    25      0.23893899      59.39510125
2010    26      0.37579908      85.53504
2010    27      0.61035334      122.5414475
2010    28      0.31864199      76.0349925
2010    29      0.58473205      119.60748875
2010    30      0.64121104      125.0428775
2011    1       0.28093609      69.17125875
2011    2       0.38261426      87.88079125
2011    3       0.44774875      96.79104375
2011    4       0.39364111      89.019935
2011    5       0.14756636      41.06177125
2011    6       0.13052562      36.51254
2011    7       0.15484031      42.304685
2011    8       0.2981481       71.08228375
2011    9       0.38990552      89.8602325
2011    10      0.2413145       61.393445
2011    11      0.29676781      70.9733575
2011    12      0.46129575      100.78168875
2011    13      0.35810005      82.5421975
2011    14      0.25769718      64.444765
2011    15      0.15144568      41.6019175
2011    16      0.3638931       83.39841125
2011    17      0.48849772      104.177835
2011    18      0.3310021       77.506425
2011    19      0.33236777      77.52327375
2011    20      0.50731495      106.9267425
2011    21      0.25680875      63.9275825
2011    22      0.08625355      26.178495
2011    23      0.15293057      40.17665875
2011    24      0.36029788      81.42074
2011    25      0.30687019      71.36253125
2011    26      0.17348099      46.02320125
2011    27      0.16524638      44.4877475
2011    28      0.09272729      27.854645
2011    29      0.09613722      28.7015975
2011    30      0.10237414      30.155075
2012    1       0.59221042      123.44955
2012    2       0.70247318      139.7267125
2012    3       0.75217686      145.693425
2012    4       0.70486359      138.623025
2012    5       0.60487942      125.005975
2012    6       0.73865528      142.0794
2012    7       0.54148152      114.955075
2012    8       0.6425612       129.1354125
2012    9       0.26574922      65.04730375
2012    10      0.21287264      54.58763
2012    11      0.15255394      41.768495
2012    12      0.09198141      27.88946125
2012    13      0.10694418      31.748115
2012    14      0.12857814      36.71325875
2012    15      0.1236052       35.26967375
2012    16      0.15998525      41.62187375
2012    17      0.42659314      93.283115
2012    18      0.26745198      62.4984325
2012    19      0.21789521      55.0950825
2012    20      0.15750991      43.11512375
2012    21      0.1782495       46.34509625
2012    22      0.35593195      82.68856
2012    23      0.23324725      59.00378125
2012    24      0.38938395      88.07845125
2012    25      0.30103646      72.44115875
2012    26      0.44336384      95.279645
2012    27      0.28220774      66.7752825
2012    28      0.10086614      30.14901625
2012    29      0.06923761      22.1976325
2012    30      0.14979524      39.75418875
2013    1       0.17287288      46.92180125
2013    2       0.17163951      46.49114875
2013    3       0.31092774      72.62032875
2013    4       0.41614121      94.26916125
2013    5       0.22648862      58.6700725
2013    6       0.21109795      55.8328175
2013    7       0.23465972      59.900625
2013    8       0.27211626      67.12611625
2013    9       0.20430231      53.71341375
2013    10      0.14246797      40.0115525
2013    11      0.12499164      35.801905
2013    12      0.22982426      58.90296125
2013    13      0.20061563      53.37558125
2013    14      0.16786068      45.48197875
2013    15      0.19778626      51.97803875
2013    16      0.10618174      30.96857875
2013    17      0.08569081      26.1559375
2013    18      0.08925843      26.81008125
2013    19      0.08849059      26.73757625
2013    20      0.08136449      25.07696
2013    21      0.13658382      36.71461375
2013    22      0.59955535      121.9187675
2013    23      0.24178309      59.49786125
2013    24      0.30712108      74.50135625
2013    25      0.05335587      18.19448125
2013    26      0.06103274      19.88156
2013    27      0.1819664       46.82541875
2013    28      0.27036839      66.4049825
2013    29      0.28694681      70.02894875
2013    30      0.29454275      71.31825875
2014    1       0.48252644      102.84137125
2014    2       0.56757055      117.07340625
2014    3       0.43268995      96.14367125
2014    4       0.40633445      88.64440125
2014    5       0.18419669      48.7674725
2014    6       0.16742842      45.60876625
2014    7       0.2633021       65.90412625
2014    8       0.25624368      64.06792125
2014    9       0.22138762      56.35207
2014    10      0.30433229      73.32415125
2014    11      0.32248495      77.13287875
2014    12      0.23535039      58.51451625
2014    13      0.27662047      68.12581375
2014    14      0.11144206      32.31394125
2014    15      0.42077726      93.086945
2014    16      0.4712979       102.448305
2014    17      0.45201472      98.9588575
2014    18      0.29943976      72.92209125
2014    19      0.24077461      61.35749125
2014    20      0.3458394       80.70122625
2014    21      0.49961964      107.38347125
2014    22      0.57181364      117.01062375
2014    23      0.71189398      137.2832625
2014    24      0.3413981       79.50436875
2014    25      0.13817937      38.5110525
2014    26      0.18337111      48.61597125
2014    27      0.41029438      89.7881225
2014    28      0.72602571      138.6756375
2014    29      0.59263404      117.8294825
2014    30      0.43016242      92.53948625
2015    1       0.25932843      62.98261875
2015    2       0.32750714      75.2883275
2015    3       0.0826125       25.5795725
2015    4       0.27856862      68.2569025
2015    5       0.34952181      83.11890375
2015    6       0.33618004      80.92841125
2015    7       0.29994142      74.36369125
2015    8       0.24759654      63.26337125
2015    9       0.19079266      51.12307375
2015    10      0.12899403      36.8611725
2015    11      0.14050887      39.5167825
2015    12      0.19300694      50.86665
2015    13      0.238286        60.51050375
2015    14      0.29367774      71.3629025
2015    15      0.31383736      75.05993625
2015    16      0.17924302      47.53373125
2015    17      0.2271164       58.0206825
2015    18      0.17851964      47.94427875
2015    19      0.09455926      28.29288
2015    20      0.09022712      27.4918925
2015    21      0.08028674      25.06227375
2015    22      0.08789752      26.71554
2015    23      0.08866938      26.678665
2015    24      0.09404357      27.80116375
2015    25      0.18308913      48.66945125
2015    26      0.13299101      37.63915625
2015    27      0.17183515      46.00619875
2015    28      0.15615144      42.834295
2015    29      0.12688178      35.91534125
2015    30      0.27219984      66.47875375
2016    1       0.63431652      127.1619175
2016    2       0.49228066      106.44921875
2016    3       0.51625774      110.10339125
2016    4       0.61786749      124.6066625
2016    5       0.46182132      101.7937925
2016    6       0.61921418      123.8318625
2016    7       0.59233788      116.2892875
2016    8       0.05538777      18.63814625
2016    9       0.07843094      24.77995875
2016    10      0.25105079      60.96933375
2016    11      0.1811822       48.4327375
2016    12      0.16675117      44.94360125
2016    13      0.23151042      58.62825125
2016    14      0.13338268      37.3536375
2016    15      0.16493529      44.5581825
2016    16      0.18620705      49.68477125
2016    17      0.08456941      26.04157
2016    18      0.12986809      36.60035375
2016    19      0.12548338      35.478065
2016    20      0.21713831      56.00380375
2016    21      0.19912178      52.52983625
2016    22      0.39479565      87.43094
2016    23      0.42336821      92.669305
2016    24      0.16125468      43.315025
2016    25      0.18648476      48.86917
2016    26      0.44989001      98.32871625
2016    27      0.32791985      76.3449425
2016    28      0.15625946      42.0262875
2016    29      0.20876065      52.68043875
2016    30      0.32044326      73.82630375
2017    1       0.11551172      33.58455125
2017    2       0.14636401      40.25404625
2017    3       0.32839354      77.56324
2017    4       0.26848624      66.6721025
2017    5       0.3240218       77.253865
2017    6       0.3928251       89.32555125
2017    7       0.31849194      75.524235
2017    8       0.34152132      79.4448375
2017    9       0.3239608       76.85069125
2017    10      0.06264645      20.59272625
2017    11      0.06425706      21.199305
2017    12      0.08257577      25.1714
2017    13      0.11739574      33.23492375
2017    14      0.06564848      21.512095
2017    15      0.0693618       22.18713125
2017    16      0.17114435      45.2122075
2017    17      0.15718685      42.75332125
2017    18      0.21609705      55.34554875
2017    19      0.23298696      58.699595
2017    20      0.23219928      58.4373025
2017    21      0.22694915      57.3274425
2017    22      0.21149925      54.04481375
2017    23      0.18764006      49.878835
2017    24      0.19583986      51.3869525
2017    25      0.30831802      73.15345125
2017    26      0.31264056      75.34719625
2017    27      0.33851875      80.23321125
2017    28      0.40754278      92.7472575
2017    29      0.45114104      100.03338
2017    30      0.61784726      120.530475
2018    1       0.22023922      56.82653875
2018    2       0.16689819      45.5818525
2018    3       0.18538266      49.341695
2018    4       0.13476833      38.18104125
2018    5       0.14824908      40.45420875
2018    6       0.12637709      36.35987375
2018    7       0.14108472      39.8813575
2018    8       0.14159458      39.89732125
2018    9       0.12467138      35.43502875
2018    10      0.18219051      49.27302625
2018    11      0.13518219      38.50293375
