####################################################################################################
# Month: 08Aug                                                                                     #
# Station: HAN                                                                                     #
# Columns are: year    day     RH (percent)                                                        #
####################################################################################################
9       1       0.33615612
9       2       0.295629
9       3       0.24067362
9       4       0.19060838
9       5       0.19531925
9       6       0.29272462
9       7       0.43575675
9       8       0.4601215
9       9       0.38448038
9       10      0.29845925
9       11      0.23939212
9       12      0.1459385
9       13      0.22428
9       14      0.22105088
9       15      0.24861888
9       16      0.39603588
9       17      0.53599825
9       18      0.56185488
9       19      0.52487775
9       20      0.34829088
9       21      0.34241612
9       22      0.32974288
9       23      0.30176938
9       24      0.33220125
9       25      0.33715888
9       26      0.3567195
9       27      0.30557575
9       28      0.28279462
9       29      0.41145537
9       30      0.615853
9       31      0.723128
