####################################################################################################
# Month: 03Mar                                                                                     #
# Station: LLA                                                                                     #
# Columns are: year    day     segment         windspeed (m/s)                                     #
####################################################################################################
2009    1       0       14.07009
2009    1       1       11.883851
2009    1       2       10.507006
2009    1       3       9.916094
2009    1       4       9.494437
2009    1       5       11.4876
2009    1       6       11.841012
2009    1       7       10.84
2009    2       0       9.815777
2009    2       1       7.389197
2009    2       2       6.10332
2009    2       3       6.528998
2009    2       4       5.705777
2009    2       5       6.510006
2009    2       6       5.554786
2009    2       7       4.445446
2009    3       0       1.857955
2009    3       1       3.719196
2009    3       2       6.290335
2009    3       3       7.079302
2009    3       4       5.006529
2009    3       5       4.515997
2009    3       6       5.151404
2009    3       7       4.919075
2009    4       0       5.039865
2009    4       1       4.820271
2009    4       2       2.068858
2009    4       3       2.138534
2009    4       4       1.967561
2009    4       5       2.255756
2009    4       6       5.270982
2009    4       7       6.69322
2009    5       0       6.931338
2009    5       1       4.665033
2009    5       2       3.335375
2009    5       3       2.72614
2009    5       4       2.46796
2009    5       5       4.61439
2009    5       6       6.486701
2009    5       7       7.404727
2009    6       0       5.872497
2009    6       1       4.915662
2009    6       2       4.373294
2009    6       3       4.042725
2009    6       4       2.123697
2009    6       5       1.268183
2009    6       6       4.678148
2009    6       7       5.933463
2009    7       0       5.972418
2009    7       1       4.869168
2009    7       2       4.465049
2009    7       3       3.624209
2009    7       4       1.616497
2009    7       5       1.755274
2009    7       6       3.943396
2009    7       7       3.897302
2009    8       0       3.724565
2009    8       1       3.517002
2009    8       2       2.320401
2009    8       3       2.906508
2009    8       4       3.319357
2009    8       5       1.203901
2009    8       6       4.914777
2009    8       7       6.575453
2009    9       0       8.401381
2009    9       1       8.261138
2009    9       2       3.461994
2009    9       3       5.742489
2009    9       4       8.201232
2009    9       5       7.331524
2009    9       6       10.074685
2009    9       7       10.148763
2009    10      0       12.060231
2009    10      1       11.80125
2009    10      2       12.594502
2009    10      3       12.184063
2009    10      4       10.869412
2009    10      5       12.219459
2009    10      6       13.730637
2009    10      7       12.649115
2009    11      0       9.865275
2009    11      1       7.451958
2009    11      2       6.067438
2009    11      3       4.52604
2009    11      4       3.301644
2009    11      5       3.956343
2009    11      6       6.958603
2009    11      7       8.479808
2009    12      0       7.468417
2009    12      1       7.345352
2009    12      2       7.912071
2009    12      3       8.522349
2009    12      4       7.122253
2009    12      5       4.687349
2009    12      6       4.617214
2009    12      7       4.284223
2009    13      0       5.007846
2009    13      1       6.943245
2009    13      2       8.300296
2009    13      3       8.348576
2009    13      4       7.053677
2009    13      5       6.240483
2009    13      6       6.464383
2009    13      7       8.61248
2009    14      0       10.751252
2009    14      1       11.621069
2009    14      2       11.194497
2009    14      3       12.109181
2009    14      4       11.028859
2009    14      5       8.049679
2009    14      6       6.01828
2009    14      7       7.098072
2009    15      0       9.418643
2009    15      1       11.994498
2009    15      2       13.122285
2009    15      3       10.02339
2009    15      4       8.007983
2009    15      5       4.886382
2009    15      6       4.473117
2009    15      7       8.991376
2009    16      0       10.584585
2009    16      1       11.9639
2009    16      2       13.306488
2009    16      3       15.370658
2009    16      4       14.579473
2009    16      5       11.768197
2009    16      6       9.503239
2009    16      7       8.369751
2009    17      0       4.642885
2009    17      1       0.349671
2009    17      2       0.861965
2009    17      3       0.562176
2009    17      4       3.660422
2009    17      5       7.180216
2009    17      6       7.135816
2009    17      7       5.636324
2009    18      0       5.239852
2009    18      1       4.590707
2009    18      2       5.953551
2009    18      3       8.746366
2009    18      4       8.601455
2009    18      5       8.003921
2009    18      6       7.071161
2009    18      7       5.166802
2009    19      0       3.699422
2009    19      1       2.385935
2009    19      2       2.03849
2009    19      3       1.737194
2009    19      4       2.39246
2009    19      5       3.09876
2009    19      6       4.713933
2009    19      7       4.525275
2009    20      0       4.554963
2009    20      1       5.962851
2009    20      2       5.144015
2009    20      3       4.158409
2009    20      4       2.723127
2009    20      5       2.007332
2009    20      6       3.596143
2009    20      7       5.068157
2009    21      0       5.466046
2009    21      1       5.319315
2009    21      2       5.119029
2009    21      3       4.582968
2009    21      4       3.403768
2009    21      5       2.856816
2009    21      6       5.2584
2009    21      7       7.857646
2009    22      0       7.974229
2009    22      1       7.346613
2009    22      2       6.943384
2009    22      3       5.853089
2009    22      4       3.60143
2009    22      5       2.420008
2009    22      6       4.260981
2009    22      7       4.695905
2009    23      0       5.41199
2009    23      1       5.103942
2009    23      2       6.3625
2009    23      3       2.666756
2009    23      4       3.457413
2009    23      5       7.766423
2009    23      6       9.683557
2009    23      7       10.00341
2009    24      0       7.6791
2009    24      1       6.912207
2009    24      2       5.643547
2009    24      3       6.632528
2009    24      4       5.228294
2009    24      5       5.807425
2009    24      6       7.064299
2009    24      7       5.839281
2009    25      0       7.552456
2009    25      1       7.434732
2009    25      2       9.390998
2009    25      3       11.918695
2009    25      4       11.454274
2009    25      5       10.405589
2009    25      6       10.382626
2009    25      7       9.535185
2009    26      0       9.572795
2009    26      1       9.525343
2009    26      2       10.280533
2009    26      3       9.438172
2009    26      4       8.771237
2009    26      5       10.279126
2009    26      6       11.153425
2009    26      7       11.038841
2009    27      0       9.89816
2009    27      1       9.439905
2009    27      2       9.824524
2009    27      3       9.446198
2009    27      4       8.00579
2009    27      5       7.720435
2009    27      6       9.06305
2009    27      7       10.029502
2009    28      0       9.212717
2009    28      1       8.129664
2009    28      2       7.486366
2009    28      3       7.478702
2009    28      4       4.537577
2009    28      5       2.553571
2009    28      6       5.417979
2009    28      7       8.041442
2009    29      0       7.791801
2009    29      1       6.898027
2009    29      2       6.075078
2009    29      3       5.507265
2009    29      4       5.764901
2009    29      5       5.700634
2009    29      6       4.839619
2009    29      7       5.959849
2009    30      0       6.831221
2009    30      1       6.865639
2009    30      2       6.834455
2009    30      3       6.12769
2009    30      4       3.964633
2009    30      5       1.644738
2009    30      6       3.137696
2009    30      7       4.666601
2009    31      0       5.716221
2009    31      1       6.427216
2009    31      2       7.478637
2009    31      3       7.866272
2009    31      4       6.523417
2009    31      5       4.654381
2009    31      6       4.782727
2009    31      7       6.373975
