####################################################################################################
# Month: 09Sep                                                                                     #
# Station: SAS                                                                                     #
# Columns are: year    day     windspeed (m/s)                                                     #
####################################################################################################
2009    1       3.46220237
2009    2       6.79926575
2009    3       14.70757612
2009    4       10.29909587
2009    5       10.1651215
2009    6       8.97137825
2009    7       6.300072
2009    8       5.99546762
2009    9       10.60254225
2009    10      10.958731
2009    11      6.93729262
2009    12      4.84479
2009    13      2.61888638
2009    14      1.762813
2009    15      1.0109205
2009    16      6.07928938
2009    17      4.32217612
2009    18      3.88178625
2009    19      3.126238
2009    20      4.54191862
2009    21      6.34733938
2009    22      10.54879638
2009    23      8.26933762
2009    24      5.51220675
2009    25      5.16326375
2009    26      4.35118275
2009    27      5.24396062
2009    28      3.8355585
2009    29      5.37101888
2009    30      6.73992912
