####################################################################################################
# Month: 09Sep                                                                                     #
# Station: SAS                                                                                     #
# Columns are: year    day     RH (percent)                                                        #
####################################################################################################
9       1       0.47852012
9       2       0.84633975
9       3       0.3281145
9       4       0.07869188
9       5       0.05099125
9       6       0.05041975
9       7       0.05506012
9       8       0.04472988
9       9       0.0417515
9       10      0.05986238
9       11      0.26139138
9       12      0.205227
9       13      0.2394865
9       14      0.21679925
9       15      0.32807325
9       16      0.69009862
9       17      0.74959662
9       18      0.36712325
9       19      0.24689088
9       20      0.2018025
9       21      0.10464525
9       22      0.11398875
9       23      0.118211
9       24      0.285596
9       25      0.25944638
9       26      0.518755
9       27      0.50064025
9       28      0.7212265
9       29      0.86989125
9       30      0.91094875
