####################################################################################################
# Month: 09Sep                                                                                     #
# Station: SAS                                                                                     #
# Frequency: 230 GHz                                                                               #
# Columns are: year    day     tau     Tb (K)                                                      #
####################################################################################################
2009    1       0.17476805      45.6556725
2009    2       0.29825806      70.69586625
2009    3       0.11128504      30.71515875
2009    4       0.02985272      11.98788375
2009    5       0.02532898      10.83929775
2009    6       0.02998708      12.107695
2009    7       0.02982376      12.0977175
2009    8       0.02549362      10.91025537
2009    9       0.02240532      10.08189362
2009    10      0.03181226      12.37455125
2009    11      0.15317192      40.44834625
2009    12      0.13989078      38.14841
2009    13      0.1175221       33.40298875
2009    14      0.11987016      33.7805475
2009    15      0.18280585      47.15320875
2009    16      0.30925599      72.343865
2009    17      0.29046624      69.56423125
2009    18      0.13985121      38.38778375
2009    19      0.08833305      26.70001125
2009    20      0.07418153      23.03905125
2009    21      0.08345846      24.69159125
2009    22      0.05685149      18.58854
2009    23      0.0467475       16.51647375
2009    24      0.09739054      28.9948125
2009    25      0.08650682      26.13772125
2009    26      0.21377922      54.53980625
2009    27      0.18831891      49.2231275
2009    28      0.32736974      75.86694125
2009    29      0.37048682      84.16551
2009    30      0.4004168       89.78097
2010    1       0.33452349      77.19920625
2010    2       0.32190802      75.65763625
2010    3       0.33115385      77.5632175
2010    4       0.13082044      36.54511375
2010    5       0.11326468      32.14184875
2010    6       0.1326902       36.7826625
2010    7       0.06722049      21.27641875
2010    8       0.16340023      43.83495875
2010    9       0.11012843      31.8665825
2010    10      0.12800757      35.81444
2010    11      0.15204115      40.7929425
2010    12      0.15581479      41.5984625
2010    13      0.05264208      17.17860688
2010    14      0.02253197      10.0660945
2010    15      0.04132073      15.14868125
2010    16      0.06237936      20.49280875
2010    17      0.05929234      19.64021125
2010    18      0.05535953      18.31303238
2010    19      0.07814626      23.97528375
2010    20      0.11235019      32.33721375
2010    21      0.081559        25.01327125
2010    22      0.08474538      25.81697625
2010    23      0.08384867      25.752515
2010    24      0.16694449      44.62866875
2010    25      0.07405558      23.31949375
2010    26      0.06534847      21.33900375
2010    27      0.05213599      17.99273375
2010    28      0.03577896      13.63631
2010    29      0.0366005       13.85728125
2010    30      0.03965983      14.5630175
2011    1       0.16378118      44.0235925
2011    2       0.0735821       23.01615375
2011    3       0.1223568       34.6510425
2011    4       0.08452131      25.77357
2011    5       0.09686252      28.68336
2011    6       0.09008537      27.08064875
2011    7       0.08875995      26.8298375
2011    8       0.05647312      18.8904425
2011    9       0.05417909      18.36417
2011    10      0.03498705      13.3233825
2011    11      0.16083837      42.54312875
2011    12      0.22285208      55.56133
2011    13      0.20040998      50.98323
2011    14      0.18927858      49.06155125
2011    15      0.09495812      28.23649625
2011    16      0.06270472      20.5054825
2011    17      0.04537111      15.96753688
2011    18      0.18491838      47.05214125
2011    19      0.16168752      42.80518375
2011    20      0.10844722      30.742685
2011    21      0.15083021      40.43033625
2011    22      0.19380991      49.74752
2011    23      0.27676732      65.95929375
2011    24      0.25331739      61.6408475
2011    25      0.19548998      50.15443375
2011    26      0.17340126      44.95982375
2011    27      0.34899095      80.8297825
2011    28      0.26841132      65.496815
2011    29      0.18692704      48.813365
2011    30      0.1349636       37.75584875
2012    1       0.11657852      32.72841625
2012    2       0.21988096      55.28284375
2012    3       0.23350154      58.01056625
2012    4       0.26986955      65.7116775
2012    5       0.1834166       47.86913625
2012    6       0.10904216      31.59552125
2012    7       0.09469764      28.14520625
2012    8       0.1326096       36.89367125
2012    9       0.16543841      43.481285
2012    10      0.12676758      35.3236825
2012    11      0.13114628      36.60471125
2012    12      0.10420983      30.59494875
2012    13      0.08626788      25.39804
2012    14      0.11931595      33.50379625
2012    15      0.1829962       47.330995
2012    16      0.13036366      35.9594075
2012    17      0.10727692      31.0245375
2012    18      0.09147881      27.31855625
2012    19      0.03045896      12.27094125
2012    20      0.0277345       11.47802138
2012    21      0.04131967      14.99231125
2012    22      0.13889331      38.55428375
2012    23      0.06298605      20.136955
2012    24      0.0617931       20.10611875
2012    25      0.16165548      42.54885625
2012    26      0.35665236      81.25679375
2012    27      0.40137276      89.15638
2012    28      0.11110139      31.46292875
2012    29      0.09140591      26.92093375
2012    30      0.14975127      40.04404
2013    1       0.0476772       16.6709575
2013    2       0.02887671      11.793505
2013    3       0.02540015      10.85472238
2013    4       0.09894223      28.30781
2013    5       0.13707363      37.0872875
2013    6       0.07368196      23.08022375
2013    7       0.04999916      17.2019625
2013    8       0.09935172      29.10175625
2013    9       0.20351228      51.7051875
2013    10      0.19722594      50.33892625
2013    11      0.11263866      32.4935575
2013    12      0.08566115      26.16100125
2013    13      0.18515044      48.38107875
2013    14      0.18127141      46.80879
2013    15      0.09408222      28.02080625
2013    16      0.03213252      12.6801025
2013    17      0.0254805       10.903355
2013    18      0.03826077      14.24385375
2013    19      0.17852291      46.892285
2013    20      0.19238549      50.03550875
2013    21      0.15297291      41.76920875
2013    22      0.04862132      17.0662125
2013    23      0.09860541      29.08358625
2013    24      0.08624724      26.05223875
2013    25      0.20340214      51.70467875
2013    26      0.33230659      77.6804425
2013    27      0.22267396      55.85686625
2013    28      0.04140085      15.10617988
2013    29      0.0494952       17.14768625
2013    30      0.14324369      39.18603875
2014    1       0.30226739      70.81169375
2014    2       0.12204183      33.35655625
2014    3       0.25203131      61.300625
2014    4       0.26480494      63.9578325
2014    5       0.2596196       62.4739775
2014    6       0.27126215      65.10985125
2014    7       0.30701711      72.285465
2014    8       0.23374109      57.80498875
2014    9       0.13015088      36.63183875
2014    10      0.11961367      34.29328375
2014    11      0.37687839      84.75893625
2014    12      0.37784452      85.32531875
2014    13      0.36799228      83.487715
2014    14      0.06420472      20.53770125
2014    15      0.10384082      29.93181
2014    16      0.2844154       68.52512625
2014    17      0.29900836      69.64053375
2014    18      0.39836375      88.83440125
2014    19      0.10320623      29.6076825
2014    20      0.04122742      14.83038125
2014    21      0.17077611      45.2815925
2014    22      0.22533776      56.41090625
2014    23      0.33484049      77.745845
2014    24      0.25468798      63.23927125
2014    25      0.16701417      44.95545625
2014    26      0.20671737      51.69458125
2014    27      0.34939212      80.52674375
2014    28      0.43339061      95.08737625
2014    29      0.41275366      91.25925375
2014    30      0.34514566      78.8808225
2015    1       0.09680056      27.90263375
2015    2       0.25864409      63.053065
2015    3       0.40918559      90.8584475
2015    4       0.31028081      72.78051875
2015    5       0.32855239      76.308735
2015    6       0.09681049      27.87533
2015    7       0.02402774      10.58303137
2015    8       0.01800107      8.90483025
2015    9       0.01846046      8.997657
2015    10      0.01604211      8.3184885
2015    11      0.03870241      14.35213362
2015    12      0.04751325      16.6849675
2015    13      0.03778893      14.12271
2015    14      0.05481725      18.3554475
2015    15      0.06521407      21.0680725
2015    16      0.07150431      22.5436625
2015    17      0.21262732      53.99054
2015    18      0.25193882      61.35403375
2015    19      0.32628956      75.48974875
2015    20      0.16720756      43.9990125
2015    21      0.12677634      34.79554125
2015    22      0.32542861      76.5232625
2015    23      0.20144302      51.8035625
2015    24      0.19232211      48.83440625
2015    25      0.26452991      64.404035
2015    26      0.22383882      56.21317
2015    27      0.0480739       16.2418045
2015    28      0.05917395      19.5626775
2015    29      0.0454263       16.0690325
2015    30      0.11154871      31.3616625
2016    1       0.10346216      29.348605
2016    2       0.21588252      53.21123875
2016    3       0.0567738       18.486737
2016    4       0.08508545      25.04019
2016    5       0.04245336      15.04433388
2016    6       0.03942156      14.3541215
2016    7       0.09678695      28.41967
2016    8       0.02771104      11.4726575
2016    9       0.02338545      10.326153
2016    10      0.06875013      21.8096725
2016    11      0.07266397      22.9019175
2016    12      0.05997136      19.79004
2016    13      0.05070691      17.3003
2016    14      0.11995654      33.49508125
2016    15      0.26004419      63.19950625
2016    16      0.16665675      44.27815125
2016    17      0.10334325      29.96801875
2016    18      0.18405461      47.52777
2016    19      0.23079654      57.11025625
2016    20      0.14516431      39.39330375
2016    21      0.23473289      58.36568125
2016    22      0.12541368      35.51716
2016    23      0.24779494      59.7278825
2016    24      0.23440801      58.57569625
2016    25      0.1000065       29.07268625
2016    26      0.20113129      51.37586625
2016    27      0.22382224      56.44237125
2016    28      0.29739254      71.349625
2016    29      0.26239249      64.28377875
2016    30      0.08457632      25.8064275
2017    1       0.11910315      33.93582875
2017    2       0.22892266      56.84192375
2017    3       0.35886111      81.89471
2017    4       0.29903627      70.73354375
2017    5       0.38365158      86.07610375
2017    6       0.27050099      64.86027375
2017    7       0.39111849      87.71814125
2017    8       0.24496141      60.2576325
2017    9       0.15314472      41.3143
2017    10      0.06863329      21.85625
2017    11      0.17929599      46.26641
2017    12      0.35253624      80.55715625
2017    13      0.37261852      84.47020125
2017    14      0.3252629       76.15793
2017    15      0.33720466      77.940505
2017    16      0.42024736      92.36829
2017    17      0.31117608      73.580295
2017    18      0.10553187      30.87958875
2017    19      0.13406997      36.995025
2017    20      0.18651059      49.04547625
2017    21      0.16072764      43.30529875
2017    22      0.20610924      52.6255425
2017    23      0.16970732      44.20559625
2017    24      0.13616829      36.8635375
2017    25      0.03168294      12.49993775
2017    26      0.12917092      36.08277125
2017    27      0.13953126      38.3563925
2017    28      0.10787498      30.43054
2017    29      0.04449729      15.94277
2017    30      0.04067329      14.9640425
2018    1       0.0944604       27.6240275
2018    2       0.01817607      8.889058
2018    3       0.03268097      12.78802638
2018    4       0.08815534      26.41452125
2018    5       0.07441148      23.12743375
2018    6       0.1162828       33.225385
2018    7       0.16528529      43.95152125
2018    8       0.22391682      56.26383125
2018    9       0.14016864      38.32027375
2018    10      0.1360277       37.5669625
2018    11      0.07214014      22.7787775
2018    12      0.04460727      15.96817
2018    13      0.0421786       15.29023375
2018    14      0.05253564      17.88891
2018    15      0.10611159      30.42327625
2018    16      0.08424754      25.18559125
2018    17      0.03003093      11.93586325
2018    18      0.02789006      11.48891338
2018    19      0.02541313      10.85456288
2018    20      0.0306812       12.30161788
2018    21      0.06075739      19.6703555
2018    22      0.17373601      45.45740875
2018    23      0.22703125      56.45686375
2018    24      0.23768815      58.41315875
2018    25      0.13054075      35.76971625
2018    26      0.0918661       26.8191975
2018    27      0.07133481      21.92626625
2018    28      0.2031221       51.272875
2018    29      0.06046915      19.77782125
2018    30      0.04152404      15.20493125
