####################################################################################################
# Month: 03Mar                                                                                     #
# Station: DomeA                                                                                   #
# Columns are: year    day     RH (percent)                                                        #
####################################################################################################
9       1       0.96443175
9       2       0.95355
9       3       0.9004285
9       4       0.79670163
9       5       0.85981663
9       6       0.94237238
9       7       0.98549
9       8       0.97033462
9       9       0.86781862
9       10      0.848259
9       11      0.82447088
9       12      0.931448
9       13      0.95145038
9       14      0.962066
9       15      0.85432438
9       16      0.88996575
9       17      0.90565612
9       18      0.94839038
9       19      0.9772175
9       20      0.96392162
9       21      0.88388438
9       22      0.82165862
9       23      0.822536
9       24      0.8596325
9       25      0.72542562
9       26      0.95548162
9       27      0.9346495
9       28      0.82731162
9       29      0.86774938
9       30      0.96201712
9       31      0.97590688
