####################################################################################################
# Month: 01Jan                                                                                     #
# Station: GAM                                                                                     #
# Frequency: 345 GHz                                                                               #
# Columns are: year    day     tau     Tb (K)                                                      #
####################################################################################################
2009    1       1.009114        177.2799375
2009    2       1.38555069      207.23375
2009    3       1.25454013      201.529575
2009    4       0.91522688      169.171775
2009    5       0.92806242      169.8933
2009    6       1.50492689      213.9415375
2009    7       2.227857        248.6390125
2009    8       2.688831        261.2091
2009    9       2.51866188      258.5148375
2009    10      1.90085787      239.4308375
2009    11      1.04538482      181.8767125
2009    12      0.93889564      173.7419125
2009    13      1.22636475      200.8093
2009    14      2.29296838      251.157225
2009    15      2.59480175      262.2988
2009    16      4.13072575      274.2964375
2009    17      4.16503712      276.986675
2009    18      3.96051838      276.92485
2009    19      4.03335962      277.4697
2009    20      3.96381138      277.968875
2009    21      4.22316338      278.644225
2009    22      4.27627613      277.982525
2009    23      3.30357388      266.271975
2009    24      2.26306813      247.082375
2009    25      3.757448        272.5630125
2009    26      4.02373625      275.2219875
2009    27      3.781218        272.91495
2009    28      3.14778162      269.4309875
2009    29      2.5169045       257.0880625
2009    30      2.2081805       249.828275
2009    31      2.49431825      258.11105
2010    1       5.82240225      281.9542375
2010    2       5.97692325      282.669675
2010    3       5.09943662      280.693125
2010    4       5.05679575      281.4615875
2010    5       4.96195062      281.5341375
2010    6       3.53868775      275.1144125
2010    7       3.73766         276.7987625
2010    8       3.7689635       275.467325
2010    9       4.59737338      279.4782375
2010    10      3.48778938      272.629725
2010    11      3.4694045       271.193875
2010    12      4.92637625      281.5447125
2010    13      4.37977162      279.62465
2010    14      5.12297887      280.9523375
2010    15      4.35557338      278.904825
2010    16      3.67583475      275.5101625
2010    17      4.26525875      278.9435125
2010    18      4.36986038      276.7543625
2010    19      4.62972025      279.0498375
2010    20      3.54701488      272.5172
2010    21      4.8264775       279.8603125
2010    22      4.61053775      279.7108375
2010    23      3.1252235       265.610875
2010    24      2.24372038      250.150625
2010    25      1.96737037      240.6855
2010    26      2.03411438      242.76935
2010    27      2.11779488      247.95055
2010    28      2.19909887      251.6788
2010    29      2.7091465       262.8198625
2010    30      2.50193562      259.2917375
2010    31      1.27383206      190.8784875
2011    1       4.024074        277.105175
2011    2       3.19233288      269.4285625
2011    3       4.54757187      277.6954
2011    4       4.5290465       278.697675
2011    5       4.68182312      278.073475
2011    6       4.78959425      278.816125
2011    7       2.93640388      264.925
2011    8       3.05156962      266.89035
2011    9       2.94727162      266.403425
2011    10      2.864814        263.5235
2011    11      3.36008438      272.5208
2011    12      3.43703425      273.0681875
2011    13      2.94733438      266.4523375
2011    14      1.97256612      242.6363875
2011    15      3.24032538      268.964775
2011    16      3.46005062      274.1503125
2011    17      4.099582        276.0283375
2011    18      4.91498925      280.1904625
2011    19      6.254904        283.455675
2011    20      6.04191675      282.95815
2011    21      5.322593        280.4775625
2011    22      5.39646225      280.146225
2011    23      4.76733662      278.7578
2011    24      5.18981         279.8258
2011    25      5.74406725      281.5564375
2011    26      5.476297        281.3166375
2011    27      5.03706         281.12825
2011    28      4.291676        278.0466625
2011    29      4.656944        278.6260125
2011    30      4.37644638      278.113325
2011    31      4.24453575      276.7948375
2012    1       1.233091        200.681125
2012    2       1.33983575      207.5566375
2012    3       1.667559        226.3662875
2012    4       2.34530488      253.8268125
2012    5       1.90634388      240.12135
2012    6       2.09301113      247.0484
2012    7       2.96262938      266.212825
2012    8       3.28267038      271.819175
2012    9       2.68005038      262.97855
2012    10      2.85891462      265.759075
2012    11      3.82744588      275.596575
2012    12      4.06988688      276.567975
2012    13      3.34398388      271.0488125
2012    14      3.24209012      269.87075
2012    15      3.74170063      273.176975
2012    16      4.25186213      276.5091125
2012    17      3.638239        272.5067375
2012    18      2.913173        264.1808
2012    19      4.086005        275.9756125
2012    20      4.62800087      277.7460875
2012    21      4.15023838      275.9224875
2012    22      4.44037775      276.9859125
2012    23      4.03488038      274.286575
2012    24      2.67034713      260.784875
2012    25      2.19708137      248.2227
2012    26      1.87840912      236.7359
2012    27      1.49607712      216.81145
2012    28      2.56128125      255.1034
2012    29      3.04032837      264.496975
2012    30      3.41482075      270.7047
2012    31      3.867527        273.4563625
2013    1       3.671414        275.7777
2013    2       4.223736        279.2897125
2013    3       2.36696275      253.6537375
2013    4       1.74547112      232.8401375
2013    5       1.687963        229.7891625
2013    6       1.82896438      237.4982875
2013    7       2.89634088      265.97125
2013    8       3.12894288      270.129325
2013    9       4.21742875      279.9135
2013    10      3.45164488      273.3968125
2013    11      2.41844025      253.7486875
2013    12      2.095511        245.9422875
2013    13      3.45646862      273.29665
2013    14      3.72839675      275.5330875
2013    15      4.1768365       279.23385
2013    16      4.43212625      279.9640125
2013    17      4.52901112      280.300675
2013    18      3.833986        277.2895875
2013    19      2.63706525      261.700125
2013    20      1.98414712      243.1690625
2013    21      1.83391212      237.358575
2013    22      1.822881        236.7564625
2013    23      2.84821012      264.6794125
2013    24      3.33263         272.4028
2013    25      2.99390712      268.1744
2013    26      2.23799475      251.37935
2013    27      2.45532725      257.027325
2013    28      2.93855138      266.134275
2013    29      3.35209288      271.61385
2013    30      2.76999825      261.810875
2013    31      1.19617525      195.21765
2014    1       2.47906363      256.199025
2014    2       3.003909        266.4323625
2014    3       3.47075488      272.645425
2014    4       3.15786788      268.931725
2014    5       1.21534965      186.641335
2014    6       0.54263495      112.08258
2014    7       0.86968141      155.8449625
2014    8       0.93339058      169.2330625
2014    9       0.89518762      166.329075
2014    10      1.00231974      178.2243875
2014    11      1.70395238      228.3611125
2014    12      2.73936312      260.832575
2014    13      3.08273025      268.713675
2014    14      3.6998405       274.2356875
2014    15      4.02038825      277.7034
2014    16      3.19209338      271.413575
2014    17      3.53645212      273.7825125
2014    18      3.97144462      276.950625
2014    19      3.31620475      270.7447625
2014    20      2.35271325      254.331225
2014    21      3.58663388      273.194875
2014    22      3.93451275      275.8000125
2014    23      3.6973345       274.269625
2014    24      2.87012762      265.965725
2014    25      2.58363188      261.0485125
2014    26      2.16664675      248.05045
2014    27      3.45759037      270.6426125
2014    28      3.85764975      274.8809625
2014    29      2.45073363      257.0772
2014    30      3.10839125      268.03655
2014    31      3.88893188      275.8211625
2015    1       1.553229        222.1011375
2015    2       1.73098862      230.2158125
2015    3       1.70649288      228.9219
2015    4       1.52905475      220.5785125
2015    5       1.46712075      216.7228625
2015    6       1.8894745       237.832925
2015    7       1.94345113      239.0306375
2015    8       3.13109162      268.7823
2015    9       3.88617475      275.6658
2015    10      3.93215125      277.226925
2015    11      3.88329012      277.27705
2015    12      3.68894675      276.1628375
2015    13      3.56053688      275.390075
2015    14      3.12820512      270.130375
2015    15      3.42385962      272.4526125
2015    16      1.428548        208.8206875
2015    17      1.38732825      209.94505
2015    18      1.33695375      207.9353
2015    19      1.16934322      191.8173375
2015    20      2.0550545       239.397925
2015    21      3.17691775      268.427625
2015    22      2.52925462      257.88435
2015    23      3.25573588      264.7665875
2015    24      4.599912        277.906975
2015    25      4.7905055       278.7705
2015    26      4.50590788      278.4044125
2015    27      4.20507125      277.866075
2015    28      3.56968725      273.7608375
2015    29      2.67740675      260.7294875
2015    30      3.1500815       270.1435625
2015    31      2.20350587      250.4118875
2016    1       4.33723675      278.937325
2016    5       3.45507475      274.4949
2016    6       3.1202815       270.6997625
2016    7       2.925773        267.702325
2016    8       3.06624525      268.9131625
2016    9       3.1046675       270.1935
2016    10      3.32364338      272.580725
2016    11      2.55233275      259.1357625
2016    12      0.94696292      170.011075
2016    13      0.65237382      136.2495625
2016    14      1.39147536      205.239725
2016    15      2.083992        246.0174875
2016    16      2.17545787      246.19315
2016    17      3.3568155       265.76235
2016    18      4.06469675      274.4758
2016    19      5.244282        279.745125
2016    20      4.69523388      278.9424875
2016    21      2.10463086      231.30755
2016    22      0.80779684      154.1053
2016    23      1.17950465      194.4947375
2016    24      1.46028764      213.48495
2016    25      1.36297439      207.2345625
2016    26      1.52843707      218.4230125
2016    27      1.19660962      195.1275375
2016    28      1.86772725      233.6774375
2016    29      3.74519538      275.4344125
2016    30      3.67605938      274.18285
2016    31      2.54045062      256.309325
2017    1       3.630039        272.625775
2017    2       4.399506        279.147025
2017    3       3.04188362      268.5009375
2017    4       2.89205487      265.83915
2017    5       2.997591        267.7547625
2017    6       1.763079        227.761825
2017    7       1.98516525      230.990825
2017    8       2.35137975      254.457825
2017    9       2.444966        256.9898625
2017    10      3.69919588      275.3595875
2017    11      5.140669        282.0277875
2017    12      5.4969935       282.835175
2017    13      4.93979888      281.96195
2017    14      3.77441838      277.6939
2017    15      2.78775612      265.70835
2017    16      2.27020613      253.5333
2017    17      1.40147812      213.442325
2017    18      3.0580625       268.519175
2017    19      2.79505375      264.7583375
2017    20      3.24697713      271.7557125
2017    21      3.0532215       266.21635
2017    22      3.29165388      270.75535
2017    23      2.970601        267.0426375
2017    24      4.36163538      278.368225
2017    25      4.72775275      279.5806875
2017    26      4.547472        279.0666875
2017    27      3.0487035       266.93675
2017    28      1.71288563      230.2162125
2017    29      2.43852025      256.4683125
2017    30      2.22992125      249.9278375
2017    31      1.83551712      236.4457375
2018    1       0.7746238       152.4872625
2018    2       1.02242048      180.0962375
2018    3       1.12022465      189.637025
2018    4       1.87083188      212.30555
2018    5       2.75104138      264.4866125
2018    6       2.28151362      252.553925
2018    7       2.6892145       261.1618875
2018    8       1.12206041      187.0345125
2018    9       1.38020383      209.5197
2018    10      1.75536588      230.9424875
2018    11      2.32584912      247.866075
2018    12      3.36817462      272.2459875
2018    13      2.916936        267.084775
2018    14      3.17825362      269.8155
2018    15      3.39870812      271.8952125
2018    16      2.90896475      267.1384125
2018    17      3.02759388      267.8357625
2018    18      3.1261705       268.8474875
2018    19      2.916836        265.8207625
2018    20      3.16819962      266.92775
2018    21      3.28397825      270.3866125
2018    22      2.172045        245.8155875
2018    23      1.83167075      234.85115
2018    24      2.1274415       247.3653875
2018    25      2.78514812      264.344575
2018    26      2.48520387      257.2836
2018    27      2.5732855       259.9161
2018    28      3.11921588      269.2843
2018    29      2.51870362      258.5388125
2018    30      2.15036825      248.9158
2018    31      1.98437262      243.7939125
2019    1       2.82167438      264.6794125
