####################################################################################################
# Month: 07Jul                                                                                     #
# Station: SMA                                                                                     #
# Columns are: year    day     RH (percent)                                                        #
####################################################################################################
9       1       0.15523288
9       2       0.25142362
9       3       0.28986025
9       4       0.12263525
9       5       0.10558538
9       6       0.27120462
9       7       0.16593862
9       8       0.14159688
9       9       0.16914175
9       10      0.07444725
9       11      0.1866
9       12      0.29764163
9       13      0.22107012
9       14      0.1382945
9       15      0.08929175
9       16      0.0733395
9       17      0.1623255
9       18      0.1438005
9       19      0.23322412
9       20      0.16618225
9       21      0.08947675
9       22      0.18572875
9       23      0.50979638
9       24      0.38068662
9       25      0.37815575
9       26      0.26779787
9       27      0.24599725
9       28      0.37190288
9       29      0.47522012
9       30      0.36279275
9       31      0.25504775
