####################################################################################################
# Month: 05May                                                                                     #
# Station: LAS                                                                                     #
# Frequency: 230 GHz                                                                               #
# Columns are: year    day     tau     Tb (K)                                                      #
####################################################################################################
2009    1       0.1416514       39.7598175
2009    2       0.1981958       53.040555
2009    3       0.19439701      52.59589
2009    4       0.35997831      84.52808125
2009    5       0.36941139      86.785635
2009    6       0.44886315      99.17932125
2009    7       0.42147182      95.7269
2009    8       0.24628341      62.79457625
2009    9       0.19365792      51.9180925
2009    10      0.17450332      47.688335
2009    11      0.30718065      76.54563125
2009    12      0.35951703      84.60151125
2009    13      0.64853986      133.7567
2009    14      0.27981161      70.178045
2009    15      0.43057264      99.38075375
2009    16      0.30240912      75.19454875
2009    17      0.14898594      41.9587525
2009    18      0.09209468      28.48761
2009    19      0.08286223      26.0905
2009    20      0.12584087      36.0089775
2009    21      0.07147163      23.12298
2009    22      0.0688832       22.65672875
2009    23      0.10433837      31.38837625
2009    24      0.1568527       43.5413975
2009    25      0.29082675      71.30338
2009    26      0.36789654      85.99108625
2009    27      0.43558685      97.84979375
2009    28      0.43176391      96.5319975
2009    29      0.5945575       120.9626125
2009    30      0.39729309      89.5713625
2009    31      0.20644814      54.1223225
2010    1       0.54325526      116.255645
2010    2       0.61385611      123.6078475
2010    3       0.34368922      82.19846375
2010    4       0.25518624      65.650425
2010    5       0.22075359      57.88034125
2010    6       0.22084855      57.29559875
2010    7       0.18808141      50.841855
2010    8       0.12985746      37.95223125
2010    9       0.09295374      28.98176375
2010    10      0.07262264      23.8203525
2010    11      0.07369594      23.987775
2010    12      0.14723416      40.48987
2010    13      0.24565124      61.585365
2010    14      0.55848869      114.55169375
2010    15      0.70377178      136.97715
2010    16      0.51859064      109.456615
2010    17      0.3214766       74.56573
2010    18      0.16610933      45.7045525
2010    19      0.16891045      46.2343825
2010    20      0.1957548       51.84695875
2010    21      0.2656164       67.01202
2010    22      0.26181851      65.92204625
2010    23      0.17669316      46.975835
2010    24      0.20724506      53.80562625
2010    25      0.22923094      59.1503975
2010    26      0.1940707       51.83647875
2010    27      0.18520002      49.98735125
2010    28      0.4227271       92.4451075
2010    29      0.51843854      108.124405
2010    30      0.13732532      38.6583075
2010    31      0.09052135      27.7739775
2011    1       0.07535201      24.14775375
2011    2       0.05208038      18.15521875
2011    3       0.07794538      24.77592875
2011    4       0.06705342      22.2131475
2011    5       0.06662431      21.9293
2011    6       0.16696248      46.0474825
2011    7       0.2056003       54.4155725
2011    8       0.19234034      51.13331625
2011    9       0.18776281      50.65124125
2011    10      0.15188581      42.3420375
2011    11      0.14034049      40.1490075
2011    12      0.13418407      38.35110125
2011    13      0.18393825      50.09486875
2011    14      0.15547411      43.77175875
2011    15      0.13881042      39.54042125
2011    16      0.12022648      35.314145
2011    17      0.10688117      32.01884
2011    18      0.10505846      31.17044125
2011    19      0.12006466      34.75849375
2011    20      0.13930641      39.276245
2011    21      0.19877884      52.60819375
2011    22      0.17801309      47.6683675
2011    23      0.36039884      84.94731125
2011    24      0.24603361      62.094885
2011    25      0.11479324      33.3929475
2011    26      0.11245034      33.26784875
2011    27      0.10847474      32.34253375
2011    28      0.1389765       38.8514125
2011    29      0.15952711      43.83724625
2011    30      0.23441976      59.14810125
2011    31      0.15224361      42.09001625
2012    1       0.101265        30.994405
2012    2       0.12102048      35.758395
2012    3       0.16217486      45.13947875
2012    4       0.21478635      55.992875
2012    5       0.22070039      57.7742975
2012    6       0.22424865      58.78509
2012    7       0.15454365      43.0369075
2012    8       0.19221384      51.46922875
2012    9       0.17952142      48.64909
2012    10      0.17588404      48.037375
2012    11      0.20707412      54.50835375
2012    12      0.1975544       52.3412075
2012    13      0.32170238      77.31906375
2012    14      0.30252964      74.41667875
2012    15      0.2173943       57.29404
2012    16      0.20973079      55.06167
2012    17      0.16511205      45.0240675
2012    18      0.21349481      55.38898125
2012    19      0.17160366      46.6045025
2012    20      0.16390784      45.19978625
2012    21      0.1733199       47.5046125
2012    22      0.15544242      43.43066125
2012    23      0.09512079      29.00928875
2012    24      0.14197014      39.29582875
2012    25      0.33893782      78.33742125
2012    26      0.6587794       129.6609875
2012    27      0.48140692      105.51653625
2012    28      0.2951004       74.20921375
2012    29      0.1198844       34.81794
2012    30      0.18372635      49.23907125
2012    31      0.21547999      56.6996
2013    1       0.1529115       42.40442
2013    2       0.26255461      64.50235375
2013    3       0.16167331      44.107385
2013    4       0.11082968      32.5397475
2013    5       0.06652695      22.08534
2013    6       0.10146213      30.4579025
2013    7       0.09064492      28.37865625
2013    8       0.09804429      30.0882425
2013    9       0.15684926      43.4365075
2013    10      0.22858902      58.80905
2013    11      0.12580728      36.63494125
2013    12      0.11517571      33.99486125
2013    13      0.22979904      59.01095875
2013    14      0.21037608      55.03356125
2013    15      0.2196194       56.87313875
2013    16      0.17869309      48.13445
2013    17      0.50643721      105.0231125
2013    18      0.73106386      139.628735
2013    19      0.19624319      52.36590125
2013    20      0.23014831      59.97116375
2013    21      0.2070881       54.7610625
2013    22      0.20633945      54.72997625
2013    23      0.16806836      46.097875
2013    24      0.14838545      42.0114225
2013    25      0.19934211      53.516265
2013    26      0.1392286       39.43291
2013    27      0.2378932       58.99825375
2013    28      0.39476369      89.9406675
2013    29      0.25790561      64.74145375
2013    30      0.22917474      58.947475
2013    31      0.27506785      67.77499125
2014    1       0.27680845      66.68853625
2014    2       0.23194721      59.25967875
2014    3       0.34475994      80.538735
2014    4       0.22067945      57.66053125
2014    5       0.1663229       45.56714625
2014    6       0.28925472      71.30970375
2014    7       0.23343832      60.9550925
2014    8       0.20646744      55.63105375
2014    9       0.23281712      60.88078625
2014    10      0.25995382      66.35127375
2014    11      0.28475216      70.98049
2014    12      0.18070323      49.17263375
2014    13      0.17552399      48.00434875
2014    14      0.18462239      49.5540725
2014    15      0.14566876      40.95105375
2014    16      0.12839889      36.97158625
2014    17      0.13709976      38.6926625
2014    18      0.14830039      41.27758375
2014    19      0.09519831      28.820655
2014    20      0.08838094      26.77174375
2014    21      0.15469593      42.454385
2014    22      0.11303667      32.49777375
2014    23      0.37725563      85.634645
2014    24      0.28824236      70.84985
2014    25      0.19703972      52.2382275
2014    26      0.13055606      37.42027875
2014    27      0.09068703      28.031355
2014    28      0.12551286      36.619895
2014    29      0.27504114      68.12256625
2014    30      0.23027444      59.089635
2014    31      0.11680309      33.81001625
2015    1       0.12589973      36.3345
2015    2       0.20718245      53.666695
2015    3       0.18535432      48.75654375
2015    4       0.12477585      35.7701125
2015    5       0.1564334       43.060725
2015    6       0.16533061      44.6407525
2015    7       0.40794575      90.72833125
2015    8       0.22419688      58.45947375
2015    9       0.21843181      57.14733875
2015    10      0.13244287      37.6586175
2015    11      0.13811415      38.69321
2015    12      0.21402016      55.80718375
2015    13      0.21976851      57.31371125
2015    14      0.19314972      51.05715875
2015    15      0.2060985       53.77926875
2015    16      0.14104741      39.91163625
2015    17      0.1322893       38.22473125
2015    18      0.14368819      40.98433
2015    19      0.15391185      43.749095
2015    20      0.12846797      37.797995
2015    21      0.17005256      46.74371375
2015    22      0.12642098      36.846075
2015    23      0.18958865      50.53382
2015    24      0.2102564       55.43594125
2015    25      0.2752916       67.9776525
2015    26      0.34781625      81.80466625
2015    27      0.27210029      68.1399
2015    28      0.19311158      51.83867875
2015    29      0.22281792      57.87984
2015    30      0.15992709      44.02469
2015    31      0.1503665       41.3515425
2016    1       0.37947301      89.32256125
2016    2       0.44967056      100.4015625
2016    3       0.35700504      84.8262275
2016    4       0.26694736      66.91189625
2016    5       0.35032166      82.59403
2016    6       0.36146379      83.86037625
2016    7       0.5247436       112.484085
2016    8       0.42057185      94.56095125
2016    9       0.43617011      96.73856625
2016    10      0.35754625      83.04875875
2016    11      0.53868396      113.4062125
2016    12      0.29600044      72.3381525
2016    13      0.26731976      66.28429
2016    14      0.31045691      75.1143875
2016    15      0.22088268      55.551745
2016    16      0.40514632      90.737625
2016    17      0.4743698       103.717755
2016    18      0.42814045      97.72073375
2016    19      0.29057505      71.6508675
2016    20      0.25896365      64.6296875
2016    21      0.18234326      48.96813375
2016    22      0.14722962      40.11227375
2016    23      0.30557658      74.03594125
2016    24      0.42706828      95.0712275
2016    25      0.35741409      83.618905
2016    26      0.2868807       70.763255
2016    27      0.57867734      118.027515
2016    28      0.40427636      92.21230625
2016    29      0.72741841      140.1538
2016    30      0.45960649      101.00461875
2016    31      0.32974076      76.14491625
2017    1       0.12405128      36.0382225
2017    2       0.1474022       41.20446375
2017    3       0.10731945      31.9274325
2017    4       0.11324797      33.44682875
2017    5       0.08929757      27.69775375
2017    6       0.14370308      40.54508375
2017    7       0.20769786      54.57010875
2017    8       0.1422347       39.5800425
2017    9       0.15988312      43.702745
2017    10      0.27356282      66.9662475
2017    11      0.81862958      149.4513625
2017    12      0.88462065      157.0676875
2017    13      0.49168034      101.8115775
2017    14      0.25208116      64.28634375
2017    15      0.14454167      40.621585
2017    16      0.22053398      57.92068125
2017    17      0.21931854      57.17529875
2017    18      0.44888186      96.49802
2017    19      0.13460275      37.23577
2017    20      0.08998905      27.3045
2017    21      0.12241417      34.76950625
2017    22      0.13000239      36.562815
2017    23      0.32413548      77.70868
2017    24      0.35850345      83.04940875
2017    25      0.39004276      89.140965
2017    26      0.25347412      63.60877875
2017    27      0.11462685      33.44037875
2017    28      0.16105215      42.7141925
2017    29      0.16622215      44.86812625
2017    30      0.15378748      42.40424125
2017    31      0.13720434      38.8015575
2018    1       0.26478591      65.06351875
2018    2       0.21356276      55.16754125
2018    3       0.22633198      58.86887125
2018    4       0.20833221      55.71612875
2018    5       0.14861019      42.31313
2018    6       0.2085732       54.66595375
2018    7       0.20990329      55.32096
2018    8       0.20045148      53.22514625
2018    9       0.33152685      78.39958375
2018    10      0.3000748       71.44494125
2018    11      0.14566845      41.336235
2018    12      0.1204953       35.6474825
2018    13      0.1631629       44.7700175
2018    14      0.17556121      47.17941125
2018    15      0.19742484      51.92362125
2018    16      0.27742433      69.07795375
2018    17      0.23224299      60.23408
2018    18      0.08374536      25.96960125
2018    19      0.08818085      27.03635625
2018    20      0.11277502      33.37740375
2018    21      0.18149066      48.60947625
2018    22      0.20553359      54.78914
2018    23      0.12247638      36.144795
2018    24      0.04942942      17.5049875
2018    25      0.04327979      15.8861
2018    26      0.08495351      26.67919125
2018    27      0.11744792      34.67095625
2018    28      0.15350348      42.01450625
2018    29      0.34196549      79.93166125
2018    30      0.57002272      118.4259025
2018    31      0.55302031      114.550325
