####################################################################################################
# Month: 07Jul                                                                                     #
# Station: WF                                                                                      #
# Frequency: 230 GHz                                                                               #
# Columns are: year    day     tau     Tb (K)                                                      #
####################################################################################################
2009    1       2.36714187      255.928275
2009    2       3.1101635       266.6724
2009    3       3.05216875      268.18965
2009    4       2.273298        253.056975
2009    5       1.62238725      225.7852875
2009    6       1.47536212      218.551625
2009    7       2.04966938      239.749975
2009    8       2.68743525      259.4481125
2009    9       2.0969915       241.435625
2009    10      1.08050447      184.284625
2009    11      1.43696388      214.755
2009    12      2.12923812      247.27645
2009    13      1.43621775      213.110125
2009    14      1.40660312      210.0981625
2009    15      1.3992955       211.4343
2009    16      2.1002015       243.6945875
2009    17      2.18996525      248.56765
2009    18      2.8898725       268.723
2009    19      1.503308        219.2976875
2009    20      1.85873225      239.0485125
2009    21      2.47718962      255.689325
2009    22      3.11981238      269.81285
2009    23      2.295455        255.2706375
2009    24      2.93204338      266.7040875
2009    25      2.2880635       253.5931875
2009    26      2.81144025      265.679825
2009    27      3.22758762      276.04635
2009    28      2.40542262      259.2475
2009    29      2.71525988      267.71735
2009    30      3.60984338      279.0642625
2009    31      2.78267025      261.692
2010    1       1.28072012      200.9214875
2010    2       1.29899463      203.8751125
2010    3       1.59675038      224.9088375
2010    4       1.82537012      236.7807625
2010    5       2.06915088      251.1756
2010    6       3.08790762      277.682575
2010    7       3.091425        278.3409
2010    8       2.90922212      273.7204625
2010    9       2.90611812      272.938525
2010    10      3.56755625      279.3983
2010    11      3.12353         272.0647
2010    12      2.18927138      255.4801625
2010    13      2.425691        259.6819
2010    14      4.068045        281.8591375
2010    15      2.33249537      258.3429625
2010    16      2.29686312      256.54895
2010    17      2.33169262      255.0934
2010    18      2.3079865       258.7100125
2010    19      2.33518712      258.175975
2010    20      2.4382415       260.264425
2010    21      2.45660738      260.9330625
2010    22      2.2053045       252.33865
2010    23      1.98041438      240.477125
2010    24      3.40443875      278.6712375
2010    25      3.34351562      279.44075
2010    26      1.67356688      228.4459875
2010    27      1.46427638      219.27505
2010    28      1.66945425      234.223925
2010    29      2.68227125      265.3623125
2010    30      1.29383075      204.82095
2010    31      1.21163302      198.104225
2011    1       1.82285988      235.941175
2011    2       2.1167625       249.59635
2011    3       2.62618288      264.0688375
2011    4       2.81442738      268.38065
2011    5       2.0461105       248.0525
2011    6       2.0830335       250.8632375
2011    7       2.23486312      254.9681375
2011    8       2.51338838      252.6092875
2011    9       2.75786738      263.51485
2011    10      1.48523075      219.57145
2011    11      2.10675862      251.0079875
2011    12      3.4973335       280.5930875
2011    13      2.57891375      265.7083
2011    14      1.81982912      231.6459875
2011    15      1.4466885       215.7516375
2011    16      1.62913388      228.2948
2011    17      1.89650575      243.0861625
2011    18      2.8445455       269.8221125
2011    19      2.5079215       263.097875
2011    20      1.81703375      238.3972
2011    21      3.464854        283.6685875
2011    22      3.41275888      283.8798875
2011    23      2.13456788      249.423825
2011    24      2.55243362      264.935775
2011    25      1.79315813      236.7903625
2011    26      2.5474905       260.7822625
2011    27      2.1477935       250.251275
2011    28      2.09581588      250.923675
2011    29      2.82717338      268.789
2011    30      3.31567713      274.4371625
2011    31      1.68356262      233.3558875
2012    1       1.96300362      247.1643
2012    2       2.2880375       255.5517875
2012    3       1.75513012      234.9468625
2012    4       2.41391312      257.6603
2012    5       2.55998525      264.6867125
2012    6       2.31711388      259.3715625
2012    7       2.91244562      271.7413125
2012    8       2.0788985       250.9705125
2012    9       1.269695        203.646825
2012    10      1.18031147      195.22975
2012    11      1.40214925      214.3500125
2012    12      1.6319625       230.84155
2012    13      1.7013115       235.010175
2012    14      2.20085662      256.1475
2012    15      2.25193488      257.3548625
2012    16      3.1275575       273.7869875
2012    17      2.88906625      273.050575
2012    18      3.00308963      274.9044375
2012    19      1.72939412      230.6986
2012    20      1.20580575      197.7072875
2012    21      1.26687925      204.241925
2012    22      1.646233        229.8665125
2012    23      2.68413762      264.5992
2012    24      3.28621112      278.0025875
2012    25      1.70815512      230.589125
2012    26      2.3639185       252.59435
2012    27      3.8637585       280.5223625
2012    28      2.91379425      270.40325
2012    29      2.85631875      267.1217625
2012    30      2.18330162      251.1138625
2012    31      1.65417988      228.081525
2013    1       3.80648488      280.4634875
2013    2       3.90137962      281.328225
2013    3       3.7092575       280.4604125
2013    4       3.39957188      280.434325
2013    5       3.33677987      280.703625
2013    6       3.46203563      281.129075
2013    7       2.9614725       271.795
2013    8       3.60327038      281.0288125
2013    9       3.38737575      275.728
2013    10      3.71898538      280.4783875
2013    11      3.4463925       278.1152
2013    12      1.86586775      240.18595
2013    13      2.208239        250.3259375
2013    14      3.27786475      277.7054125
2013    15      2.95714512      275.211375
2013    16      2.68952012      269.962825
2013    17      3.08852738      276.4963
2013    18      3.2136795       277.8543125
2013    19      3.438221        282.7347
2013    20      3.34455012      280.7747375
2013    21      2.23714462      251.147775
2013    22      2.65030738      264.661725
2013    23      4.195916        283.0076125
2013    24      2.70371388      267.472175
2013    25      1.74428562      228.7084875
2013    26      3.10774         270.2194375
2013    27      2.11950988      249.4817625
2013    28      2.87136912      262.9617625
2013    29      2.82411988      267.170075
2013    30      1.80852638      234.4326
2013    31      1.62272712      227.9110625
2014    1       2.86038188      273.5992375
2014    2       3.73167825      284.6287875
2014    3       3.6917355       281.93695
2014    4       3.20373025      273.568475
2014    5       1.845668        224.9535125
2014    6       1.52897125      221.8096125
2014    7       2.13048975      246.8820125
2014    8       3.09018975      274.1041875
2014    9       2.37070838      259.228925
2014    10      1.70257175      227.17795
2014    11      1.411655        214.5369
2014    12      1.51553175      222.0913
2014    13      2.40265488      259.6865125
2014    14      3.21689862      273.4786625
2014    15      3.91853038      282.700075
2014    16      3.67758675      279.230825
2014    17      1.71936675      230.4334875
2014    18      1.53247738      222.2770375
2014    19      1.633043        227.202525
2014    20      1.83145425      236.430675
2014    21      1.58356288      224.8476375
2014    22      2.12253725      252.0716375
2014    23      2.94155662      275.335275
2014    24      2.66394788      261.1179875
2014    25      1.52436838      220.6226375
2014    26      1.78402575      236.6990625
2014    27      2.60101762      260.3773125
2014    28      3.45439737      278.3837125
2014    29      2.0481335       240.20705
2014    30      1.60870388      227.2397
2014    31      1.6440995       226.9050125
2015    1       2.62969788      258.294125
2015    2       1.7603845       232.3096875
2015    3       1.18670013      197.1910875
2015    4       1.70963262      226.7884125
2015    5       1.936361        242.4918375
2015    6       1.70038288      234.7447125
2015    7       2.37361925      253.4601125
2015    8       2.67372512      265.2596
2015    9       1.54626262      219.957725
2015    10      2.56388687      258.96635
2015    11      1.541908        224.0259375
2015    12      2.07235487      250.676325
2015    13      2.356618        258.7318
2015    14      2.282176        246.8817875
2015    15      3.211566        274.624025
2015    16      1.23635762      200.4565125
2015    17      1.34582912      208.8742375
2015    18      2.69294512      261.8200125
2015    19      2.91828388      272.6863
2015    20      2.8921005       268.8156
2015    21      2.05521962      250.366675
2015    22      1.6849615       229.4284
2015    23      1.65490775      227.9672875
2015    24      1.88305675      237.1149625
2015    25      2.059448        244.457525
2015    26      2.50861125      258.2898875
2015    27      3.00268038      271.7816
2015    28      2.69397975      266.8375625
2015    29      2.34958162      260.0906625
2015    30      2.810502        271.307175
2015    31      2.13441675      244.1121125
2016    1       1.56689412      221.226525
2016    2       1.92344025      232.698125
2016    3       1.22645412      199.190325
2016    4       1.15360696      194.2667875
2016    5       2.03685375      241.1380625
2016    6       1.87279488      244.1796875
2016    7       2.49836887      264.9527
2016    8       2.9333035       270.258475
2016    9       2.94431588      266.3789125
2016    10      2.7570275       262.5777625
2016    11      2.07722013      243.164575
2016    12      1.70521013      233.2412625
2016    13      1.99581125      247.2059875
2016    14      3.269963        275.8884
2016    15      2.86633175      270.0143375
2016    16      2.00416088      248.6679125
2016    17      2.70724         266.471475
2016    18      2.352803        258.816225
2016    19      1.96517188      240.544825
2016    20      1.33734412      207.8091375
2016    21      1.52614025      222.9503
2016    22      1.87829362      240.964325
2016    23      2.53096112      265.371025
2016    24      2.078884        247.905375
2016    25      2.21234712      255.185075
2016    26      2.49293262      261.674275
2016    27      2.00885088      249.62725
2016    28      2.11065238      251.903175
2016    29      2.957932        272.9767
2016    30      2.32448213      255.3386125
2016    31      2.78425625      263.8597
2017    1       3.42480038      278.964525
2017    2       2.92925962      268.319175
2017    3       2.12006838      251.4587125
2017    4       1.54103112      222.82135
2017    5       1.32176688      208.11195
2017    6       1.37939275      211.4236625
2017    7       2.2357185       248.26685
2017    8       2.63744037      264.2937875
2017    9       1.77093625      230.8501625
2017    10      1.7086105       233.0244375
2017    11      2.8080605       265.641825
2017    12      2.68288262      266.8355375
2017    13      3.264401        273.38175
2017    14      2.41111388      254.8308375
2017    15      2.51889338      260.4109375
2017    16      2.3042575       257.7595625
2017    17      2.44085563      261.3514
2017    18      2.70259725      265.075125
2017    19      2.49777362      265.198925
2017    20      2.76242638      270.2533125
2017    21      2.13126787      248.300225
2017    22      2.20742588      254.358625
2017    23      2.21942438      249.2162875
2017    24      1.89356937      234.186125
2017    25      2.04190313      241.9848125
2017    26      1.6244185       227.6796625
2017    27      2.24582688      250.1396875
2017    28      2.22783388      252.9122375
2017    29      1.28666713      204.12125
2017    30      1.0959774       188.3361125
2017    31      1.50526163      219.9345
2018    1       3.191639        278.5645625
2018    2       3.17111662      279.0643
2018    3       3.49453388      282.9024625
2018    4       2.10660313      252.0272625
2018    5       2.2161315       250.75885
2018    6       3.35244625      275.9805875
2018    7       1.0280345       180.2351
2018    8       1.30216838      206.2792375
2018    9       1.54968         225.9033
2018    10      1.78166312      238.38825
2018    11      2.23878175      251.8635375
2018    12      1.29942788      205.38505
2018    13      1.58586338      225.09915
2018    14      2.09154412      245.377675
2018    15      2.91926525      269.3772875
2018    16      2.310225        260.471725
2018    17      3.463004        280.2068
2018    18      2.20933312      238.220825
2018    19      1.06059832      186.2574125
2018    20      1.27406812      206.8334625
2018    21      1.2739075       205.670325
2018    22      3.5232565       265.347475
2018    23      3.99171475      282.0339125
2018    24      2.877068        272.2467
2018    25      3.166657        275.0864375
2018    26      4.138466        283.39965
2018    27      2.62834475      266.0351375
2018    28      3.470059        278.6527
2018    29      2.3758805       254.25115
2018    30      1.75442712      235.0217125
2018    31      2.15078187      252.02075
