####################################################################################################
# Month: 05May                                                                                     #
# Station: APEX                                                                                    #
# Columns are: year    day     segment         RH (percent)                                        #
####################################################################################################
9       1       0       0.149683
9       1       1       0.13345
9       1       2       0.133
9       1       3       0.189961
9       1       4       0.24322
9       1       5       0.246758
9       1       6       0.228965
9       1       7       0.23648
9       2       0       0.210488
9       2       1       0.174295
9       2       2       0.194109
9       2       3       0.19421
9       2       4       0.146871
9       2       5       0.144439
9       2       6       0.157143
9       2       7       0.207518
9       3       0       0.200131
9       3       1       0.164459
9       3       2       0.188555
9       3       3       0.173448
9       3       4       0.117016
9       3       5       0.139072
9       3       6       0.16037
9       3       7       0.214999
9       4       0       0.141337
9       4       1       0.108721
9       4       2       0.079811
9       4       3       0.056654
9       4       4       0.041108
9       4       5       0.072564
9       4       6       0.099411
9       4       7       0.187829
9       5       0       0.18189
9       5       1       0.162606
9       5       2       0.153711
9       5       3       0.134399
9       5       4       0.119913
9       5       5       0.16275
9       5       6       0.263859
9       5       7       0.256166
9       6       0       0.298036
9       6       1       0.350231
9       6       2       0.267633
9       6       3       0.150515
9       6       4       0.079514
9       6       5       0.162123
9       6       6       0.206049
9       6       7       0.263384
9       7       0       0.205013
9       7       1       0.173011
9       7       2       0.179838
9       7       3       0.186852
9       7       4       0.14589
9       7       5       0.131657
9       7       6       0.1539
9       7       7       0.162565
9       8       0       0.081396
9       8       1       0.077755
9       8       2       0.085142
9       8       3       0.062435
9       8       4       0.042699
9       8       5       0.050005
9       8       6       0.045266
9       8       7       0.050213
9       9       0       0.059619
9       9       1       0.079507
9       9       2       0.098545
9       9       3       0.116497
9       9       4       0.117674
9       9       5       0.097245
9       9       6       0.087197
9       9       7       0.080821
9       10      0       0.027547
9       10      1       0.021853
9       10      2       0.004891
9       10      3       0.030393
9       10      4       0.029092
9       10      5       0.038653
9       10      6       0.050016
9       10      7       0.058908
9       11      0       0.041912
9       11      1       0.034596
9       11      2       0.033191
9       11      3       0.030579
9       11      4       0.026874
9       11      5       0.033945
9       11      6       0.041908
9       11      7       0.045621
9       12      0       0.053057
9       12      1       0.062444
9       12      2       0.055232
9       12      3       0.052775
9       12      4       0.049207
9       12      5       0.056653
9       12      6       0.062467
9       12      7       0.069357
9       13      0       0.06648
9       13      1       0.038797
9       13      2       0.032839
9       13      3       0.031897
9       13      4       0.039537
9       13      5       0.074361
9       13      6       0.118805
9       13      7       0.144546
9       14      0       0.137916
9       14      1       0.146661
9       14      2       0.138266
9       14      3       0.12149
9       14      4       0.075018
9       14      5       0.063158
9       14      6       0.085186
9       14      7       0.071683
9       15      0       0.06564
9       15      1       0.084425
9       15      2       0.086897
9       15      3       0.091275
9       15      4       0.103322
9       15      5       0.126403
9       15      6       0.150777
9       15      7       0.19418
9       16      0       0.128902
9       16      1       0.146309
9       16      2       0.229952
9       16      3       0.2389
9       16      4       0.162661
9       16      5       0.124812
9       16      6       0.159333
9       16      7       0.229446
9       17      0       0.180758
9       17      1       0.169594
9       17      2       0.12151
9       17      3       0.067665
9       17      4       0.035171
9       17      5       0.052015
9       17      6       0.08627
9       17      7       0.152087
9       18      0       0.151217
9       18      1       0.182852
9       18      2       0.160545
9       18      3       0.125027
9       18      4       0.104565
9       18      5       0.119169
9       18      6       0.121792
9       18      7       0.147269
9       19      0       0.311887
9       19      1       0.405524
9       19      2       0.450668
9       19      3       0.256838
9       19      4       0.147024
9       19      5       0.142411
9       19      6       0.237454
9       19      7       0.405275
9       20      0       0.462019
9       20      1       0.527108
9       20      2       0.553903
9       20      3       0.454897
9       20      4       0.448317
9       20      5       0.600667
9       20      6       0.846546
9       20      7       0.87734
9       21      0       0.708174
9       21      1       0.508237
9       21      2       0.413273
9       21      3       0.364386
9       21      4       0.286696
9       21      5       0.305036
9       21      6       0.311027
9       21      7       0.253872
9       22      0       0.123871
9       22      1       0.106452
9       22      2       0.107043
9       22      3       0.101094
9       22      4       0.074456
9       22      5       0.092385
9       22      6       0.138316
9       22      7       0.139786
9       23      0       0.082163
9       23      1       0.066406
9       23      2       0.038844
9       23      3       0.025835
9       23      4       0.031646
9       23      5       0.0507
9       23      6       0.064544
9       23      7       0.066119
9       24      0       0.043926
9       24      1       0.057993
9       24      2       0.051468
9       24      3       0.053055
9       24      4       0.045903
9       24      5       0.048948
9       24      6       0.056339
9       24      7       0.053084
9       25      0       0.042782
9       25      1       0.036069
9       25      2       0.037696
9       25      3       0.046695
9       25      4       0.047955
9       25      5       0.04964
9       25      6       0.051045
9       25      7       0.049004
9       26      0       0.053133
9       26      1       0.060626
9       26      2       0.067007
9       26      3       0.066329
9       26      4       0.05314
9       26      5       0.050623
9       26      6       0.06924
9       26      7       0.075548
9       27      0       0.117766
9       27      1       0.223752
9       27      2       0.241758
9       27      3       0.190218
9       27      4       0.12581
9       27      5       0.226685
9       27      6       0.218136
9       27      7       0.21115
9       28      0       0.081251
9       28      1       0.051552
9       28      2       0.047702
9       28      3       0.054839
9       28      4       0.087162
9       28      5       0.134673
9       28      6       0.191603
9       28      7       0.269577
9       29      0       0.254909
9       29      1       0.205391
9       29      2       0.161858
9       29      3       0.201254
9       29      4       0.310091
9       29      5       0.309678
9       29      6       0.277141
9       29      7       0.400986
9       30      0       0.051069
9       30      1       0.037148
9       30      2       0.054645
9       30      3       0.040397
9       30      4       0.009466
9       30      5       0.027332
9       30      6       0.081443
9       30      7       0.042331
9       31      0       0.024773
9       31      1       0.021123
9       31      2       0.023821
9       31      3       0.035087
9       31      4       0.041606
9       31      5       0.063467
9       31      6       0.137359
9       31      7       0.276235
