####################################################################################################
# Month: 03Mar                                                                                     #
# Station: SPX                                                                                     #
# Frequency: 230 GHz                                                                               #
# Columns are: year    day     tau     Tb (K)                                                      #
####################################################################################################
2009    1       0.18374925      46.458465
2009    2       0.15471865      40.15757375
2009    3       0.08304527      23.97864625
2009    4       0.1097381       29.7989325
2009    5       0.22456675      54.60852875
2009    6       0.2486668       59.3577425
2009    7       0.09335354      26.60851
2009    8       0.09545254      27.27191375
2009    9       0.0682234       20.77892125
2009    10      0.14044416      36.60249375
2009    11      0.04263473      14.81648375
2009    12      0.15136987      39.38597875
2009    13      0.11546974      31.87154625
2009    14      0.13350958      35.4525725
2009    15      0.07059599      21.35348375
2009    16      0.05419324      17.5561925
2009    17      0.13703761      36.49765875
2009    18      0.07510709      22.336625
2009    19      0.06991745      21.3236275
2009    20      0.03546812      13.02961062
2009    21      0.06720284      20.6925225
2009    22      0.0781186       23.37719375
2009    23      0.14977486      39.14635375
2009    24      0.11482198      30.88413625
2009    25      0.12302178      32.8994225
2009    26      0.15772384      40.42812625
2009    27      0.09149531      26.2727175
2009    28      0.22476819      54.18401
2009    29      0.25101541      60.05159375
2009    30      0.06867481      21.349825
2009    31      0.08151792      24.4380175
2010    1       0.08851102      25.25068625
2010    2       0.09253536      26.16928125
2010    3       0.14548742      37.3851125
2010    4       0.19737356      48.19289875
2010    5       0.02976572      11.498546
2010    6       0.0618972       18.95143638
2010    7       0.04566958      15.31003012
2010    8       0.02743849      10.96640262
2010    9       0.06973538      20.5271135
2010    10      0.19872776      49.377645
2010    11      0.18492256      46.49132375
2010    12      0.06195976      19.30575125
2010    13      0.06162198      19.32655
2010    14      0.04648785      15.73268375
2010    15      0.06988558      21.18711125
2010    16      0.09161607      25.78545
2010    17      0.08598918      24.85200875
2010    18      0.16075646      41.917135
2010    19      0.12401698      33.86071375
2010    20      0.21534257      53.506235
2010    21      0.12988292      35.41537
2010    22      0.05560138      18.03000125
2010    23      0.04119108      14.6162425
2010    24      0.05022663      17.01802
2010    25      0.16750766      43.16566875
2010    26      0.17937849      45.28107
2010    27      0.13905261      36.5801425
2010    28      0.16100137      41.37999875
2010    29      0.187303        47.1097975
2010    30      0.15603772      40.487905
2010    31      0.11208911      30.193685
2011    1       0.07061051      21.38630625
2011    2       0.03243916      12.4102575
2011    3       0.07587252      22.6182075
2011    4       0.06121735      19.234965
2011    5       0.04844539      16.34564125
2011    6       0.05658577      18.39404375
2011    7       0.04089438      14.5114225
2011    8       0.03903347      14.0964925
2011    9       0.05345268      17.44436875
2011    10      0.09578495      27.2929575
2011    11      0.08491926      25.19858
2011    12      0.12860887      34.378295
2011    13      0.27380733      64.43748625
2011    14      0.08307763      24.389235
2011    15      0.10974011      30.77666
2011    16      0.25540502      60.94859875
2011    17      0.16208863      41.69388
2011    18      0.07261124      22.0623775
2011    19      0.15548828      40.0459825
2011    20      0.04592049      15.626585
2011    21      0.03821292      13.80704875
2011    22      0.09442776      27.0957775
2011    23      0.08995736      26.33973375
2011    24      0.08473406      25.14511625
2011    25      0.08885047      25.96713375
2011    26      0.18240022      45.504475
2011    27      0.22337788      54.44631125
2011    28      0.1653374       42.51301125
2011    29      0.05526018      17.98419125
2011    30      0.17906191      45.23914125
2011    31      0.22219605      53.78847875
2012    1       0.13737229      37.48423625
2012    2       0.0976096       28.316915
2012    3       0.12970235      35.25004875
2012    4       0.09144915      26.58433
2012    5       0.15628129      40.12310625
2012    6       0.09042133      25.94142375
2012    7       0.08738702      25.04302875
2012    8       0.07939939      22.7911475
2012    9       0.04727888      16.0418875
2012    10      0.104749        29.61667125
2012    11      0.08716045      25.72254
2012    12      0.0727828       22.35741875
2012    13      0.07097458      22.00645
2012    14      0.057137        18.61518375
2012    15      0.04420369      15.4800475
2012    16      0.04313376      15.223005
2012    17      0.09648846      27.33571875
2012    18      0.17275554      43.97904375
2012    19      0.1670171       42.51684
2012    20      0.04899482      16.383555
2012    21      0.08276163      24.3910175
2012    22      0.05548723      18.20944
2012    23      0.09709324      27.97097
2012    24      0.06413812      20.12440625
2012    25      0.06190903      19.56784
2012    26      0.05985972      19.17174
2012    27      0.0756686       22.96616375
2012    28      0.07834375      23.80191875
2012    29      0.08124527      24.31675625
2012    30      0.08520174      25.3278475
2012    31      0.06970781      21.5357725
2013    1       0.03129648      12.1038875
2013    2       0.03998872      14.3309325
2013    3       0.04351987      15.22533375
2013    4       0.03401298      12.87671375
2013    5       0.1206655       32.935955
2013    6       0.24484285      59.38016375
2013    7       0.20919021      51.99042625
2013    8       0.21076366      51.67490875
2013    9       0.07069338      21.485025
2013    10      0.18676698      46.37413375
2013    11      0.17085015      43.62357125
2013    12      0.11697646      31.8152675
2013    13      0.07204913      21.69713625
2013    14      0.04237979      14.6849875
2013    15      0.03237242      12.16192875
2013    16      0.06679058      20.19327625
2013    17      0.18473537      45.97697125
2013    18      0.219712        53.1291175
2013    19      0.07632022      22.516195
2013    20      0.12960892      34.40030875
2013    21      0.06308612      19.55144125
2013    22      0.12279558      33.70337625
2013    23      0.12894495      34.96221875
2013    24      0.23021932      55.631415
2013    25      0.15925222      41.29596875
2013    26      0.15697283      40.5736575
2013    27      0.04800332      16.1507275
2013    28      0.14490894      37.03892375
2013    29      0.16127744      40.6393225
2013    30      0.14837519      38.81290875
2013    31      0.04934006      16.354008
2014    1       0.1575502       40.4545825
2014    2       0.09117832      26.08368375
2014    3       0.17690122      44.17882875
2014    4       0.13684141      36.1080575
2014    5       0.05522422      17.9497775
2014    6       0.03432016      12.99176875
2014    7       0.03985925      14.2345925
2014    8       0.04507412      15.51937038
2014    9       0.06749469      21.26428125
2014    10      0.0642536       20.337345
2014    11      0.06217697      19.67996375
2014    12      0.0489017       16.73139875
2014    13      0.09185879      27.11228
2014    14      0.0708536       22.1379925
2014    15      0.13926324      37.10598125
2014    16      0.08778782      26.10700375
2014    17      0.08556487      25.5335925
2014    18      0.18516692      47.4976325
2014    19      0.08673273      25.57296375
2014    20      0.08548325      25.37401125
2014    21      0.10548306      29.497575
2014    22      0.2159924       52.9306175
2014    23      0.16113119      40.83668375
2014    24      0.07067584      21.224425
2014    25      0.03917939      13.86003625
2014    26      0.1116885       30.48124875
2014    27      0.10741871      29.7366625
2014    28      0.05584511      18.05884125
2014    29      0.09073129      26.29998375
2014    30      0.13278298      36.0691625
2014    31      0.13147087      35.7428025
2015    1       0.15186783      39.3650725
2015    2       0.15618085      40.5327275
2015    3       0.11631598      31.80247375
2015    4       0.07619107      22.5805525
2015    5       0.05240547      17.09688562
2015    6       0.08035532      23.94615375
2015    7       0.09700697      27.8822075
2015    8       0.15837761      42.01142625
2015    9       0.08360286      25.023375
2015    10      0.12178851      32.8175375
2015    11      0.06194043      19.203175
2015    12      0.02843155      11.41248375
2015    13      0.03465316      12.98659375
2015    14      0.06250548      19.6005475
2015    15      0.08130961      23.8605775
2015    16      0.11251054      30.9178275
2015    17      0.16968399      43.7750825
2015    18      0.18130638      46.216835
2015    19      0.11413233      31.86015625
2015    20      0.09551971      27.5689125
2015    21      0.23492834      56.9251925
2015    22      0.14302591      37.471295
2015    23      0.05606252      18.356675
2015    24      0.12440925      33.68849375
2015    25      0.23217612      56.09834
2015    26      0.13457819      36.29138
2015    27      0.03735067      13.58804125
2015    28      0.11242102      30.958225
2015    29      0.23097458      55.93437125
2015    30      0.25238942      60.55047375
2015    31      0.13892745      36.01991375
2016    1       0.11444833      30.57841125
2016    2       0.10857017      29.77264
2016    3       0.0748667       21.95235875
2016    4       0.11167468      30.4272025
2016    5       0.18362798      45.7233
2016    6       0.07835115      22.93036
2016    7       0.05710036      18.04320875
2016    8       0.05474904      17.47868125
2016    9       0.05334366      17.3538275
2016    10      0.04661748      15.8639025
2016    11      0.051085        16.87833125
2016    12      0.04054047      14.3191975
2016    13      0.04390409      15.19802875
2016    14      0.03260013      12.41982375
2016    15      0.11393466      30.67805875
2016    16      0.09424608      26.6519125
2016    17      0.06112864      19.3393025
2016    18      0.04099857      14.50266625
2016    19      0.05063747      16.9644125
2016    20      0.05923878      18.9382225
2016    21      0.0533355       17.43801125
2016    22      0.06739538      20.91603125
2016    23      0.05872114      18.77529125
2016    24      0.06918552      21.0530825
2016    25      0.22498123      53.942965
2016    26      0.03320923      12.6480125
2016    27      0.14132879      37.1421225
2016    28      0.15322789      39.6836825
2016    29      0.14478654      37.47484875
2016    30      0.13055912      35.12675
2016    31      0.15568471      40.69085125
2017    1       0.13425249      34.9733125
2017    2       0.10292234      28.34879
2017    3       0.12107717      33.17603625
2017    4       0.13329197      35.58228
2017    5       0.13874037      36.4535275
2017    6       0.17966738      45.12447625
2017    7       0.07394415      22.08808875
2017    8       0.15930327      40.87447625
2017    9       0.17562044      45.02022875
2017    10      0.10333966      29.27228
2017    11      0.12111901      33.35932
2017    12      0.13874681      37.20723375
2017    13      0.12040977      33.22339125
2017    14      0.1234814       33.60452375
2017    15      0.1459558       38.84313875
2017    16      0.09605439      27.82785125
2017    17      0.08410981      24.96471625
2017    18      0.26404176      63.4236175
2017    19      0.21087574      52.9016175
2017    20      0.15482002      41.20204625
2017    21      0.14824901      38.8837825
2017    22      0.18700488      46.96496875
2017    23      0.1914503       47.987495
2017    24      0.1567521       40.89759375
2017    25      0.08798897      25.8981775
2017    26      0.08530215      25.15068
2017    27      0.05155916      17.1865375
2017    28      0.10658933      30.12427
2017    29      0.07255292      22.31189875
2017    30      0.08252566      24.65243
2017    31      0.06155528      19.60830125
2018    1       0.25999328      62.16292875
2018    2       0.19507639      48.56913875
2018    3       0.17232612      43.4665575
2018    4       0.15952687      40.6929075
2018    5       0.10446014      29.04064375
2018    6       0.17515219      44.4763175
2018    7       0.12993494      34.16033125
2018    8       0.09001566      25.80390625
2018    9       0.18028079      46.2314375
2018    10      0.2662421       62.75801625
2018    11      0.2780792       65.3008375
2018    12      0.22272559      54.40300875
2018    13      0.12658914      34.0012325
2018    14      0.0529427       17.3125025
2018    15      0.22250596      53.47971125
2018    16      0.12905611      34.47027625
2018    17      0.18559105      46.33634
2018    18      0.13043597      34.796735
2018    19      0.12071037      32.654355
2018    20      0.06171496      19.2259975
2018    21      0.03686664      13.3343475
2018    22      0.10167052      28.3005675
2018    23      0.05515758      17.9143975
2018    24      0.05217204      17.20921
2018    25      0.06521255      20.492525
2018    26      0.09668873      27.34182875
2018    27      0.1417348       36.94939125
2018    28      0.21285455      52.28841375
2018    29      0.10507872      29.2556575
2018    30      0.18120991      45.2869825
2018    31      0.20994746      51.26780625
