####################################################################################################
# Month: 01Jan                                                                                     #
# Station: BLDR                                                                                    #
# Columns are: year    day     segment         windspeed (m/s)                                     #
####################################################################################################
2009    1       0       25.6829
2009    1       1       31.174748
2009    1       2       27.170267
2009    1       3       36.53862
2009    1       4       35.037752
2009    1       5       29.691235
2009    1       6       20.874344
2009    1       7       20.318185
2009    2       0       26.516501
2009    2       1       32.423773
2009    2       2       30.00492
2009    2       3       24.698875
2009    2       4       25.311108
2009    2       5       22.050266
2009    2       6       17.41056
2009    2       7       12.675657
2009    3       0       14.251048
2009    3       1       17.717465
2009    3       2       21.706147
2009    3       3       23.92091
2009    3       4       26.891636
2009    3       5       14.644059
2009    3       6       6.077083
2009    3       7       5.729743
2009    4       0       6.359809
2009    4       1       8.340586
2009    4       2       7.282144
2009    4       3       5.264696
2009    4       4       3.096126
2009    4       5       3.944436
2009    4       6       5.504864
2009    4       7       2.515021
2009    5       0       3.187841
2009    5       1       8.919872
2009    5       2       9.523962
2009    5       3       10.234021
2009    5       4       12.611464
2009    5       5       13.612984
2009    5       6       13.458471
2009    5       7       21.464583
2009    6       0       26.926009
2009    6       1       23.277015
2009    6       2       16.926039
2009    6       3       11.758432
2009    6       4       15.855138
2009    6       5       13.165399
2009    6       6       15.978014
2009    6       7       16.38952
2009    7       0       24.362167
2009    7       1       23.411144
2009    7       2       24.773832
2009    7       3       32.564139
2009    7       4       37.514385
2009    7       5       35.105963
2009    7       6       33.199487
2009    7       7       31.983199
2009    8       0       31.392093
2009    8       1       28.77884
2009    8       2       28.30974
2009    8       3       25.878913
2009    8       4       23.147331
2009    8       5       20.049592
2009    8       6       16.234187
2009    8       7       17.791071
2009    9       0       17.695729
2009    9       1       19.143781
2009    9       2       17.824669
2009    9       3       16.521658
2009    9       4       16.290351
2009    9       5       14.879085
2009    9       6       11.423195
2009    9       7       12.661619
2009    10      0       16.603594
2009    10      1       15.13836
2009    10      2       13.822342
2009    10      3       11.145667
2009    10      4       7.10945
2009    10      5       6.720713
2009    10      6       11.157734
2009    10      7       19.926772
2009    11      0       16.070222
2009    11      1       13.633861
2009    11      2       8.960274
2009    11      3       8.310662
2009    11      4       6.457129
2009    11      5       5.346696
2009    11      6       13.144053
2009    11      7       22.840241
2009    12      0       24.325796
2009    12      1       26.039078
2009    12      2       23.386399
2009    12      3       25.632285
2009    12      4       20.669529
2009    12      5       16.789763
2009    12      6       14.808589
2009    12      7       15.877632
2009    13      0       14.680592
2009    13      1       17.623666
2009    13      2       21.194208
2009    13      3       22.593833
2009    13      4       23.06484
2009    13      5       19.647094
2009    13      6       23.363544
2009    13      7       23.376094
2009    14      0       21.664099
2009    14      1       17.197446
2009    14      2       14.307934
2009    14      3       12.404535
2009    14      4       11.905509
2009    14      5       10.940888
2009    14      6       13.23468
2009    14      7       12.817593
2009    15      0       19.948212
2009    15      1       23.502289
2009    15      2       17.240901
2009    15      3       14.799785
2009    15      4       12.04538
2009    15      5       8.465889
2009    15      6       7.840789
2009    15      7       7.913255
2009    16      0       7.94459
2009    16      1       7.989682
2009    16      2       7.835394
2009    16      3       7.811098
2009    16      4       9.74714
2009    16      5       6.790873
2009    16      6       4.831011
2009    16      7       4.499028
2009    17      0       6.069103
2009    17      1       8.92673
2009    17      2       11.190429
2009    17      3       10.159583
2009    17      4       10.793415
2009    17      5       8.450779
2009    17      6       8.347131
2009    17      7       8.795596
2009    18      0       11.303084
2009    18      1       11.789886
2009    18      2       10.187832
2009    18      3       8.299116
2009    18      4       8.598154
2009    18      5       13.203651
2009    18      6       14.902377
2009    18      7       14.857001
2009    19      0       15.875548
2009    19      1       15.79054
2009    19      2       16.14239
2009    19      3       16.20697
2009    19      4       17.68089
2009    19      5       16.464881
2009    19      6       17.291813
2009    19      7       14.862011
2009    20      0       14.975043
2009    20      1       15.44913
2009    20      2       15.441817
2009    20      3       12.011089
2009    20      4       8.527458
2009    20      5       6.179427
2009    20      6       5.642398
2009    20      7       7.795476
2009    21      0       8.531978
2009    21      1       6.588096
2009    21      2       5.314667
2009    21      3       5.600927
2009    21      4       6.645335
2009    21      5       6.531641
2009    21      6       6.380056
2009    21      7       8.934716
2009    22      0       10.385081
2009    22      1       7.902746
2009    22      2       6.653102
2009    22      3       6.784263
2009    22      4       10.269034
2009    22      5       16.022878
2009    22      6       16.169019
2009    22      7       18.39139
2009    23      0       16.978021
2009    23      1       17.94576
2009    23      2       15.168677
2009    23      3       12.045081
2009    23      4       11.028828
2009    23      5       15.121542
2009    23      6       10.242357
2009    23      7       9.069861
2009    24      0       11.844544
2009    24      1       13.325794
2009    24      2       12.883273
2009    24      3       14.68467
2009    24      4       17.844922
2009    24      5       16.616191
2009    24      6       17.132834
2009    24      7       13.951634
2009    25      0       16.34211
2009    25      1       20.742138
2009    25      2       18.934638
2009    25      3       15.638894
2009    25      4       15.990959
2009    25      5       17.592593
2009    25      6       13.888422
2009    25      7       12.956365
2009    26      0       12.50724
2009    26      1       12.843787
2009    26      2       13.745919
2009    26      3       11.628955
2009    26      4       11.775868
2009    26      5       15.577557
2009    26      6       10.840652
2009    26      7       4.206717
2009    27      0       4.44269
2009    27      1       6.250921
2009    27      2       8.016641
2009    27      3       10.198804
2009    27      4       11.370023
2009    27      5       10.440828
2009    27      6       14.480049
2009    27      7       14.025566
2009    28      0       13.819123
2009    28      1       16.751372
2009    28      2       22.041018
2009    28      3       26.277015
2009    28      4       24.173109
2009    28      5       27.005596
2009    28      6       23.361985
2009    28      7       15.996817
2009    29      0       16.370609
2009    29      1       16.969279
2009    29      2       13.269834
2009    29      3       9.900668
2009    29      4       16.000548
2009    29      5       15.658524
2009    29      6       13.524258
2009    29      7       17.24554
2009    30      0       21.279909
2009    30      1       22.838468
2009    30      2       21.399194
2009    30      3       15.286878
2009    30      4       13.018841
2009    30      5       10.695549
2009    30      6       7.918261
2009    30      7       5.622247
2009    31      0       5.520275
2009    31      1       5.332051
2009    31      2       4.813843
2009    31      3       6.757072
2009    31      4       10.903232
2009    31      5       14.817317
2009    31      6       16.367599
2009    31      7       16.9575
