####################################################################################################
# Month: 06Jun                                                                                     #
# Station: JELM                                                                                    #
# Columns are: year    day     segment         RH (percent)                                        #
####################################################################################################
9       1       0       0.780128
9       1       1       0.703868
9       1       2       0.695705
9       1       3       0.653571
9       1       4       0.706095
9       1       5       0.797867
9       1       6       0.775081
9       1       7       0.883251
9       2       0       0.956532
9       2       1       0.969148
9       2       2       0.993555
9       2       3       0.950517
9       2       4       1.009369
9       2       5       0.984522
9       2       6       0.900285
9       2       7       0.829802
9       3       0       0.89069
9       3       1       0.901691
9       3       2       0.881092
9       3       3       0.826953
9       3       4       0.812932
9       3       5       0.806452
9       3       6       0.785417
9       3       7       0.718699
9       4       0       0.834107
9       4       1       0.950648
9       4       2       0.685941
9       4       3       0.812656
9       4       4       0.693558
9       4       5       0.759581
9       4       6       0.807246
9       4       7       0.627378
9       5       0       0.602389
9       5       1       0.624475
9       5       2       0.476751
9       5       3       0.346784
9       5       4       0.33182
9       5       5       0.426997
9       5       6       0.472848
9       5       7       0.502441
9       6       0       0.652741
9       6       1       0.914583
9       6       2       0.62155
9       6       3       0.22767
9       6       4       0.243447
9       6       5       0.350224
9       6       6       0.408625
9       6       7       0.364596
9       7       0       0.357115
9       7       1       0.339588
9       7       2       0.364409
9       7       3       0.354546
9       7       4       0.471142
9       7       5       0.675907
9       7       6       0.753952
9       7       7       0.7795
9       8       0       0.866977
9       8       1       0.886789
9       8       2       0.919814
9       8       3       0.910907
9       8       4       0.930464
9       8       5       0.911647
9       8       6       0.904959
9       8       7       0.827659
9       9       0       0.911817
9       9       1       0.850655
9       9       2       0.758942
9       9       3       0.738096
9       9       4       0.770513
9       9       5       0.860194
9       9       6       0.861185
9       9       7       0.892969
9       10      0       0.914515
9       10      1       0.922473
9       10      2       0.872289
9       10      3       0.847298
9       10      4       0.911084
9       10      5       0.941776
9       10      6       0.868718
9       10      7       0.889703
9       11      0       0.938884
9       11      1       0.92889
9       11      2       0.920817
9       11      3       0.91449
9       11      4       0.864986
9       11      5       0.947585
9       11      6       0.90613
9       11      7       0.914769
9       12      0       0.896723
9       12      1       0.907415
9       12      2       0.944932
9       12      3       0.80351
9       12      4       0.831999
9       12      5       0.854196
9       12      6       0.851795
9       12      7       0.76515
9       13      0       0.706652
9       13      1       0.767229
9       13      2       0.780149
9       13      3       0.74288
9       13      4       0.700935
9       13      5       0.653679
9       13      6       0.617096
9       13      7       0.454515
9       14      0       0.481321
9       14      1       0.506096
9       14      2       0.648266
9       14      3       0.562783
9       14      4       0.628221
9       14      5       0.684873
9       14      6       0.682034
9       14      7       0.694917
9       15      0       0.718539
9       15      1       0.735494
9       15      2       0.763627
9       15      3       0.831671
9       15      4       0.716058
9       15      5       0.789168
9       15      6       0.702003
9       15      7       0.729959
9       16      0       0.738168
9       16      1       0.677507
9       16      2       0.638282
9       16      3       0.663667
9       16      4       0.633437
9       16      5       0.697527
9       16      6       0.584136
9       16      7       0.625718
9       17      0       0.602975
9       17      1       0.637506
9       17      2       0.68308
9       17      3       0.694576
9       17      4       0.673136
9       17      5       0.654321
9       17      6       0.714799
9       17      7       0.666891
9       18      0       0.612927
9       18      1       0.654179
9       18      2       0.660207
9       18      3       0.662743
9       18      4       0.675393
9       18      5       0.760715
9       18      6       0.727999
9       18      7       0.706267
9       19      0       0.876696
9       19      1       0.901161
9       19      2       0.845794
9       19      3       0.822485
9       19      4       0.77172
9       19      5       0.762466
9       19      6       0.724017
9       19      7       0.576021
9       20      0       0.557808
9       20      1       0.575489
9       20      2       0.604035
9       20      3       0.658107
9       20      4       0.571809
9       20      5       0.430126
9       20      6       0.509782
9       20      7       0.564303
9       21      0       0.691095
9       21      1       0.83616
9       21      2       0.830524
9       21      3       0.817826
9       21      4       0.668437
9       21      5       0.709444
9       21      6       0.749456
9       21      7       0.66155
9       22      0       0.684239
9       22      1       0.612222
9       22      2       0.48318
9       22      3       0.383971
9       22      4       0.375952
9       22      5       0.392858
9       22      6       0.425251
9       22      7       0.374343
9       23      0       0.380623
9       23      1       0.413561
9       23      2       0.474383
9       23      3       0.369615
9       23      4       0.267827
9       23      5       0.246306
9       23      6       0.300509
9       23      7       0.342278
9       24      0       0.460816
9       24      1       0.469063
9       24      2       0.463161
9       24      3       0.367895
9       24      4       0.40038
9       24      5       0.462297
9       24      6       0.493028
9       24      7       0.430047
9       25      0       0.423512
9       25      1       0.444566
9       25      2       0.467461
9       25      3       0.458337
9       25      4       0.444445
9       25      5       0.458877
9       25      6       0.472585
9       25      7       0.479813
9       26      0       0.630131
9       26      1       0.634167
9       26      2       0.513359
9       26      3       0.497062
9       26      4       0.67112
9       26      5       0.745423
9       26      6       0.918204
9       26      7       0.910508
9       27      0       0.897201
9       27      1       0.816959
9       27      2       0.62734
9       27      3       0.544169
9       27      4       0.594633
9       27      5       0.727658
9       27      6       0.707485
9       27      7       0.446053
9       28      0       0.340583
9       28      1       0.342232
9       28      2       0.347018
9       28      3       0.451924
9       28      4       0.379429
9       28      5       0.329286
9       28      6       0.384542
9       28      7       0.349335
9       29      0       0.355672
9       29      1       0.350697
9       29      2       0.30027
9       29      3       0.262996
9       29      4       0.290034
9       29      5       0.331245
9       29      6       0.344015
9       29      7       0.305072
9       30      0       0.273199
9       30      1       0.24379
9       30      2       0.238541
9       30      3       0.251163
9       30      4       0.245232
9       30      5       0.247867
9       30      6       0.312534
9       30      7       0.275249
