####################################################################################################
# Month: 07Jul                                                                                     #
# Station: BOL                                                                                     #
# Columns are: year    day     RH (percent)                                                        #
####################################################################################################
9       1       0.12570038
9       2       0.328122
9       3       0.2996035
9       4       0.262637
9       5       0.14148375
9       6       0.38785175
9       7       0.72898175
9       8       0.25675888
9       9       0.524639
9       10      0.32460338
9       11      0.3616465
9       12      0.69545588
9       13      0.45171
9       14      0.452307
9       15      0.42761388
9       16      0.49435375
9       17      0.24129488
9       18      0.05765963
9       19      0.0629025
9       20      0.24516625
9       21      0.33536488
9       22      0.156607
9       23      0.51267812
9       24      0.8939575
9       25      0.91152825
9       26      0.82520712
9       27      0.87274912
9       28      0.62517663
9       29      0.5897665
9       30      0.46919512
9       31      0.48395338
