####################################################################################################
# Month: 07Jul                                                                                     #
# Station: SAN                                                                                     #
# Columns are: year    day     segment         RH (percent)                                        #
####################################################################################################
9       1       0       0.4734
9       1       1       0.489511
9       1       2       0.511057
9       1       3       0.468973
9       1       4       0.513009
9       1       5       0.544655
9       1       6       0.574672
9       1       7       0.551333
9       2       0       0.596123
9       2       1       0.619594
9       2       2       0.649571
9       2       3       0.738918
9       2       4       0.806525
9       2       5       0.821337
9       2       6       0.785677
9       2       7       0.713963
9       3       0       0.637917
9       3       1       0.667732
9       3       2       0.673125
9       3       3       0.571439
9       3       4       0.535759
9       3       5       0.675858
9       3       6       0.815502
9       3       7       0.740232
9       4       0       0.596553
9       4       1       0.388095
9       4       2       0.223117
9       4       3       0.184327
9       4       4       0.136395
9       4       5       0.14786
9       4       6       0.185441
9       4       7       0.170295
9       5       0       0.105587
9       5       1       0.030348
9       5       2       0.018326
9       5       3       0.021735
9       5       4       0.031578
9       5       5       0.012321
9       5       6       0.051504
9       5       7       0.094866
9       6       0       0.048837
9       6       1       0.042573
9       6       2       0.050947
9       6       3       0.054298
9       6       4       0.055081
9       6       5       0.069383
9       6       6       0.098134
9       6       7       0.116407
9       7       0       0.116141
9       7       1       0.097343
9       7       2       0.09037
9       7       3       0.074794
9       7       4       0.069732
9       7       5       0.072528
9       7       6       0.070227
9       7       7       0.089233
9       8       0       0.051689
9       8       1       0.04192
9       8       2       0.049006
9       8       3       0.03618
9       8       4       0.041562
9       8       5       0.060942
9       8       6       0.070804
9       8       7       0.101144
9       9       0       0.094816
9       9       1       0.074116
9       9       2       0.072402
9       9       3       0.069142
9       9       4       0.069251
9       9       5       0.081548
9       9       6       0.064743
9       9       7       0.088382
9       10      0       0.108912
9       10      1       0.097071
9       10      2       0.136001
9       10      3       0.29316
9       10      4       0.386444
9       10      5       0.27717
9       10      6       0.319966
9       10      7       0.384951
9       11      0       0.39674
9       11      1       0.366729
9       11      2       0.395462
9       11      3       0.519305
9       11      4       0.469027
9       11      5       0.387037
9       11      6       0.41071
9       11      7       0.408881
9       12      0       0.36724
9       12      1       0.341255
9       12      2       0.37432
9       12      3       0.415764
9       12      4       0.414332
9       12      5       0.401482
9       12      6       0.378647
9       12      7       0.335768
9       13      0       0.328415
9       13      1       0.276413
9       13      2       0.314166
9       13      3       0.333651
9       13      4       0.306908
9       13      5       0.282319
9       13      6       0.316891
9       13      7       0.305252
9       14      0       0.270313
9       14      1       0.177717
9       14      2       0.20301
9       14      3       0.227028
9       14      4       0.252866
9       14      5       0.276295
9       14      6       0.291101
9       14      7       0.315649
9       15      0       0.364455
9       15      1       0.414702
9       15      2       0.485021
9       15      3       0.502908
9       15      4       0.487222
9       15      5       0.464642
9       15      6       0.504229
9       15      7       0.522804
9       16      0       0.564146
9       16      1       0.638126
9       16      2       0.680501
9       16      3       0.708376
9       16      4       0.605152
9       16      5       0.553767
9       16      6       0.55495
9       16      7       0.505872
9       17      0       0.521102
9       17      1       0.525435
9       17      2       0.520665
9       17      3       0.498574
9       17      4       0.475463
9       17      5       0.517705
9       17      6       0.536339
9       17      7       0.516147
9       18      0       0.491844
9       18      1       0.474779
9       18      2       0.491711
9       18      3       0.567618
9       18      4       0.543013
9       18      5       0.4707
9       18      6       0.464034
9       18      7       0.462151
9       19      0       0.469136
9       19      1       0.485673
9       19      2       0.412017
9       19      3       0.415244
9       19      4       0.460313
9       19      5       0.502188
9       19      6       0.594608
9       19      7       0.645698
9       20      0       0.626461
9       20      1       0.630671
9       20      2       0.615222
9       20      3       0.603068
9       20      4       0.591835
9       20      5       0.553435
9       20      6       0.560721
9       20      7       0.481166
9       21      0       0.495117
9       21      1       0.495984
9       21      2       0.511289
9       21      3       0.544168
9       21      4       0.578153
9       21      5       0.597268
9       21      6       0.55729
9       21      7       0.508471
9       22      0       0.475697
9       22      1       0.44131
9       22      2       0.430998
9       22      3       0.441666
9       22      4       0.435788
9       22      5       0.435589
9       22      6       0.509393
9       22      7       0.525254
9       23      0       0.488694
9       23      1       0.437453
9       23      2       0.445687
9       23      3       0.487606
9       23      4       0.567019
9       23      5       0.558133
9       23      6       0.486239
9       23      7       0.411686
9       24      0       0.401755
9       24      1       0.417261
9       24      2       0.428365
9       24      3       0.432658
9       24      4       0.449069
9       24      5       0.550138
9       24      6       0.670055
9       24      7       0.727657
9       25      0       0.593974
9       25      1       0.513351
9       25      2       0.472645
9       25      3       0.517466
9       25      4       0.509374
9       25      5       0.575956
9       25      6       0.698217
9       25      7       0.739536
9       26      0       0.782977
9       26      1       0.774817
9       26      2       0.739717
9       26      3       0.709406
9       26      4       0.693224
9       26      5       0.668224
9       26      6       0.897933
9       26      7       0.734546
9       27      0       0.70069
9       27      1       0.662889
9       27      2       0.744437
9       27      3       0.62447
9       27      4       0.425908
9       27      5       0.344003
9       27      6       0.348294
9       27      7       0.370327
9       28      0       0.365662
9       28      1       0.54943
9       28      2       0.413885
9       28      3       0.393563
9       28      4       0.326006
9       28      5       0.232441
9       28      6       0.20674
9       28      7       0.260033
9       29      0       0.256539
9       29      1       0.135963
9       29      2       0.092506
9       29      3       0.055022
9       29      4       0.04172
9       29      5       0.114633
9       29      6       0.143809
9       29      7       0.190637
9       30      0       0.157346
9       30      1       0.139863
9       30      2       0.166516
9       30      3       0.246338
9       30      4       0.307934
9       30      5       0.277979
9       30      6       0.305397
9       30      7       0.338751
9       31      0       0.370967
9       31      1       0.39951
9       31      2       0.424396
9       31      3       0.383185
9       31      4       0.263977
9       31      5       0.170005
9       31      6       0.249
9       31      7       0.313248
