####################################################################################################
# Month: 09Sep                                                                                     #
# Station: KEN                                                                                     #
# Columns are: year    day     segment         RH (percent)                                        #
####################################################################################################
9       1       0       0.672114
9       1       1       0.726097
9       1       2       0.681569
9       1       3       0.871746
9       1       4       0.934588
9       1       5       0.95176
9       1       6       0.904104
9       1       7       0.636493
9       2       0       0.545739
9       2       1       0.575386
9       2       2       0.621407
9       2       3       0.872446
9       2       4       0.936646
9       2       5       1.003477
9       2       6       0.918737
9       2       7       0.817215
9       3       0       0.652225
9       3       1       0.543876
9       3       2       0.542853
9       3       3       0.794236
9       3       4       0.889471
9       3       5       1.035237
9       3       6       0.711268
9       3       7       0.448765
9       4       0       0.476794
9       4       1       0.678036
9       4       2       0.549436
9       4       3       0.756525
9       4       4       0.907468
9       4       5       1.030344
9       4       6       0.76108
9       4       7       0.619568
9       5       0       0.724217
9       5       1       0.856857
9       5       2       0.902471
9       5       3       0.830196
9       5       4       0.902761
9       5       5       0.965275
9       5       6       0.801096
9       5       7       0.653174
9       6       0       0.688304
9       6       1       0.717095
9       6       2       0.638265
9       6       3       0.816476
9       6       4       0.893455
9       6       5       1.001045
9       6       6       1.002155
9       6       7       0.990926
9       7       0       0.874244
9       7       1       1.102553
9       7       2       0.839532
9       7       3       0.917656
9       7       4       0.904176
9       7       5       0.953203
9       7       6       0.936891
9       7       7       0.718902
9       8       0       0.529935
9       8       1       0.563623
9       8       2       0.604837
9       8       3       0.841912
9       8       4       0.898393
9       8       5       1.004044
9       8       6       0.823561
9       8       7       0.473807
9       9       0       0.476892
9       9       1       0.606119
9       9       2       0.613151
9       9       3       0.859579
9       9       4       0.89595
9       9       5       0.980671
9       9       6       0.903467
9       9       7       0.713261
9       10      0       0.512175
9       10      1       0.451563
9       10      2       0.442097
9       10      3       0.831621
9       10      4       0.850099
9       10      5       0.949681
9       10      6       0.989182
9       10      7       0.866876
9       11      0       0.767588
9       11      1       0.682823
9       11      2       0.661838
9       11      3       0.854208
9       11      4       0.80122
9       11      5       0.92318
9       11      6       0.940347
9       11      7       0.99147
9       12      0       0.959044
9       12      1       0.804593
9       12      2       0.777876
9       12      3       0.932825
9       12      4       0.940515
9       12      5       1.006039
9       12      6       0.997332
9       12      7       0.835167
9       13      0       0.846166
9       13      1       0.911457
9       13      2       0.913104
9       13      3       1.091574
9       13      4       0.921442
9       13      5       0.970707
9       13      6       1.014734
9       13      7       0.752629
9       14      0       0.554089
9       14      1       0.630161
9       14      2       0.757613
9       14      3       0.86278
9       14      4       0.883937
9       14      5       0.963937
9       14      6       1.034835
9       14      7       0.887096
9       15      0       0.829703
9       15      1       0.779166
9       15      2       0.736848
9       15      3       0.845482
9       15      4       0.844672
9       15      5       0.948029
9       15      6       0.915891
9       15      7       0.790446
9       16      0       0.80251
9       16      1       0.797995
9       16      2       0.740365
9       16      3       0.856063
9       16      4       0.860229
9       16      5       0.898124
9       16      6       0.863083
9       16      7       0.764044
9       17      0       0.720964
9       17      1       0.769649
9       17      2       0.803781
9       17      3       0.89496
9       17      4       0.929404
9       17      5       0.976503
9       17      6       0.996579
9       17      7       0.976145
9       18      0       0.873222
9       18      1       0.954816
9       18      2       0.748943
9       18      3       0.866584
9       18      4       0.908944
9       18      5       0.989274
9       18      6       0.932845
9       18      7       1.028706
9       19      0       0.786249
9       19      1       0.746369
9       19      2       0.729451
9       19      3       0.895276
9       19      4       0.931655
9       19      5       0.962329
9       19      6       0.919453
9       19      7       0.797502
9       20      0       0.6715
9       20      1       0.680579
9       20      2       0.715869
9       20      3       1.074542
9       20      4       0.917502
9       20      5       0.935139
9       20      6       0.850807
9       20      7       0.912138
9       21      0       0.72523
9       21      1       0.653835
9       21      2       0.606782
9       21      3       1.138282
9       21      4       0.868238
9       21      5       0.93667
9       21      6       0.943402
9       21      7       0.645265
9       22      0       0.518744
9       22      1       0.47823
9       22      2       0.487401
9       22      3       0.816027
9       22      4       0.837502
9       22      5       0.96203
9       22      6       0.980844
9       22      7       0.924527
9       23      0       1.009655
9       23      1       0.916804
9       23      2       0.910606
9       23      3       0.934455
9       23      4       0.951835
9       23      5       1.064699
9       23      6       1.024569
9       23      7       1.063163
9       24      0       0.908979
9       24      1       0.907597
9       24      2       0.878997
9       24      3       0.920285
9       24      4       0.909554
9       24      5       1.049078
9       24      6       0.844583
9       24      7       0.641844
9       25      0       0.554532
9       25      1       0.498114
9       25      2       0.42746
9       25      3       0.674078
9       25      4       0.695752
9       25      5       0.719812
9       25      6       0.649672
9       25      7       0.519138
9       26      0       0.4157
9       26      1       0.398758
9       26      2       0.388863
9       26      3       0.723178
9       26      4       0.749008
9       26      5       0.839154
9       26      6       0.76101
9       26      7       0.651844
9       27      0       0.539646
9       27      1       0.520736
9       27      2       0.524191
9       27      3       0.828342
9       27      4       0.850802
9       27      5       0.899368
9       27      6       0.901819
9       27      7       0.859594
9       28      0       0.576481
9       28      1       0.540367
9       28      2       0.512761
9       28      3       0.804351
9       28      4       0.760481
9       28      5       0.801483
9       28      6       0.809649
9       28      7       0.781217
9       29      0       0.771311
9       29      1       0.801359
9       29      2       0.842268
9       29      3       0.910822
9       29      4       0.919463
9       29      5       0.998788
9       29      6       0.985746
9       29      7       0.939649
9       30      0       0.901086
9       30      1       0.99002
9       30      2       0.87452
9       30      3       0.991551
9       30      4       0.957569
9       30      5       1.003749
9       30      6       0.985799
9       30      7       0.885813
