####################################################################################################
# Month: 04Apr                                                                                     #
# Station: KP                                                                                      #
# Columns are: year    day     segment         RH (percent)                                        #
####################################################################################################
9       1       0       0.105553
9       1       1       0.093329
9       1       2       0.083617
9       1       3       0.085227
9       1       4       0.119407
9       1       5       0.20655
9       1       6       0.261835
9       1       7       0.27243
9       2       0       0.347249
9       2       1       0.391715
9       2       2       0.414007
9       2       3       0.440416
9       2       4       0.375283
9       2       5       0.326121
9       2       6       0.406789
9       2       7       0.338831
9       3       0       0.311752
9       3       1       0.336326
9       3       2       0.296601
9       3       3       0.250365
9       3       4       0.301624
9       3       5       0.239746
9       3       6       0.298862
9       3       7       0.42891
9       4       0       0.218622
9       4       1       0.287731
9       4       2       0.543342
9       4       3       0.417938
9       4       4       0.27426
9       4       5       0.282386
9       4       6       0.380096
9       4       7       0.28441
9       5       0       0.2237
9       5       1       0.215259
9       5       2       0.14125
9       5       3       0.080492
9       5       4       0.058258
9       5       5       0.038173
9       5       6       0.091318
9       5       7       0.10594
9       6       0       0.10405
9       6       1       0.118057
9       6       2       0.142873
9       6       3       0.16853
9       6       4       0.191842
9       6       5       0.195091
9       6       6       0.190058
9       6       7       0.147686
9       7       0       0.123852
9       7       1       0.132664
9       7       2       0.144789
9       7       3       0.110596
9       7       4       0.142205
9       7       5       0.232212
9       7       6       0.250752
9       7       7       0.213565
9       8       0       0.202243
9       8       1       0.150213
9       8       2       0.178565
9       8       3       0.223533
9       8       4       0.173471
9       8       5       0.130616
9       8       6       0.194175
9       8       7       0.286311
9       9       0       0.277536
9       9       1       0.389068
9       9       2       0.595171
9       9       3       0.374234
9       9       4       0.155788
9       9       5       0.087836
9       9       6       0.194413
9       9       7       0.243114
9       10      0       0.208189
9       10      1       0.212482
9       10      2       0.239094
9       10      3       0.206658
9       10      4       0.212084
9       10      5       0.12493
9       10      6       0.332793
9       10      7       0.445777
9       11      0       0.52652
9       11      1       0.745531
9       11      2       0.93946
9       11      3       0.766264
9       11      4       0.824547
9       11      5       0.970558
9       11      6       0.929951
9       11      7       0.962426
9       12      0       0.91532
9       12      1       0.83991
9       12      2       0.751196
9       12      3       0.586959
9       12      4       0.670116
9       12      5       0.727379
9       12      6       0.733361
9       12      7       0.657433
9       13      0       0.533553
9       13      1       0.368137
9       13      2       0.336547
9       13      3       0.333983
9       13      4       0.293875
9       13      5       0.200998
9       13      6       0.297159
9       13      7       0.231766
9       14      0       0.196825
9       14      1       0.200314
9       14      2       0.214509
9       14      3       0.221747
9       14      4       0.243155
9       14      5       0.25911
9       14      6       0.362189
9       14      7       0.375172
9       15      0       0.411925
9       15      1       0.35112
9       15      2       -0.249629
9       15      3       0.366087
9       15      4       0.389651
9       15      5       0.364886
9       15      6       0.556215
9       15      7       0.327769
9       16      0       0.37672
9       16      1       0.434728
9       16      2       0.369106
9       16      3       0.316571
9       16      4       0.324941
9       16      5       0.343613
9       16      6       0.37503
9       16      7       0.357982
9       17      0       0.3246
9       17      1       0.398206
9       17      2       0.461982
9       17      3       0.481449
9       17      4       0.484687
9       17      5       0.453173
9       17      6       0.316693
9       17      7       0.300913
9       18      0       0.234109
9       18      1       0.189646
9       18      2       0.257266
9       18      3       0.311073
9       18      4       0.359123
9       18      5       0.390752
9       18      6       0.352659
9       18      7       0.273988
9       19      0       0.242506
9       19      1       0.173911
9       19      2       0.212616
9       19      3       0.269604
9       19      4       0.228818
9       19      5       0.245354
9       19      6       0.238915
9       19      7       0.168707
9       20      0       0.140521
9       20      1       0.145512
9       20      2       0.149795
9       20      3       0.151284
9       20      4       0.222196
9       20      5       0.206164
9       20      6       0.173533
9       20      7       0.129492
9       21      0       0.103885
9       21      1       0.096328
9       21      2       0.103715
9       21      3       0.097783
9       21      4       0.086093
9       21      5       0.090822
9       21      6       0.11964
9       21      7       0.111508
9       22      0       0.103288
9       22      1       0.113043
9       22      2       0.116718
9       22      3       0.113287
9       22      4       0.091622
9       22      5       0.087305
9       22      6       0.130317
9       22      7       0.144157
9       23      0       0.155833
9       23      1       0.196397
9       23      2       0.219511
9       23      3       0.238906
9       23      4       0.202655
9       23      5       0.170873
9       23      6       0.213036
9       23      7       0.198799
9       24      0       0.234242
9       24      1       0.219212
9       24      2       0.145235
9       24      3       0.103277
9       24      4       0.086357
9       24      5       0.091425
9       24      6       0.181082
9       24      7       0.217037
9       25      0       0.199333
9       25      1       0.107441
9       25      2       0.24021
9       25      3       0.370136
9       25      4       0.354316
9       25      5       0.347423
9       25      6       0.430686
9       25      7       0.343212
9       26      0       0.332984
9       26      1       0.351917
9       26      2       0.390465
9       26      3       0.413097
9       26      4       0.409746
9       26      5       0.349976
9       26      6       0.204017
9       26      7       0.149661
9       27      0       0.133328
9       27      1       0.14122
9       27      2       0.131996
9       27      3       0.130185
9       27      4       0.118526
9       27      5       0.124323
9       27      6       0.154325
9       27      7       0.137098
9       28      0       0.148411
9       28      1       0.143005
9       28      2       0.14804
9       28      3       0.119522
9       28      4       0.11278
9       28      5       0.116575
9       28      6       0.139652
9       28      7       0.152719
9       29      0       0.254776
9       29      1       0.285303
9       29      2       0.286883
9       29      3       0.292375
9       29      4       0.260196
9       29      5       0.227939
9       29      6       0.296305
9       29      7       0.225755
9       30      0       0.194485
9       30      1       0.208491
9       30      2       0.205903
9       30      3       0.208321
9       30      4       0.197595
9       30      5       0.111083
9       30      6       0.137945
9       30      7       0.120163
