####################################################################################################
# Month: 08Aug                                                                                     #
# Station: GLT                                                                                     #
# Columns are: year    day     windspeed (m/s)                                                     #
####################################################################################################
2009    1       2.82760388
2009    2       4.82698288
2009    3       4.70688975
2009    4       8.84593587
2009    5       6.72714488
2009    6       7.2434755
2009    7       5.23275275
2009    8       5.24481663
2009    9       2.73391762
2009    10      0.86995875
2009    11      3.6345395
2009    12      6.40404025
2009    13      2.47463125
2009    14      2.05869538
2009    15      3.0896
2009    16      1.74080138
2009    17      7.05889012
2009    18      20.15111487
2009    19      16.23774662
2009    20      2.935857
2009    21      3.65425075
2009    22      5.58860863
2009    23      7.02327525
2009    24      1.94769988
2009    25      4.90261462
2009    26      11.66875825
2009    27      9.9819455
2009    28      6.1283395
2009    29      2.97624125
2009    30      3.95470288
2009    31      5.95607375
