####################################################################################################
# Month: 03Mar                                                                                     #
# Station: SMA                                                                                     #
# Columns are: year    day     segment         RH (percent)                                        #
####################################################################################################
9       1       0       0.008455
9       1       1       0.014371
9       1       2       0.012861
9       1       3       0.014853
9       1       4       0.021994
9       1       5       0.023879
9       1       6       0.026141
9       1       7       0.025624
9       2       0       0.022246
9       2       1       0.01988
9       2       2       0.023498
9       2       3       0.024542
9       2       4       0.01788
9       2       5       0.01205
9       2       6       0.013306
9       2       7       0.014551
9       3       0       0.016262
9       3       1       0.016311
9       3       2       0.016027
9       3       3       0.015193
9       3       4       0.015444
9       3       5       0.025239
9       3       6       0.063759
9       3       7       0.06798
9       4       0       0.12324
9       4       1       0.209811
9       4       2       0.417367
9       4       3       0.547052
9       4       4       0.577515
9       4       5       0.638341
9       4       6       0.683487
9       4       7       0.669948
9       5       0       0.673727
9       5       1       0.725502
9       5       2       0.764991
9       5       3       0.784978
9       5       4       0.85875
9       5       5       0.904899
9       5       6       0.907685
9       5       7       0.906103
9       6       0       0.926516
9       6       1       0.896326
9       6       2       0.792332
9       6       3       0.684886
9       6       4       0.643337
9       6       5       0.664157
9       6       6       0.81779
9       6       7       0.956014
9       7       0       0.977685
9       7       1       0.98341
9       7       2       0.98331
9       7       3       0.986621
9       7       4       0.984945
9       7       5       0.965455
9       7       6       0.94711
9       7       7       0.945257
9       8       0       0.956719
9       8       1       0.990881
9       8       2       1.010797
9       8       3       1.008341
9       8       4       0.97586
9       8       5       0.964096
9       8       6       0.987889
9       8       7       0.98354
9       9       0       0.981676
9       9       1       0.984987
9       9       2       0.986215
9       9       3       0.987137
9       9       4       0.946426
9       9       5       0.65746
9       9       6       0.460312
9       9       7       0.369692
9       10      0       0.438998
9       10      1       0.403338
9       10      2       0.358013
9       10      3       0.297615
9       10      4       0.230904
9       10      5       0.24003
9       10      6       0.254298
9       10      7       0.35699
9       11      0       0.31894
9       11      1       0.217504
9       11      2       0.229443
9       11      3       0.236438
9       11      4       0.125286
9       11      5       0.025756
9       11      6       0.034631
9       11      7       0.050929
9       12      0       0.053105
9       12      1       0.04054
9       12      2       0.066982
9       12      3       0.099225
9       12      4       0.072356
9       12      5       0.074469
9       12      6       0.074129
9       12      7       0.081549
9       13      0       0.083275
9       13      1       0.112197
9       13      2       0.135089
9       13      3       0.138665
9       13      4       0.080723
9       13      5       0.077125
9       13      6       0.080098
9       13      7       0.077038
9       14      0       0.077739
9       14      1       0.069338
9       14      2       0.069568
9       14      3       0.07869
9       14      4       0.107658
9       14      5       0.118083
9       14      6       0.102241
9       14      7       0.082849
9       15      0       0.076281
9       15      1       0.070474
9       15      2       0.063667
9       15      3       0.026199
9       15      4       0.035255
9       15      5       0.037613
9       15      6       0.033944
9       15      7       0.033739
9       16      0       0.079236
9       16      1       0.139484
9       16      2       0.102203
9       16      3       0.083661
9       16      4       0.113465
9       16      5       0.034109
9       16      6       0.031773
9       16      7       0.05414
9       17      0       0.059993
9       17      1       0.050506
9       17      2       0.067621
9       17      3       0.067589
9       17      4       0.250462
9       17      5       0.399581
9       17      6       0.756239
9       17      7       0.926663
9       18      0       0.961687
9       18      1       0.978775
9       18      2       0.979786
9       18      3       0.978309
9       18      4       0.7786
9       18      5       0.668349
9       18      6       0.527067
9       18      7       0.422599
9       19      0       0.371645
9       19      1       0.354618
9       19      2       0.502673
9       19      3       0.726089
9       19      4       0.802761
9       19      5       0.901558
9       19      6       0.926799
9       19      7       0.953424
9       20      0       0.985766
9       20      1       0.959907
9       20      2       0.741082
9       20      3       0.38669
9       20      4       0.303585
9       20      5       0.336476
9       20      6       0.322054
9       20      7       0.310494
9       21      0       0.301958
9       21      1       0.336702
9       21      2       0.359123
9       21      3       0.242169
9       21      4       0.177621
9       21      5       0.170937
9       21      6       0.08793
9       21      7       0.066738
9       22      0       0.061163
9       22      1       0.064376
9       22      2       0.094494
9       22      3       0.064121
9       22      4       0.053508
9       22      5       0.042692
9       22      6       0.0418
9       22      7       0.033367
9       23      0       0.026979
9       23      1       0.026132
9       23      2       0.024843
9       23      3       0.024978
9       23      4       0.021849
9       23      5       0.022562
9       23      6       0.024929
9       23      7       0.022209
9       24      0       0.044555
9       24      1       0.063539
9       24      2       0.06276
9       24      3       0.045256
9       24      4       0.027659
9       24      5       0.016759
9       24      6       0.023488
9       24      7       0.022259
9       25      0       0.025175
9       25      1       0.031202
9       25      2       0.034668
9       25      3       0.040964
9       25      4       0.049542
9       25      5       0.066953
9       25      6       0.078092
9       25      7       0.075856
9       26      0       0.064014
9       26      1       0.065966
9       26      2       0.074468
9       26      3       0.071486
9       26      4       0.054421
9       26      5       0.054488
9       26      6       0.042664
9       26      7       0.032306
9       27      0       0.025043
9       27      1       0.021907
9       27      2       0.034692
9       27      3       0.037036
9       27      4       0.02591
9       27      5       0.024203
9       27      6       0.022746
9       27      7       0.020898
9       28      0       0.017374
9       28      1       0.013198
9       28      2       0.015287
9       28      3       0.018587
9       28      4       0.01884
9       28      5       0.019525
9       28      6       0.025762
9       28      7       0.031483
9       29      0       0.039698
9       29      1       0.051024
9       29      2       0.070444
9       29      3       0.079678
9       29      4       0.067474
9       29      5       0.056637
9       29      6       0.045958
9       29      7       0.035142
9       30      0       0.031404
9       30      1       0.034145
9       30      2       0.038354
9       30      3       0.042008
9       30      4       0.043079
9       30      5       0.043984
9       30      6       0.04103
9       30      7       0.038993
9       31      0       0.051443
9       31      1       0.054087
9       31      2       0.051937
9       31      3       0.054505
9       31      4       0.054638
9       31      5       0.044908
9       31      6       0.063142
9       31      7       0.091899
