####################################################################################################
# Month: 10Oct                                                                                     #
# Station: NZ                                                                                      #
# Columns are: year    day     RH (percent)                                                        #
####################################################################################################
9       1       0.72684138
9       2       0.64736475
9       3       0.68104025
9       4       0.54417662
9       5       0.31445888
9       6       0.31394738
9       7       0.645484
9       8       0.98633775
9       9       0.54891512
9       10      0.31782212
9       11      0.25100813
9       12      0.25242025
9       13      0.68601738
9       14      0.55858975
9       15      0.93151888
9       16      0.877414
9       17      0.8685085
9       18      0.542843
9       19      0.70785962
9       20      0.55489188
9       21      0.52342788
9       22      0.6665835
9       23      0.6688555
