####################################################################################################
# Month: 12Dec                                                                                     #
# Station: JELM                                                                                    #
# Frequency: 345 GHz                                                                               #
# Columns are: year    day     tau     Tb (K)                                                      #
####################################################################################################
2009    1       0.535083        111.733525
2009    2       0.47841786      97.7576575
2009    3       0.23564851      56.9742475
2009    4       0.24666906      58.5277675
2009    5       0.36117905      81.87857
2009    6       0.58484776      114.43299
2009    7       0.52977809      106.15759375
2009    8       0.76793851      138.483275
2009    9       0.24272479      58.18269875
2009    10      0.23041639      56.13265375
2009    11      0.240035        59.62391375
2009    12      0.55274176      112.418635
2009    13      0.76641918      140.6341875
2009    14      0.65102365      123.41600125
2009    15      0.44563232      95.89207125
2009    16      0.86637015      153.7215125
2009    17      0.83451635      148.3146875
2009    18      0.34742359      79.6950775
2009    19      0.22200434      55.65394875
2009    20      0.6373053       126.04020375
2009    21      0.65638233      126.452685
2009    22      0.67057279      125.2507275
2009    23      0.96689569      161.4806
2009    24      0.3998597       82.3826725
2009    25      0.35856358      78.75890125
2009    26      0.71056174      132.0122375
2009    27      0.59192602      117.3060925
2009    28      0.23196825      58.0196775
2009    29      0.42066808      89.4526725
2009    30      0.58851781      116.05496625
2009    31      0.44025734      93.35739625
2010    1       0.78454675      144.8739875
2010    2       0.77201365      142.9450375
2010    3       1.118132        177.7883875
2010    4       1.0148496       168.3226375
2010    5       1.20822025      184.2317875
2010    6       0.79964635      143.06545
2010    7       0.79980089      140.64022625
2010    8       0.49083344      104.03008875
2010    9       0.80915961      147.2673375
2010    10      0.8759326       151.4662875
2010    11      0.4587656       95.0529425
2010    12      0.94613219      156.18346625
2010    13      0.70833116      135.2244375
2010    14      0.88033746      155.595275
2010    15      1.04730575      171.2052125
2010    16      0.29828669      70.36250125
2010    17      0.17977785      47.437795
2010    18      0.71057658      130.202165
2010    19      1.22082135      185.1073
2010    20      1.38217662      197.7055625
2010    21      1.49752262      205.4651625
2010    22      1.09119351      176.6561375
2010    23      1.23112019      188.0176875
2010    24      0.51765656      108.3019475
2010    25      0.38929792      87.27846625
2010    26      0.47152548      102.8695425
2010    27      0.46312761      97.18992125
2010    28      0.37926782      85.53082625
2010    29      0.75082215      137.1885125
2010    30      0.87026291      152.7354125
2010    31      0.44264642      92.0791625
2011    1       0.88468859      150.8004375
2011    2       0.49218824      103.75065875
2011    3       0.66201298      125.7839125
2011    4       0.36753686      81.15976375
2011    5       0.27232593      63.89509
2011    6       0.37918466      79.1651875
2011    7       0.55578513      115.56162125
2011    8       0.58044405      114.74613625
2011    9       0.44654688      96.10772125
2011    10      0.38063662      85.33026
2011    11      0.21108406      54.638065
2011    12      0.42063899      92.11917625
2011    13      0.77703139      143.0534
2011    14      0.60621954      119.079745
2011    15      0.45586034      96.03584375
2011    16      0.39690608      88.2693975
2011    17      0.50437776      108.97279125
2011    18      0.34693062      81.45969
2011    19      0.68032486      132.1191375
2011    20      0.38872494      86.4586075
2011    21      0.68352041      129.78432125
2011    22      0.49483159      101.30365625
2011    23      0.3823054       82.9156625
2011    24      0.35522658      80.87682
2011    25      0.6264754       125.138325
2011    26      0.44139279      96.51692
2011    27      0.57839292      116.85837625
2011    28      0.77602409      141.253675
2011    29      0.9999982       166.4551125
2011    30      0.62991824      121.889385
2011    31      0.66522779      126.44104
2012    1       0.96837548      164.8103625
2012    2       0.72457894      139.5395
2012    3       0.7307832       127.2356675
2012    4       0.59940068      114.98302875
2012    5       1.14591161      183.3713
2012    6       0.83473136      143.97546375
2012    7       0.58017462      115.882035
2012    8       0.73849982      136.0947125
2012    9       0.35137879      77.66117125
2012    10      0.40810486      87.19244875
2012    11      0.51423725      104.77041375
2012    12      0.59095391      118.85165
2012    13      0.5801718       117.6640875
2012    14      0.65315238      127.03205
2012    15      0.91965504      157.936975
2012    16      0.65783002      126.0115125
2012    17      0.65246349      126.4302125
2012    18      0.80716482      143.1612875
2012    19      0.82191184      142.07886625
2012    20      0.23556499      57.88689
2012    21      0.25814511      63.6469425
2012    22      0.22382844      57.0794825
2012    23      0.41576759      89.8799275
2012    24      0.75877258      137.534655
2012    25      0.77097345      138.62255
2012    26      0.56708026      111.22942875
2012    27      0.63581154      122.6114625
2012    28      0.46302508      97.0558725
2012    29      0.24564301      60.25886875
2012    30      0.32058931      73.91186125
2012    31      0.77388882      140.021975
2013    1       0.71370738      135.0499625
2013    2       1.00475332      167.9361375
2013    3       1.06130246      171.70475
2013    4       0.87557825      145.90027875
2013    5       0.20030036      50.41576375
2013    6       0.25772556      60.988815
2013    7       0.37577994      81.68718125
2013    8       0.42864346      90.965645
2013    9       0.23677796      56.98695875
2013    10      0.40835792      88.72294375
2013    11      0.28229532      67.04368
2013    12      0.43291708      95.72086875
2013    13      0.43023261      93.2990175
2013    14      0.48361108      101.79926125
2013    15      0.65391814      126.506065
2013    16      0.5072174       107.21899
2013    17      0.55866512      115.7992175
2013    18      0.54029495      113.5070375
2013    19      0.85487339      150.932575
2013    20      0.84446925      149.6628375
2013    21      0.57938364      113.71246125
2013    22      0.46803095      97.58699375
2013    23      0.57688971      114.5540825
2013    24      0.8167282       147.535325
2013    25      0.36265586      82.4423275
2013    26      0.53051911      108.021455
2013    27      0.75176505      141.2333125
2013    28      0.49031481      106.13550375
2013    29      0.49432748      97.2642625
2013    30      0.54311225      109.66761875
2013    31      0.65310014      126.3295825
2014    1       0.77651045      142.1519875
2014    2       0.679125        131.816375
2014    3       0.66236452      127.608975
2014    4       0.77543616      144.4057375
2014    5       0.74074584      139.751525
2014    6       0.63147451      123.7446125
2014    7       0.56900371      115.31572875
2014    8       0.36828916      83.71214
2014    9       0.58071349      113.4377275
2014    10      0.82239834      152.1933375
2014    11      0.52040004      111.55399125
2014    12      0.6020756       118.28791
2014    13      1.09212171      177.707575
2014    14      1.22971388      187.0516375
2014    15      0.85299552      149.109
2014    16      0.67081711      122.38081125
2014    17      0.72075761      136.138875
2014    18      0.45281486      96.5367825
2014    19      0.47325675      100.32234125
2014    20      0.7264823       137.3896375
2014    21      0.90848978      155.9961625
2014    22      0.83416492      146.2055875
2014    23      0.48587585      100.39753375
2014    24      0.47195279      99.83644
2014    25      0.86763842      151.5382175
2014    26      0.63497696      120.995625
2014    27      0.34735745      77.081825
2014    28      0.48563848      101.41057625
2014    29      0.41009182      88.27563125
2014    30      0.33759625      75.59313625
2014    31      0.1814186       47.266765
2015    1       0.41060859      87.66127625
2015    2       0.44930925      96.15024625
2015    3       0.64468765      125.89174
2015    4       0.49310588      102.1130625
2015    5       0.67502949      127.85822625
2015    6       0.30891214      71.90744875
2015    7       0.57052039      114.90943125
2015    8       0.94867376      163.351975
2015    9       0.80379446      146.741475
2015    10      0.6720333       125.514265
2015    11      1.07352131      172.9124
2015    12      1.13035588      177.1285
2015    13      0.49341975      101.37417125
2015    14      0.78029011      145.277625
2015    15      0.9012511       152.9180125
2015    16      0.47032461      97.83829125
2015    17      0.38681508      84.52475375
2015    18      0.61893921      119.9837925
2015    19      0.39384829      90.197825
2015    20      0.54850462      111.74280875
2015    21      0.6154611       120.27536
2015    22      0.9878362       164.29285
2015    23      0.65034381      121.88703625
2015    24      0.32017221      72.8301
2015    25      0.49406278      100.62845
2015    26      0.50130719      101.52442125
2015    27      0.12587076      35.7111925
2015    28      0.09389769      29.0744075
2015    29      0.41718068      90.23460125
2015    30      0.48969279      101.36601875
2015    31      0.29162146      67.9376775
2016    1       0.53464789      106.99508625
2016    2       0.60731626      119.2148125
2016    3       0.5329558       107.09409
2016    4       0.55940245      111.41451625
2016    5       0.72020949      131.901425
2016    6       0.22033096      53.975755
2016    7       0.41688344      88.01386375
2016    8       0.1654572       42.87314125
2016    9       0.82323068      147.3573625
2016    10      1.00311379      167.6973375
2016    11      0.96757644      154.37783625
2016    12      0.35397899      80.50472625
2016    13      0.35983919      80.70602875
2016    14      0.73742471      133.6895
2016    15      1.18844459      182.8168875
2016    16      1.38885775      200.4633125
2016    17      0.64239372      114.82761125
2016    18      0.22055204      54.82307125
2016    19      0.28429805      68.38793625
2016    20      0.91608508      160.24775
2016    21      0.92469559      160.2061875
2016    22      0.87611375      151.8690375
2016    23      0.82584615      135.70522
2016    24      0.54651921      112.94561
2016    25      0.83421171      147.41
2016    26      0.5045018       105.13425125
2016    27      0.23887709      59.90396375
2016    28      0.70240212      131.95777375
2016    29      0.32143556      74.6090575
2016    30      0.37920438      86.71069
2016    31      0.47368818      101.10309625
2017    1       0.7244534       137.100925
2017    2       0.56761845      116.53961
2017    3       0.61517664      122.0871875
2017    4       0.69592839      129.0089375
2017    5       0.35153578      79.741305
2017    6       0.35994658      80.17510375
2017    7       0.44819982      91.40754625
2017    8       0.72279466      133.86793375
2017    9       0.23007756      58.0430275
2017    10      0.28649246      69.08714875
2017    11      0.42973271      95.16985375
2017    12      0.74249216      141.8648875
2017    13      0.53506792      107.9514775
2017    14      0.8464468       141.382015
2017    15      0.5240798       107.147035
2017    16      0.59882703      120.2572875
2017    17      0.57752839      115.61524125
2017    18      0.70988361      133.98378625
2017    19      0.82280775      149.8622875
2017    20      0.79316158      146.4529875
2017    21      0.8224234       147.092975
2017    22      0.47187092      98.805895
2017    23      0.752765        137.5137375
2017    24      0.27640331      61.47998125
2017    25      0.77312431      138.2638975
2017    26      0.43758471      94.26972875
2017    27      0.44718225      93.852905
2017    28      0.63740635      124.567
2017    29      0.65368438      128.3044375
2017    30      0.42647396      94.42563875
2017    31      0.49644471      97.17385125
2018    1       0.51850085      107.0318925
2018    2       0.32537814      74.92559125
2018    3       0.56589526      112.65943625
2018    4       0.32157538      72.38845
2018    5       0.355605        73.22350625
2018    6       0.66003878      126.7187875
2018    7       0.4333968       94.37859125
2018    8       0.37995899      86.3652575
2018    9       0.29033498      68.806465
2018    10      0.15238418      41.1743875
2018    11      0.47071582      99.4014275
2018    12      0.67129742      126.16011375
2018    13      0.38154364      82.12747375
2018    14      0.47381798      102.5768125
2018    15      0.51012199      104.42946875
2018    16      0.32050749      76.736965
2018    17      0.367744        78.33313125
2018    18      0.89373989      153.76526875
2018    19      0.8675811       152.547025
2018    20      0.60433081      120.5934375
2018    21      0.59972371      121.1827475
2018    22      0.67341419      127.20486875
2018    23      0.36635481      81.70654375
2018    24      0.7672227       141.021075
2018    25      0.68462404      129.2040825
2018    26      0.9139251       157.494225
2018    27      0.27503284      64.1574925
2018    28      0.25689781      61.819025
2018    29      0.34245696      76.40116625
2018    30      0.84320822      151.2862875
2018    31      0.52761075      106.83323875
