####################################################################################################
# Month: 03Mar                                                                                     #
# Station: RPU                                                                                     #
# Frequency: 230 GHz                                                                               #
# Columns are: year    day     tau     Tb (K)                                                      #
####################################################################################################
2009    1       0.64329959      129.319775
2009    2       0.32070279      77.9081125
2009    3       0.22753546      56.7981075
2009    4       0.17038517      44.8275425
2009    5       1.23288055      191.0571875
2009    6       1.13718394      186.7302875
2009    7       0.71354269      129.94776375
2009    8       0.32554055      78.476245
2009    9       0.18061229      47.19255875
2009    10      0.47762259      99.95568
2009    11      0.49229801      103.61991
2009    12      0.55055626      116.00747375
2009    13      0.37199259      84.76477125
2009    14      0.25681324      64.92231
2009    15      0.162652        44.3152125
2009    16      0.31915766      76.38731
2009    17      0.54182184      115.84338625
2009    18      0.73899126      141.91555875
2009    19      0.29628654      71.90772
2009    20      0.26688968      66.93631375
2009    21      0.38415089      88.61908375
2009    22      0.42848803      93.20117375
2009    23      0.22737867      56.3289075
2009    24      0.13442728      37.24519125
2009    25      0.2614824       64.82141
2009    26      0.22643521      58.37967625
2009    27      0.2097571       53.39243875
2009    28      0.26031519      62.25551125
2009    29      0.28268285      70.94436
2009    30      0.21609251      56.49391875
2009    31      0.30275961      72.42197625
2010    1       0.70686302      135.98950125
2010    2       0.89191668      159.42895
2010    3       0.33348354      78.65175875
2010    4       0.31587579      77.62720625
2010    5       0.38581922      89.41523375
2010    6       0.17055249      41.42241
2010    7       0.08328857      25.81289125
2010    8       0.347006        81.81881375
2010    9       0.77116048      147.1932
2010    10      0.61373044      121.97286625
2010    11      0.59062344      116.5528875
2010    12      0.42036532      92.0893325
2010    13      0.43398418      98.2426025
2010    14      0.3579504       83.82291125
2010    15      0.17350648      47.19497875
2010    16      0.32310489      67.36992625
2010    17      0.17297727      44.25428875
2010    18      0.2780668       67.60405375
2010    19      0.49651568      103.90211875
2010    20      0.34753544      82.9552075
2010    21      0.54165258      116.8198525
2010    22      0.56317952      111.29407375
2010    23      0.40430426      86.41894875
2010    24      0.69276534      128.1267425
2010    25      0.45029058      100.6259775
2010    26      0.44772219      99.62708625
2010    27      0.19405155      51.506515
2010    28      0.49487792      102.607505
2010    29      0.11294989      32.12909125
2010    30      0.08889381      26.58971125
2010    31      0.05547846      18.91145
2011    1       0.68459779      133.1685125
2011    2       0.7557221       117.16807875
2011    3       0.71936668      136.1878175
2011    4       1.6097705       219.4378375
2011    5       1.21123154      186.479925
2011    6       0.32267044      72.15455375
2011    7       0.25718661      61.18219375
2011    8       0.37721511      85.6762625
2011    9       0.3327165       78.0414975
2011    10      0.27210256      67.65836125
2011    11      0.26941587      66.89379375
2011    12      0.44187952      97.7104325
2011    13      0.24796659      62.263755
2011    14      0.20160492      51.80840375
2011    15      0.36696444      84.81165375
2011    16      0.40475938      93.40303875
2011    17      0.86537811      157.80285
2011    18      0.71378708      121.34320375
2011    19      0.14153131      39.67717
2011    20      0.49384422      105.999235
2011    21      1.19567384      190.39415
2011    22      0.7291748       139.57256125
2011    23      0.223003        57.19038125
2011    24      0.28118774      65.62138375
2011    25      1.17597578      189.1544875
2011    26      1.31593465      199.7674125
2011    27      0.66609807      119.37011625
2011    28      0.1343354       38.365535
2011    29      0.18230316      49.400075
2011    30      0.17703163      47.78239375
2011    31      0.20201981      53.2188275
2012    1       0.24729216      60.4411975
2012    2       1.0655629       175.91055
2012    3       0.50038198      104.4619
2012    4       0.24882338      63.1000525
2012    5       0.296472        72.37720125
2012    6       0.18899661      49.90413375
2012    7       0.66208965      123.8932025
2012    8       0.31490289      75.4147125
2012    9       0.3724562       86.7973875
2012    10      0.99153064      172.7414
2012    11      1.18946279      190.10855
2012    12      0.36756616      75.54721375
2012    13      0.13619221      38.49035625
2012    14      0.15958976      43.69683
2012    15      0.09574812      28.58235625
2012    16      0.33184955      79.1916725
2012    17      0.16242474      44.40900875
2012    18      0.49062631      101.469705
2012    19      1.12878443      184.2379
2012    20      0.73557855      144.453425
2012    21      0.98191136      152.7913425
2012    22      0.95838514      165.2841375
2012    23      0.32205594      78.75619125
2012    24      1.22134599      186.7542125
2012    25      0.13269735      37.80998
2012    26      0.14687632      40.8848475
2012    27      0.11472737      33.5229375
2012    28      0.17518702      46.90228125
2012    29      0.06058121      20.18154
2012    30      0.53316145      114.43665875
2012    31      0.46216201      102.3150975
2013    1       0.3742454       87.549075
2013    2       0.43896021      97.4096
2013    3       0.39900722      92.42614125
2013    4       0.53077826      111.24571
2013    5       0.29844174      71.68705875
2013    6       0.32610841      77.8087075
2013    7       0.36864946      87.6654
2013    8       0.28462532      70.71915125
2013    9       0.20761066      55.379845
2013    10      0.14009397      40.110925
2013    11      0.21975365      56.32132125
2013    12      0.33201804      80.59554125
2013    13      0.30269881      72.3339025
2013    14      0.22590186      58.996765
2013    15      0.2580801       64.859315
2013    16      0.45769001      98.5618075
2013    17      0.96085484      170.13
2013    18      1.19574071      190.8192
2013    19      0.58446573      118.96718375
2013    20      0.23014282      57.31192375
2013    21      0.19696595      51.81208875
2013    22      0.25166959      63.10631875
2013    23      0.20304709      53.62629625
2013    24      0.23532285      60.69236375
2013    25      0.32272524      77.28441375
2013    26      0.35224985      81.6213725
2013    27      0.15120203      41.91084
2013    28      0.11744192      34.30310875
2013    29      0.34758694      80.32142875
2013    30      0.90576425      161.955725
2013    31      0.59446371      118.382415
2014    1       0.32099015      77.210095
2014    2       0.43698872      97.27915375
2014    3       0.38221139      84.098225
2014    4       0.48575546      101.20185375
2014    5       0.45316331      98.2643125
2014    6       0.1665966       45.21843875
2014    7       0.18380994      48.70715125
2014    8       0.35001636      81.916425
2014    9       0.49651136      106.19380625
2014    10      0.31574661      76.39029625
2014    11      0.34101078      81.74562625
2014    12      0.4038727       93.57193
2014    13      0.26980731      66.9896425
2014    14      0.45896425      92.95552375
2014    15      1.11762336      184.42455
2014    16      0.69988596      127.97781875
2014    17      0.37794494      86.36720625
2014    18      0.65824295      129.004515
2014    19      0.27526691      68.40888
2014    20      0.35155582      81.01286375
2014    21      0.23627225      56.58325875
2014    22      0.57736104      119.95307375
2014    23      0.64887044      128.24125
2014    24      0.51446429      100.7109575
2014    25      0.32335089      74.8875375
2014    26      0.23892778      60.16953
2014    27      0.25199362      64.2783975
2014    28      0.20116404      52.90790375
2014    29      0.24976688      61.9201575
2014    30      0.26791392      65.63356625
2014    31      0.35116642      82.4818475
2015    1       0.3322924       80.9185375
2015    2       0.32384414      78.312765
2015    3       0.4333983       97.0910625
2015    4       0.58781072      121.33554375
2015    5       0.59944539      124.89023625
2015    6       0.58185426      103.31535
2015    7       0.75311929      137.70242875
2015    8       0.2997309       72.41194
2015    9       0.4818411       105.68308875
2015    10      0.42378758      96.64798
2015    11      1.06132707      175.0762
2015    12      0.87769558      155.772425
2015    13      0.52333951      109.358495
2015    14      0.49538582      108.6872125
2015    15      0.83642225      146.67911
2015    16      0.85469894      156.4483875
2015    17      0.42311799      91.66373
2015    18      0.42681395      96.418625
2015    19      0.13147594      36.14938375
2015    20      0.14238121      39.88373625
2015    21      0.24266698      62.10615125
2015    22      0.48396379      105.90962875
2015    23      0.58180904      119.5134975
2015    24      0.38444932      87.4834075
2015    25      0.29801815      72.71456125
2015    26      0.82227121      151.712225
2015    27      0.61627359      128.2926625
2015    28      0.78561566      147.16108625
2015    29      0.53964225      113.19744875
2015    30      0.3712348       81.5168625
2015    31      0.267149        66.3689225
2016    1       0.70238468      138.03844875
2016    2       0.26517196      67.14323
2016    3       0.22081461      56.4491525
2016    4       0.15643049      43.25313375
2016    5       0.37554201      88.100155
2016    6       0.35458414      84.8372325
2016    7       0.38705675      91.58987375
2016    8       0.3223769       76.48001
2016    9       0.21666675      56.76138625
2016    10      0.32847094      78.09839
2016    11      0.10902237      31.84604
2016    12      0.16272716      44.52205375
2016    13      0.40679959      90.339365
2016    14      1.064056        176.1105625
2016    15      0.80094862      150.181775
2016    16      1.20727273      189.7122
2016    17      1.00165545      170.838425
2016    18      0.90816948      157.913875
2016    19      0.43971015      98.98460875
2016    20      0.32202582      76.11996125
2016    21      0.16189761      44.216655
2016    22      0.26093344      64.298075
2016    23      1.08151069      179.2219125
2016    24      0.84399798      151.8008425
2016    25      0.7799528       145.7699
2016    26      0.65208262      124.00041625
2016    27      0.30234442      73.50821625
2016    28      0.22825455      57.62366
2016    29      0.16347308      43.72951125
2016    30      0.20144764      53.56628
2016    31      0.58337822      120.43638
2017    1       0.51533036      110.9580525
2017    2       0.33289002      80.1857725
2017    3       0.33198175      77.6726
2017    4       0.52146512      111.49901875
2017    5       0.28165485      69.80038875
2017    6       0.438823        98.22134875
2017    7       0.97968492      168.462075
2017    8       0.75362139      145.9395
2017    9       0.65205892      132.28205
2017    10      1.144686        183.156725
2017    11      1.19947672      185.0906875
2017    12      0.96279725      161.261775
2017    13      0.27500828      65.24420125
2017    14      0.54833589      109.0713525
2017    15      0.4180035       95.60356
2017    16      0.29262485      72.0034125
2017    17      0.21443628      56.679435
2017    18      0.21030325      54.940515
2017    19      0.20918591      54.72015875
2017    20      0.14326207      40.6268175
2017    21      0.52721821      108.2373225
2017    22      0.92334705      166.7214875
2017    23      0.77745458      147.4502
2017    24      0.70076754      138.0358
2017    25      0.99855852      170.7871375
2017    26      1.00513151      172.2130125
2017    27      1.02125875      166.88371125
2017    28      1.01198972      172.718125
2017    29      1.19432862      190.7214625
2017    30      0.5700441       113.8932025
2017    31      0.13934782      39.18995
2018    1       0.55326046      116.047585
2018    2       0.55326538      115.0401475
2018    3       0.30944576      74.94201125
2018    4       0.53957735      115.15001625
2018    5       0.7523071       146.0271875
2018    6       0.81292221      153.1410875
2018    7       0.97481804      169.70665
2018    8       0.71373388      136.42886875
2018    9       0.28741465      69.10402375
2018    10      0.10584276      31.37815875
2018    11      0.18412214      50.2746675
2018    12      0.70062434      129.04199625
2018    13      0.43529065      96.36175875
2018    14      0.15411982      42.37810375
2018    15      0.33892345      78.13471
2018    16      0.68852041      134.8210625
2018    17      0.30773541      71.79130125
2018    18      0.17268952      46.79906625
2018    19      0.42548329      96.3324125
2018    20      0.6855561       136.901125
2018    21      0.79509201      148.2128375
2018    22      0.85290546      146.86564
2018    23      0.63335511      128.15724625
2018    24      1.10891524      181.238725
2018    25      0.26587595      63.910155
2018    26      0.30564774      74.1914125
2018    27      0.43431974      96.98389375
2018    28      0.9076816       162.7245125
2018    29      0.80232295      137.89002875
2018    30      0.37333605      88.3545625
2018    31      0.36352791      77.18386625
