####################################################################################################
# Month: 12Dec                                                                                     #
# Station: MOR                                                                                     #
# Frequency: 230 GHz                                                                               #
# Columns are: year    day     tau     Tb (K)                                                      #
####################################################################################################
2009    1       0.1010001       30.1269975
2009    2       0.23416858      59.26011
2009    3       0.14171896      39.4925875
2009    4       0.10724335      31.5743625
2009    5       0.08061389      24.90859
2009    6       0.11374798      32.6739225
2009    7       0.12308834      35.002145
2009    8       0.119441        34.3853925
2009    9       0.09810431      29.2783475
2009    10      0.09980944      29.33941375
2009    11      0.10336268      30.16569625
2009    12      0.2373671       57.44799875
2009    13      0.4822546       102.7258925
2009    14      0.28416485      68.65219625
2009    15      0.25852219      65.09000125
2009    16      0.1895694       50.61990875
2009    17      0.20750854      53.65888625
2009    18      0.20315186      52.26675875
2009    19      0.21489845      55.29759375
2009    20      0.37539661      86.0625125
2009    21      0.53226136      113.180225
2009    22      0.59045406      119.7098275
2009    23      0.8080584       146.77464
2009    24      0.841418        152.540275
2009    25      0.6635412       131.6543875
2009    26      0.235804        57.147575
2009    27      0.28510726      69.74124875
2009    28      0.15909438      43.038885
2009    29      0.12923818      36.868275
2009    30      0.12872014      36.5714275
2009    31      0.06078318      20.10108875
2010    1       0.06485107      21.0354025
2010    2       0.15260829      41.26022125
2010    3       0.3134078       75.22244875
2010    4       0.28215246      69.4113925
2010    5       0.47387668      103.7584125
2010    6       0.50416925      108.79451875
2010    7       0.49856744      108.44103
2010    8       0.59165573      122.09528125
2010    9       0.28281128      69.0996025
2010    10      0.18699858      49.538415
2010    11      0.22928532      58.78884625
2010    12      0.39432192      88.7045425
2010    13      0.29159968      70.12659125
2010    14      0.14745891      41.12894
2010    15      0.15875873      41.6490425
2010    16      0.31570336      75.28673625
2010    17      0.33897885      79.59978875
2010    18      0.43922064      94.9738275
2010    19      0.23375281      58.35495875
2010    20      0.30644143      73.0183575
2010    21      0.28714349      66.4457175
2010    22      0.44258381      96.753545
2010    23      0.18059001      48.18295625
2010    24      0.311373        75.1412875
2010    25      0.18647516      49.65628375
2010    26      0.10680191      31.25906875
2010    27      0.10248978      30.11419625
2010    28      0.17075926      44.96898875
2010    29      0.14239481      39.57425
2010    30      0.18429235      48.18862375
2010    31      0.11861093      33.248295
2011    1       0.08833766      26.842435
2011    2       0.06455069      20.9679825
2011    3       0.14061672      38.4919625
2011    4       0.1176704       33.6310575
2011    5       0.10074884      29.90372875
2011    6       0.10384173      30.968955
2011    7       0.07547205      23.9486025
2011    8       0.10743703      31.05382625
2011    9       0.3472222       79.03282625
2011    10      0.27408139      66.52091375
2011    11      0.16895712      45.32696125
2011    12      0.14094315      39.197195
2011    13      0.16410695      43.2503975
2011    14      0.21547326      54.7127025
2011    15      0.0817763       25.32287125
2011    16      0.08806473      26.8209975
2011    17      0.04331234      15.680835
2011    18      0.21733793      54.8001575
2011    19      0.122577        35.15166625
2011    20      0.07394132      23.31675875
2011    21      0.16578305      44.80287375
2011    22      0.1268094       36.37285875
2011    23      0.14773024      41.18756125
2011    24      0.12310122      35.3582925
2011    25      0.12996859      36.89877375
2011    26      0.13615376      38.08684375
2011    27      0.10153909      29.91065
2011    28      0.07719724      24.00786875
2011    29      0.06473191      20.73037625
2011    30      0.07226494      22.7313975
2011    31      0.07260026      23.065435
2012    1       0.36274689      82.44743125
2012    2       0.12984284      35.6715675
2012    3       0.05750426      19.0672
2012    4       0.09459985      28.34977125
2012    5       0.16899715      45.3854775
2012    6       0.20795561      53.5632525
2012    7       0.26038108      63.8104075
2012    8       0.11161795      31.25055375
2012    9       0.16939634      44.5802175
2012    10      0.17616631      46.90542
2012    11      0.21923308      55.02528
2012    12      0.1167871       33.42598
2012    13      0.12484185      35.1710025
2012    14      0.12996714      36.63978625
2012    15      0.24439451      62.180145
2012    16      0.11139704      32.7522425
2012    17      0.08293211      25.75555
2012    18      0.0948335       28.72956625
2012    19      0.08343482      25.95875
2012    20      0.15816802      42.87147625
2012    21      0.24903555      61.663875
2012    22      0.24605831      62.26956
2012    23      0.1532775       42.04476125
2012    24      0.16913152      45.83872875
2012    25      0.15439648      42.43924875
2012    26      0.12500706      35.6718
2012    27      0.05078688      17.61276625
2012    28      0.04101513      15.0544825
2012    29      0.04520835      16.0757225
2012    30      0.05509746      18.29206125
2012    31      0.08323308      25.05389125
2013    1       0.08816835      26.985925
2013    2       0.08090227      24.98959375
2013    3       0.21006949      50.32496875
2013    4       0.41946792      92.67643
2013    5       0.15211575      41.85131
2013    6       0.21553254      54.37338625
2013    7       0.42307335      93.0946925
2013    8       0.17190826      45.91667
2013    9       0.0738036       23.3973275
2013    10      0.10258025      29.3514125
2013    11      0.3309691       76.06534
2013    12      0.23856361      58.88113875
2013    13      0.28897172      68.96841125
2013    14      0.38481591      85.55126375
2013    15      0.18807486      49.12879875
2013    16      0.51166429      106.97398375
2013    17      0.2809029       67.58439375
2013    18      0.21274511      54.62543
2013    19      0.29406834      70.5975225
2013    20      0.07096537      22.5169175
2013    21      0.0664447       21.339535
2013    22      0.14206703      38.95114125
2013    23      0.23917221      59.25888125
2013    24      0.15652604      42.3306075
2013    25      0.2520377       62.8294
2013    26      0.16019573      43.245665
2013    27      0.08974365      27.47646375
2013    28      0.1426413       39.7558725
2013    29      0.06532198      20.7138475
2013    30      0.06586152      21.2331075
2013    31      0.09027727      26.78899625
2014    1       0.57303412      116.585395
2014    2       0.14497786      40.2786475
2014    3       0.11210853      31.925955
2014    4       0.11866418      33.40120875
2014    5       0.15629929      41.20570875
2014    6       0.22068722      56.11764875
2014    7       0.18661746      48.4714075
2014    8       0.1296925       36.66271
2014    9       0.07357945      23.0941525
2014    10      0.13151644      36.72154125
2014    11      0.20980035      54.1489625
2014    12      0.17345725      45.94392
2014    13      0.35248772      81.3086925
2014    14      0.32224635      75.4544425
2014    15      0.25926426      62.79095
2014    16      0.1889108       48.950735
2014    17      0.13812846      38.45356625
2014    18      0.16478606      44.92221125
2014    19      0.20028651      52.71916125
2014    20      0.13380516      38.04610125
2014    21      0.08772445      26.85968875
2014    22      0.12089244      34.3570275
2014    23      0.15706232      41.3683975
2014    24      0.19012821      49.41717125
2014    25      0.10399589      30.45088875
2014    26      0.08377841      25.70824875
2014    27      0.05902124      19.5454825
2014    28      0.10132335      29.856225
2014    29      0.12091003      33.7694075
2014    30      0.11495872      32.25089875
2014    31      0.06868142      21.297535
2015    1       0.2853168       69.9106425
2015    2       0.5622955       116.9919925
2015    3       0.29614235      71.89033
2015    4       0.17080698      46.47432875
2015    5       0.19499631      51.0351175
2015    6       0.30483328      73.07351125
2015    7       0.43981218      97.41326125
2015    8       0.30389255      71.84421125
2015    9       0.3303276       76.8614725
2015    10      0.16189706      43.41366375
2015    11      0.16484184      43.986175
2015    12      0.15407959      41.92849875
2015    13      0.18842291      48.9012
2015    14      0.3163083       75.0007625
2015    15      0.30819901      74.53762375
2015    16      0.26148124      65.19812625
2015    17      0.28050229      68.88469625
2015    18      0.18897254      49.80050375
2015    19      0.15588275      42.76553125
2015    20      0.26101366      63.75384125
2015    21      0.31067909      72.80558
2015    22      0.19586472      50.40256
2015    23      0.19937461      51.4190075
2015    24      0.1780706       47.0461025
2015    25      0.12061252      34.5303425
2015    26      0.11097129      31.709815
2015    27      0.19216518      49.68208
2015    28      0.1774565       47.3063175
2015    29      0.18205342      47.979825
2015    30      0.22922594      58.86471375
2015    31      0.13553024      38.4162625
2016    1       0.22453166      57.03504125
2016    2       0.56285276      114.3483875
2016    3       0.52650502      110.52615875
2016    4       0.41966672      90.69624125
2016    5       0.17269409      46.4831
2016    6       0.1251957       35.643455
2016    7       0.08945539      27.27531125
2016    8       0.1043575       30.46706375
2016    9       0.10574648      31.06255875
2016    10      0.1084884       31.36511625
2016    11      0.22450879      56.77240125
2016    12      0.19915104      51.375375
2016    13      0.13547687      37.815825
2016    14      0.17634905      46.1211375
2016    15      0.16550016      43.87213875
2016    16      0.16059819      43.0250225
2016    17      0.45641864      96.8189575
2016    18      0.30610964      71.135505
2016    19      0.24399826      58.70650375
2016    20      0.06978676      21.85614625
2016    21      0.10641177      30.7558425
2016    22      0.16233779      43.62482375
2016    23      0.18804076      49.8744925
2016    24      0.07615252      23.79977875
2016    25      0.09289047      27.45935
2016    26      0.23380018      58.237415
2016    27      0.24852409      60.89244
2016    28      0.32082681      75.27755625
2016    29      0.18992736      49.8275625
2016    30      0.08226201      25.1647
2016    31      0.07215867      22.570035
2017    1       0.10020008      28.65594125
2017    2       0.09910944      29.0491025
2017    3       0.07169174      22.4468925
2017    4       0.06676518      21.4399475
2017    5       0.06650748      21.4822275
2017    6       0.05499086      18.31992375
2017    7       0.08092938      24.57380625
2017    8       0.11005588      31.85779625
2017    9       0.23326016      59.5428525
2017    10      0.19947134      52.20837875
2017    11      0.34925749      76.28766875
2017    12      0.15396444      41.6529475
2017    13      0.19596565      51.40088375
2017    14      0.16515361      44.56151875
2017    15      0.22680948      57.4713425
2017    16      0.31596409      75.7851825
2017    17      0.08562569      26.00584875
2017    18      0.06519637      20.97617875
2017    19      0.0877308       26.67333875
2017    20      0.05887322      19.60310375
2017    21      0.09047779      27.384155
2017    22      0.060787        20.2767475
2017    23      0.09225855      27.9532575
2017    24      0.11685771      33.55015375
2017    25      0.08407103      25.66664
2017    26      0.05255674      17.92168375
2017    27      0.17407666      46.08892125
2017    28      0.1365742       38.30403625
2017    29      0.10269638      30.44026375
2017    30      0.1267487       35.86124625
2017    31      0.2438358       59.9942925
