####################################################################################################
# Month: 06Jun                                                                                     #
# Station: ALMA                                                                                    #
# Frequency: 345 GHz                                                                               #
# Columns are: year    day     tau     Tb (K)                                                      #
####################################################################################################
2009    1       0.21224871      53.94818375
2009    2       0.09194263      28.32388625
2009    3       0.08933017      27.86852125
2009    4       0.06818086      22.62938625
2009    5       0.0703625       22.97253875
2009    6       0.0647901       21.7253725
2009    7       0.0961885       29.12039625
2009    8       0.08145101      25.94248875
2009    9       0.09849356      29.87229625
2009    10      0.1163175       33.67685375
2009    11      0.1264266       36.16353625
2009    12      0.10617397      31.39155625
2009    13      0.07088587      23.47686
2009    14      0.10580269      31.338075
2009    15      0.12658784      35.496465
2009    16      0.07708307      24.5543825
2009    17      0.09592739      29.16443125
2009    18      0.09819839      29.77106125
2009    19      0.06848596      22.88586625
2009    20      0.06340991      21.652565
2009    21      0.06468602      21.9268425
2009    22      0.07766974      24.96685
2009    23      0.10189572      30.26681125
2009    24      0.18857076      48.8479875
2009    25      0.18684795      48.8527325
2009    26      0.14833484      40.4580975
2009    27      0.12437371      35.6475325
2009    28      0.11435132      33.7683075
2009    29      0.08918382      28.0212025
2009    30      0.07269033      24.00698625
2010    1       0.05754497      20.216205
2010    2       0.06738662      22.49859125
2010    3       0.07116409      23.460555
2010    4       0.08267172      25.8347875
2010    5       0.0966758       29.0469025
2010    6       0.15140798      41.35012875
2010    7       0.11563712      33.53551
2010    8       0.06810093      22.6591175
2010    9       0.10426916      31.09344875
2010    10      0.14935622      40.8827875
2010    11      0.23668485      59.12166
2010    12      0.2019209       52.20701875
2010    13      0.16794979      44.993535
2010    14      0.14874093      40.010775
2010    15      0.10055412      29.75065875
2010    16      0.07041215      22.8947125
2010    17      0.04259063      16.4042175
2010    18      0.10497165      30.81099875
2010    19      0.09487722      28.82167125
2010    20      0.21496581      54.24163375
2010    21      0.16041694      42.95872
2010    22      0.11094158      32.2495575
2010    23      0.23038634      57.67574125
2010    24      0.17427196      46.8328125
2010    25      0.11295112      33.614295
2010    26      0.162438        44.47354
2010    27      0.14005759      39.30381125
2010    28      0.16540121      44.76382375
2010    29      0.03685122      15.1244825
2010    30      0.03506946      14.65073625
2011    1       0.33716914      77.27496875
2011    2       0.40285631      88.30370125
2011    3       0.15224012      40.07366375
2011    4       0.09744053      29.584685
2011    5       0.19086096      49.76059
2011    6       0.18352842      47.93190875
2011    7       0.08767849      27.42456875
2011    8       0.12042902      34.51480375
2011    9       0.12831683      36.473365
2011    10      0.1015581       30.53025125
2011    11      0.05924543      20.73724875
2011    12      0.05771055      20.392345
2011    13      0.07761115      25.2188525
2011    14      0.17101358      45.97602875
2011    15      0.108204        32.43606875
2011    16      0.22214458      55.63161375
2011    17      0.20078066      51.44452125
2011    18      0.32055096      74.68313875
2011    19      0.21757976      55.2250275
2011    20      0.15796915      42.6300825
2011    21      0.09972822      29.62749375
2011    22      0.13861031      38.47520875
2011    23      0.17194494      45.25977625
2011    24      0.06246663      21.279465
2011    25      0.07973533      25.49794125
2011    26      0.15722948      42.6785175
2011    27      0.22417032      56.3470725
2011    28      0.17552635      45.22544875
2011    29      0.03702011      15.05950625
2011    30      0.03970088      15.7614625
2012    1       0.14964109      41.4844075
2012    2       0.09184585      28.5879175
2012    3       0.05728521      20.16178625
2012    4       0.04830006      17.89369625
2012    5       0.05569062      19.78524125
2012    6       0.07150208      23.46050375
2012    7       0.11686914      34.100325
2012    8       0.09538042      29.30244
2012    9       0.13084766      36.84843125
2012    10      0.09825462      29.630985
2012    11      0.09842123      29.6921825
2012    12      0.18977731      49.08296125
2012    13      0.09651414      29.13868375
2012    14      0.10575878      31.315075
2012    15      0.10879706      32.207155
2012    16      0.10137974      30.46212375
2012    17      0.13144505      37.360085
2012    18      0.08262234      26.06511125
2012    19      0.09162066      28.03363125
2012    20      0.07909649      24.902515
2012    21      0.05324686      18.95448125
2012    22      0.04373632      16.7814975
2012    23      0.04078478      16.065325
2012    24      0.06271696      21.48824375
2012    25      0.05844299      20.35180875
2012    26      0.13775249      38.46673875
2012    27      0.11271242      33.05848625
2012    28      0.13469792      37.89863625
2012    29      0.09110578      28.2149575
2012    30      0.06730237      22.63597125
2013    1       0.08854757      27.44859
2013    2       0.078006        24.99817875
2013    3       0.06948842      23.15647125
2013    4       0.0500729       18.3914625
2013    5       0.04814875      17.845855
2013    6       0.06433792      21.856935
2013    7       0.20311452      50.607545
2013    8       0.30497879      71.0696525
2013    9       0.19420669      50.28605125
2013    10      0.09085225      27.862175
2013    11      0.14226141      39.10448625
2013    12      0.2787931       66.3891875
2013    13      0.39686849      87.30675375
2013    14      0.13531469      37.6734475
2013    15      0.09218515      28.58864375
2013    16      0.0630587       21.68584375
2013    17      0.05728276      20.30138375
2013    18      0.07117071      23.5014675
2013    19      0.14958063      40.48966375
2013    20      0.06830573      22.7988825
2013    21      0.0512459       18.52988625
2013    22      0.1047078       30.78465375
2013    23      0.22792869      56.37844625
2013    24      0.24118058      59.13950875
2013    25      0.21191014      53.7422275
2013    26      0.07747788      24.52528875
2013    27      0.17843534      47.23059125
2013    28      0.11873636      34.74532
2013    29      0.11631359      34.2278575
2013    30      0.08492328      26.72377125
2014    1       0.12116449      34.6729675
2014    2       0.10054213      29.88566125
2014    3       0.08925467      27.62283625
2014    4       0.16650965      44.84541625
2014    5       0.11561341      33.64444375
2014    6       0.12120871      34.8363075
2014    7       0.1099223       32.0542725
2014    8       0.0521396       18.850445
2014    9       0.05099311      18.6267625
2014    10      0.1111554       31.51076
2014    11      0.12645208      35.745845
2014    12      0.10030143      29.87190875
2014    13      0.11550279      33.3651
2014    14      0.09151282      28.49708875
2014    15      0.0906527       28.25864625
2014    16      0.06611709      22.3624325
2014    17      0.0645662       22.06606125
2014    18      0.08512933      26.95926
2014    19      0.09336145      28.93358875
2014    20      0.09526493      29.55170125
2014    21      0.08217754      26.1133975
2014    22      0.11352156      32.751935
2014    23      0.08855188      27.33881875
2014    24      0.161259        43.31533625
2014    25      0.29828265      71.05392
2014    26      0.17000686      44.59363625
2014    27      0.04516806      17.13493125
2014    28      0.041964        16.18447625
2014    29      0.0612028       21.11592
2014    30      0.08465651      26.50657625
2015    1       0.12257208      35.1729125
2015    2       0.05122431      18.69645
2015    3       0.07127697      23.5426325
2015    4       0.1204392       34.823145
2015    5       0.09142973      28.31287125
2015    6       0.07210995      23.84819125
2015    7       0.05963916      20.98569625
2015    8       0.05345241      19.5887175
2015    9       0.04912352      18.4412075
2015    10      0.09019981      28.2353375
2015    11      0.06949165      23.36554875
2015    12      0.06160024      21.35783875
2015    13      0.06643769      22.570955
2015    14      0.08957368      27.96541375
2015    15      0.06772852      22.87781625
2015    16      0.09106995      28.50208125
2015    17      0.1304608       37.276615
2015    18      0.08082155      25.5460975
2015    19      0.12202201      35.11199125
2015    20      0.09287868      28.33010625
2015    21      0.13397589      36.977625
2015    22      0.12469958      35.3568025
2015    23      0.19452165      50.3362775
2015    24      0.05602507      19.86752375
2015    25      0.07407352      24.2372725
2015    26      0.07907264      25.1855975
2015    27      0.09023151      27.5504625
2015    28      0.15646001      41.95724875
2015    29      0.241849        59.17546875
2015    30      0.14083288      38.4514625
2016    1       0.16629367      43.82394375
2016    2       0.24020354      58.9913475
2016    3       0.13414451      37.37037375
2016    4       0.10023166      29.868685
2016    5       0.19414521      49.81372875
2016    6       0.23012225      56.7071525
2016    7       0.08309993      26.12902875
2016    8       0.09587105      28.99838375
2016    9       0.17207404      45.4527275
2016    10      0.36214725      81.93818125
2016    11      0.22696928      56.7774
2016    12      0.3464631       78.54063125
2016    13      0.24436104      59.72632375
2016    14      0.12459566      35.54618
2016    15      0.06136064      21.2437925
2016    16      0.09003622      27.501485
2016    17      0.11062617      32.10271375
2016    18      0.07001074      23.17701875
2016    19      0.09235888      28.27765
2016    20      0.08584926      26.6853425
2016    21      0.13533737      37.83907875
2016    22      0.16386066      43.9677625
2016    23      0.09455974      28.83331125
2016    24      0.15653288      41.12325
2016    25      0.12473567      33.95541375
2016    26      0.05616447      19.7275125
2016    27      0.06350592      21.25107
2016    28      0.14569965      39.4766125
2016    29      0.24066245      59.164975
2016    30      0.07831728      25.11431875
2017    1       0.06227437      21.54862625
2017    2       0.06542381      22.09552125
2017    3       0.08017052      25.458925
2017    4       0.12528801      36.0091975
2017    5       0.13482222      37.6192
2017    6       0.33439012      76.3354675
2017    7       0.46435858      98.2339
2017    8       0.06342331      21.49887
2017    9       0.06434716      21.8727725
2017    10      0.05990964      20.71844375
2017    11      0.04321789      16.8106925
2017    12      0.06042696      20.74509
2017    13      0.06228852      21.2456925
2017    14      0.07897352      25.12115625
2017    15      0.08463615      26.8148875
2017    16      0.07818667      25.285225
2017    17      0.07453369      24.21415375
2017    18      0.06958324      22.9825775
2017    19      0.06176964      21.2426675
2017    20      0.05769354      20.3272775
2017    21      0.0587828       20.50126125
2017    22      0.05346667      19.26002875
2017    23      0.06589508      22.23234875
2017    24      0.07251936      23.86477
2017    25      0.19318692      49.7677175
2017    26      0.15390706      41.25027875
2017    27      0.06999662      23.28062625
2017    28      0.10720328      31.62363125
2017    29      0.10194312      30.4887875
2017    30      0.09583386      28.8123125
2018    1       0.14806376      40.84662125
2018    2       0.10925578      32.12819875
2018    3       0.21226054      52.94047
2018    4       0.21994114      55.1523225
2018    5       0.13909608      38.3818325
2018    6       0.11344311      32.66620875
2018    7       0.08547008      26.873495
2018    8       0.09552464      29.22761625
2018    9       0.10455961      31.09807
2018    10      0.11223662      32.8150575
2018    11      0.07920189      25.02847125
2018    12      0.10802867      31.64073375
2018    13      0.07159057      23.4313225
2018    14      0.37811668      83.13451
2018    15      0.1462263       37.7018325
2018    16      0.07962319      25.48259375
2018    17      0.06160472      21.25529
2018    18      0.06649115      22.37179125
2018    19      0.13330421      37.8259925
2018    20      0.12087454      35.57061625
2018    21      0.11217172      33.66301875
2018    22      0.15094617      42.2654575
2018    23      0.18514824      49.147705
2018    24      0.07463542      24.39196375
2018    25      0.09064853      27.956435
2018    26      0.0923032       28.28089
2018    27      0.04991979      18.3661475
2018    28      0.08699765      26.68849125
2018    29      0.06112791      20.97269125
2018    30      0.10326953      30.754245
