####################################################################################################
# Month: 06Jun                                                                                     #
# Station: NOB                                                                                     #
# Frequency: 345 GHz                                                                               #
# Columns are: year    day     tau     Tb (K)                                                      #
####################################################################################################
2009    1       2.08553862      240.057925
2009    2       2.506107        254.4466625
2009    3       3.91548338      270.9389875
2009    4       3.95290275      275.108575
2009    5       4.59521712      276.3824875
2009    6       4.31834         275.6975875
2009    7       3.160186        269.5905
2009    8       2.96193875      261.5048625
2009    9       3.92717062      271.5784875
2009    10      5.52984975      279.3538875
2009    11      2.42730914      228.6079625
2009    12      3.22728738      267.035625
2009    13      4.87241925      279.7484625
2009    14      3.176915        267.606525
2009    15      4.24860625      275.2993
2009    16      4.52604237      274.6568375
2009    17      4.00933288      272.450275
2009    18      4.29624312      276.0611625
2009    19      3.6692295       276.681575
2009    20      4.87293325      279.7899625
2009    21      7.1950925       287.0338875
2009    22      8.64920838      287.8020375
2009    23      4.54025588      280.9327375
2009    24      4.590798        278.10345
2009    25      3.10701875      271.3348625
2009    26      3.236765        270.6142
2009    27      4.07929688      280.525425
2009    28      4.6403265       281.7021125
2009    29      7.45369337      286.7888
2009    30      8.14081562      286.7548125
2010    1       3.09797862      262.726425
2010    2       3.24983075      265.265675
2010    3       3.303973        263.3283625
2010    4       2.59321212      256.115475
2010    5       2.275395        248.09055
2010    6       2.16772162      247.7308125
2010    7       3.08179838      264.6134125
2010    8       3.51478912      266.353825
2010    9       3.275822        266.9654125
2010    10      2.95002288      265.67345
2010    11      3.144766        269.09515
2010    12      3.25859788      272.5901875
2010    13      5.31770125      279.472625
2010    14      4.99225525      279.874975
2010    15      6.95875138      284.5396375
2010    16      4.39136537      276.7140125
2010    17      3.7923275       278.225425
2010    18      7.93318975      285.8171625
2010    19      6.7327255       286.4433875
2010    20      5.49735638      282.3245625
2010    21      5.89852625      283.7873375
2010    22      5.57607675      283.2175125
2010    23      4.23216575      261.04995
2010    24      3.27489875      272.898875
2010    25      4.52264312      279.9240625
2010    26      8.34797925      286.5671875
2010    27      8.84011137      287.90555
2010    28      7.98933038      287.58915
2010    29      8.93960438      287.2604125
2010    30      6.0776745       284.700725
2011    1       4.41113312      273.579975
2011    2       4.17489663      272.5439875
2011    3       2.21425513      247.90295
2011    4       3.63446975      272.192875
2011    5       4.02830325      270.0470625
2011    6       2.50702675      257.3954
2011    7       3.27057313      268.29875
2011    8       3.5552825       273.1360125
2011    9       4.31828825      278.2344
2011    10      6.13084062      282.8995125
2011    11      5.61645488      281.8748875
2011    12      5.316973        279.3510625
2011    13      4.3646785       277.6605125
2011    14      2.94726962      264.742825
2011    15      3.33762138      270.222075
2011    16      5.31398712      279.579025
2011    17      5.521214        282.296375
2011    18      6.117766        281.3182375
2011    19      5.74323162      282.7611
2011    20      6.91722287      284.59975
2011    21      4.43552338      277.404225
2011    22      6.04312038      281.588975
2011    23      7.683425        287.2015625
2011    24      8.40149488      288.4915875
2011    25      7.18854712      286.68855
2011    26      7.32936688      286.1109375
2011    27      7.38680075      286.52525
2011    28      7.04672788      287.012
2011    29      6.0028205       286.416275
2011    30      6.33243912      285.6534875
2012    1       2.72341512      256.2665625
2012    2       2.995859        259.9082
2012    3       3.918027        270.4909625
2012    4       3.46595562      270.840575
2012    5       3.44333338      269.2902125
2012    6       3.48818075      268.908275
2012    7       3.2927595       269.8521625
2012    8       4.78072088      278.185775
2012    9       5.66733288      281.072875
2012    10      4.99562425      280.9041125
2012    11      4.826812        280.8283375
2012    12      5.50210025      279.181025
2012    13      4.6158975       277.9802375
2012    14      3.73715675      276.223575
2012    15      4.843733        280.3181125
2012    16      7.81116275      285.6278875
2012    17      3.51649238      274.594175
2012    18      4.54742825      278.122225
2012    19      7.09981163      284.9990625
2012    20      4.13553475      274.211325
2012    21      6.24322612      281.7165125
2012    22      4.85294412      277.884625
2012    23      3.26116212      271.0582
2012    24      4.67439588      279.1098
2012    25      4.5568965       279.3844125
2012    26      4.37826212      278.0234875
2012    27      4.7902585       279.52015
2012    28      4.31390375      277.7327625
2012    29      4.255338        278.8995
2012    30      5.14341788      280.858075
2013    1       3.59991625      270.6753
2013    2       3.54320612      267.3938125
2013    3       2.4432805       253.559125
2013    4       2.55805725      255.737875
2013    5       3.70144512      273.4585375
2013    6       4.02036388      273.2498375
2013    7       3.795133        270.7576375
2013    8       2.96790688      264.5627625
2013    9       2.82588062      259.7229
2013    10      4.49573225      278.3613
2013    11      5.90544425      283.8032125
2013    12      6.6500655       284.48845
2013    13      7.29972438      285.7768375
2013    14      8.22382162      287.44455
2013    15      8.03513475      285.456925
2013    16      4.88435538      283.84435
2013    17      5.09518638      283.6674
2013    18      7.946101        286.9610875
2013    19      8.172299        287.0610375
2013    20      5.873598        282.7277625
2013    21      5.34447862      279.1003875
2013    22      4.19049125      275.5931
2013    23      5.51114975      280.1543375
2013    24      6.61077688      283.490775
2013    25      6.517638        283.90555
2013    26      6.24524575      281.2189375
2013    27      5.371249        281.6158125
2013    28      5.99766362      282.4636
2013    29      5.42293725      282.0554125
2013    30      5.468501        281.0939875
2014    1       2.07517775      247.3644
2014    2       3.01331138      269.1978625
2014    3       4.6688185       280.7978
2014    4       4.20355612      276.791925
2014    5       4.62929513      277.695325
2014    6       5.36367312      279.7999
2014    7       5.68299212      279.39215
2014    8       6.23059562      281.9316875
2014    9       6.13876112      281.897775
2014    10      5.0565375       280.2457375
2014    11      5.99567325      281.493375
2014    12      5.33306962      280.8317125
2014    13      3.99359075      274.3661125
2014    14      2.7366135       261.407575
2014    15      3.1878005       268.5158125
2014    16      3.89148125      275.1695125
2014    17      4.28036537      277.5916875
2014    18      4.82343388      277.764675
2014    19      5.07419012      279.040425
2014    20      4.68873588      279.325725
2014    21      6.43986975      282.7593125
2014    22      5.46093038      279.28885
2014    23      4.81603375      279.47315
2014    24      4.900631        279.7669625
2014    25      5.28021388      280.4773125
2014    26      5.61934987      281.9165875
2014    27      5.24212525      281.8159875
2014    28      6.22820088      283.4072875
2014    29      4.416215        277.8835875
2014    30      5.37201162      280.791925
2015    1       3.3529045       272.2677625
2015    2       4.254013        275.0175125
2015    3       3.77136912      254.2873375
2015    4       1.59119166      213.1549625
2015    5       4.282905        272.476475
2015    6       3.04135325      265.2905875
2015    7       3.53484062      271.14735
2015    8       4.946885        276.06255
2015    9       3.52911512      254.0879
2015    10      3.40092025      272.85085
2015    11      5.39643537      279.99365
2015    12      4.38309338      272.993525
2015    13      4.18900112      277.3585875
2015    14      4.7910505       280.7933375
2015    15      5.17125425      282.2098
2015    16      6.40681225      282.8826625
2015    17      6.14895525      281.9262375
2015    18      5.44808312      279.792275
2015    19      5.64993275      279.355875
2015    20      5.9074385       281.0190375
2015    21      5.828137        280.33985
2015    22      4.91539425      279.0100125
2015    23      4.99823637      279.1611875
2015    24      5.33141838      281.1550875
2015    25      4.1309065       277.9277
2015    26      6.96310062      284.2223625
2015    27      4.61582325      281.1128375
2015    28      3.06017938      269.8068625
2015    29      3.74174588      276.2068375
2015    30      5.58646312      280.5984375
2016    1       1.82681562      230.90705
2016    2       1.47637888      209.1399125
2016    3       2.209532        240.6989
2016    4       3.71825038      269.2551
2016    5       2.70603788      251.3225625
2016    6       4.0363995       271.1806875
2016    7       4.68335575      277.078425
2016    8       5.399815        280.5921
2016    9       5.26382187      277.38565
2016    10      3.14225725      269.8142125
2016    11      3.79614262      274.4906125
2016    12      5.60915288      281.030475
2016    13      5.90558925      280.7013625
2016    14      5.121513        281.017025
2016    15      5.43123338      281.53635
2016    16      7.00042962      283.6889
2016    17      3.45742138      269.5472625
2016    18      3.5890265       276.02575
2016    19      4.93838512      280.0709
2016    20      3.9207015       276.276875
2016    21      5.76674862      283.2481375
2016    22      6.83107525      285.0352
2016    23      5.58032812      283.99265
2016    24      6.57725375      284.73945
2016    25      4.88507725      278.0464125
2016    26      3.11035175      265.2545625
2016    27      4.37002438      273.3372375
2016    28      6.19780275      284.167675
2016    29      7.47510712      284.82985
2016    30      5.99843788      283.6376625
2017    1       4.54184225      277.483675
2017    2       2.38094312      251.596525
2017    3       2.47872138      252.0155
2017    4       1.87503638      232.6024375
2017    5       2.54110025      253.4807875
2017    6       3.08912275      264.461225
2017    7       5.34197475      278.5857125
2017    8       4.07292812      271.1798
2017    9       3.00673138      264.843475
2017    10      2.34850548      218.8325125
2017    11      1.94303775      233.1767
2017    12      2.72188362      257.8435125
2017    13      3.16596063      265.4036625
2017    14      2.35941237      247.380675
2017    15      2.85143138      260.2945875
2017    16      2.20301938      246.9434125
2017    17      2.90050575      263.6910125
2017    18      3.20927462      266.1974875
2017    19      2.0118495       241.717525
2017    20      3.62318712      269.621175
2017    21      5.49082825      280.9020375
2017    22      3.00822025      268.205775
2017    23      3.80166175      276.3656
2017    24      5.07583738      281.79715
2017    25      6.18954438      282.4059875
2017    26      4.87181488      280.9172875
2017    27      6.00870412      282.9155625
2017    28      6.64292975      284.136875
2017    29      7.17676225      285.0566625
2017    30      7.7591425       286.3915
2018    1       3.10750513      266.93235
2018    2       3.006187        267.77145
2018    3       2.53216062      258.974575
2018    4       2.5252655       259.7001375
2018    5       4.3916105       275.5064125
2018    6       5.67815         279.6735625
2018    7       3.57962962      275.0365875
2018    8       5.07656738      279.1679125
2018    9       3.73189588      276.39825
2018    10      6.59374088      283.04455
2018    11      7.011054        284.03805
2018    12      3.998166        275.6617375
2018    13      3.49169888      273.056125
2018    14      4.70329987      279.1869625
2018    15      5.53928812      278.031225
2018    16      3.47134162      270.3855625
2018    17      3.08480012      269.4784875
2018    18      5.354913        283.7343875
2018    19      7.04831913      285.65005
2018    20      8.02001388      286.3993
2018    21      3.55831362      267.8876125
2018    22      2.48257825      258.7326125
2018    23      5.2627025       279.7748375
2018    24      3.32657838      271.8821125
2018    25      3.699537        278.278925
2018    26      5.5888685       284.263175
2018    27      8.10533825      287.3263
2018    28      6.59449862      286.37555
2018    29      6.26334188      286.277475
2018    30      6.45248725      286.3617
