####################################################################################################
# Month: 07Jul                                                                                     #
# Station: GAM                                                                                     #
# Columns are: year    day     windspeed (m/s)                                                     #
####################################################################################################
2009    1       5.1120215
2009    2       4.13116725
2009    3       3.09597412
2009    4       2.13765738
2009    5       2.56990125
2009    6       3.13729712
2009    7       6.04860962
2009    8       7.42629888
2009    9       7.99106775
2009    10      13.70389738
2009    11      12.50766213
2009    12      4.45334975
2009    13      11.3884015
2009    14      6.15580125
2009    15      4.96337862
2009    16      3.36214375
2009    17      2.85385825
2009    18      4.31848088
2009    19      3.27719238
2009    20      1.7350085
2009    21      1.49495675
2009    22      2.882625
2009    23      2.5721325
2009    24      3.18804688
2009    25      5.68649188
2009    26      8.244457
2009    27      7.70064238
2009    28      7.75292212
2009    29      10.08061588
2009    30      9.40742288
2009    31      7.4986555
