####################################################################################################
# Month: 02Feb                                                                                     #
# Station: BMAC                                                                                    #
# Columns are: year    day     RH (percent)                                                        #
####################################################################################################
9       1       0.54051238
9       2       0.66663838
9       3       0.50736888
9       4       0.437352
9       5       0.76140238
9       6       0.75430625
9       7       0.38274062
9       8       0.6116995
9       9       0.87426962
9       10      0.91853325
9       11      0.93063612
9       12      0.85976662
9       13      0.88409838
9       14      0.9063655
9       15      0.94231062
9       16      0.43870225
9       17      0.3751095
9       18      0.5947915
9       19      0.876105
9       20      0.890935
9       21      0.81725138
9       22      0.88135688
9       23      0.78958425
9       24      0.88197025
9       25      0.89600575
9       26      0.90778975
9       27      0.71108288
9       28      0.77246213
