####################################################################################################
# Month: 02Feb                                                                                     #
# Station: HES                                                                                     #
# Frequency: 230 GHz                                                                               #
# Columns are: year    day     tau     Tb (K)                                                      #
####################################################################################################
2009    1       1.39974605      210.005
2009    2       1.67682875      229.949825
2009    3       1.42838225      214.2928375
2009    4       1.56051112      219.6153875
2009    5       1.39800212      211.3391625
2009    6       2.01803237      242.9206625
2009    7       1.778682        233.061975
2009    8       1.80095038      234.6696
2009    9       1.88945125      238.219025
2009    10      1.998687        243.4740875
2009    11      1.69519375      229.2175375
2009    12      1.7853995       232.8215375
2009    13      2.29880775      251.91
2009    14      2.21371888      249.6802125
2009    15      1.96360112      240.59695
2009    16      1.90239162      238.34205
2009    17      2.03130675      241.8072375
2009    18      1.83918525      235.581475
2009    19      2.04055         244.687975
2009    20      2.04596025      244.1582
2009    21      1.94020312      239.322675
2009    22      1.9384715       239.440025
2009    23      1.8002595       233.2300375
2009    24      1.56258125      220.378
2009    25      1.79281862      229.4864375
2009    26      2.05170425      244.4532875
2009    27      1.88075138      237.390775
2009    28      1.47013112      215.941225
2010    1       0.23848489      63.177255
2010    2       0.29429966      75.31761625
2010    3       0.18594025      51.55512375
2010    4       0.44282495      103.01585375
2010    5       0.55761909      123.572125
2010    6       0.8144178       158.8405
2010    7       1.47742713      214.847
2010    8       1.6994395       232.270075
2010    9       1.24867925      202.6385125
2010    10      0.99490168      176.43675
2010    11      1.2528175       201.5913625
2010    12      1.29408162      205.374825
2010    13      1.60017288      224.20455
2010    14      1.52057612      220.557825
2010    15      1.22409188      199.1768625
2010    16      0.58062076      123.1549575
2010    17      0.35832966      88.252425
2010    18      0.82584255      156.6195
2010    19      0.60775732      129.32425
2010    20      0.82447851      155.97637375
2010    21      1.31772013      206.7945
2010    22      1.300461        206.532325
2010    23      1.20960112      200.0031125
2010    24      1.3476575       209.2208
2010    25      1.19916206      197.68985
2010    26      1.13966         194.088475
2010    27      1.21824881      196.2564625
2010    28      2.03136062      240.589125
2011    1       1.5964405       222.445225
2011    2       1.75252362      231.9249875
2011    3       1.86147625      235.754475
2011    4       1.9844565       240.6618375
2011    5       2.237432        249.25225
2011    6       1.9591725       240.4766375
2011    7       1.9661655       240.8454625
2011    8       1.74733188      232.667125
2011    9       1.19717702      196.154375
2011    10      1.620974        224.5615875
2011    11      1.71885375      230.5276375
2011    12      1.70587712      230.93495
2011    13      1.61339825      224.709925
2011    14      1.7672455       233.191875
2011    15      1.71385612      231.5310125
2011    16      1.77075375      233.2590125
2011    17      1.53353388      220.7596625
2011    18      1.09108419      187.5304875
2011    19      0.51844182      117.821025
2011    20      0.74325935      146.633475
2011    21      1.23811889      197.78825
2011    22      1.7917905       232.763
2011    23      1.93038675      239.75345
2011    24      1.72383738      229.9470375
2011    25      1.31421579      205.04825
2011    26      1.0572603       184.242075
2011    27      0.99463035      178.3294
2011    28      1.05634104      184.2338875
2012    1       1.95845725      239.3693375
2012    2       1.72486988      227.7695375
2012    3       1.1553631       192.9654875
2012    4       1.50905288      219.2535375
2012    5       1.87409475      237.6584
2012    6       1.9071305       239.53195
2012    7       2.09833088      247.044625
2012    8       2.3712595       256.0462625
2012    9       2.26181925      253.35235
2012    10      1.5272546       217.1546625
2012    11      0.71537248      145.7635125
2012    12      0.91831586      168.5240375
2012    13      0.78695506      155.443025
2012    14      0.75343758      151.74935
2012    15      0.78941648      155.636825
2012    16      1.72481735      226.9007375
2012    17      2.16563087      249.0983375
2012    18      1.9764885       243.5028
2012    19      1.59395335      218.966575
2012    20      2.18416638      250.2581
2012    21      1.79042588      234.2103
2012    22      1.80440338      235.0362375
2012    23      1.6994315       230.987925
2012    24      1.99730838      242.710725
2012    25      2.06887925      244.3511875
2012    26      1.80181212      233.406375
2012    27      1.67109362      227.33425
2012    28      1.70102325      230.1187125
2012    29      1.36712838      209.4684875
2013    1       0.40519438      96.815265
2013    2       0.5778965       126.511675
2013    3       0.71275043      144.8208125
2013    4       0.83551978      160.9781
2013    5       0.841949        161.194275
2013    6       0.77979624      152.667
2013    7       0.86922191      161.39615
2013    8       0.93990511      171.4860625
2013    9       0.42392326      99.6066525
2013    10      0.31236824      78.9209675
2013    11      0.24140629      63.75195375
2013    12      0.66650129      136.851945
2013    13      0.81294145      157.32225
2013    14      1.152252        194.1074875
2013    15      1.43630162      215.4324125
2013    16      1.68738375      229.3525125
2013    17      1.57620962      222.8423375
2013    18      1.32482162      207.0510625
2013    19      1.33721075      208.5569875
2013    20      1.20614825      198.4835375
2013    21      1.18141525      195.92845
2013    22      1.11264128      189.9081125
2013    23      0.67287371      138.9698375
2013    24      0.52277982      116.66666375
2013    25      0.5713982       123.56668375
2013    26      0.84049532      160.230925
2013    27      1.1105275       189.3120125
2013    28      0.70063899      139.4757975
2014    1       1.9077395       238.644
2014    2       1.912358        240.319775
2014    3       2.42654087      256.4151
2014    4       2.24116088      251.0979
2014    5       1.34495988      208.5046625
2014    6       0.98151523      177.7305375
2014    7       0.68131764      141.553525
2014    8       0.59310429      128.5023875
2014    9       0.73989116      149.6282375
2014    10      1.730454        225.6955625
2014    11      1.4648255       216.7680875
2014    12      1.18096938      194.1991
2014    13      1.1375358       191.028225
2014    14      1.041305        182.901875
2014    15      1.22153013      199.5186125
2014    16      1.10529181      189.5956375
2014    17      1.28695188      204.0024625
2014    18      1.58150512      222.3161625
2014    19      1.27621389      201.0087625
2014    20      0.49298721      111.66723875
2014    21      0.55089405      120.7619075
2014    22      1.3574552       204.7689375
2014    23      1.68695575      228.0251
2014    24      1.73795         230.503825
2014    25      1.820516        234.84815
2014    26      1.88177425      236.0288625
2014    27      2.08371825      244.6332125
2014    28      1.91451488      235.5552375
2015    1       0.54017786      119.50389
2015    2       0.24229205      63.4276275
2015    3       0.14864266      42.77977625
2015    4       0.15626374      43.91699375
2015    5       0.2789592       72.2858425
2015    6       0.19037555      52.73259375
2015    7       0.23661696      62.4886875
2015    8       0.29829994      76.18461625
2015    9       0.44338744      103.93727375
2015    10      0.4901811       112.1987125
2015    11      0.86885792      161.6610625
2015    12      1.07394099      184.5219875
2015    13      0.50406832      113.3279475
2015    14      0.2855868       73.8927175
2015    15      0.2847804       73.2155175
2015    16      0.45862888      104.53631375
2015    17      0.66967758      137.467825
2015    18      0.64456712      133.78695375
2015    19      0.57219275      124.4387625
2015    20      1.18518801      192.1824625
2015    21      1.32035274      203.8377875
2015    22      1.0779338       183.5081
2015    23      1.43183662      213.87345
2015    24      0.90022538      165.9103875
2015    25      0.39837115      94.70627875
2015    26      0.21080082      57.13284625
2015    27      0.17191834      48.391525
2015    28      0.31628494      78.94691
2016    1       0.95329146      174.18275
2016    2       1.3920515       211.2927875
2016    3       1.59244813      226.0011625
2016    4       1.33777819      206.442175
2016    5       0.88556431      167.091375
2016    6       0.91016188      169.6198375
2016    7       0.91113124      169.2404625
2016    8       0.68506081      142.3703625
2016    9       0.62999151      134.235225
2016    10      0.53772596      119.4106
2016    11      0.54109568      120.6087
2016    12      0.6493076       136.90225
2016    13      0.6338748       134.20675
2016    14      0.66259522      137.4740125
2016    15      0.67627049      139.35745
2016    16      0.90960701      164.25385
2016    17      1.52307475      219.2096375
2016    18      1.55933225      220.801625
2016    19      1.82880512      235.9002875
2016    20      1.73185588      232.67735
2016    21      1.33849625      207.2926125
2016    22      1.42448175      211.3097625
2016    23      1.78639962      236.1548875
2016    24      1.87950338      240.033475
2016    25      1.46772888      218.307625
2016    26      0.78936306      146.87593375
2016    27      0.46021105      107.0779025
2016    28      0.76486676      152.01715
2016    29      0.83649345      161.2963875
2017    1       1.31516773      196.732825
2017    2       1.569862        224.808625
2017    3       1.89679588      236.8273875
2017    4       1.03405973      182.5122
2017    5       0.8937692       167.8554875
2017    6       1.17533486      196.8007125
2017    7       1.24382995      202.3727375
2017    8       1.67973188      230.4340375
2017    9       1.8944855       241.3089625
2017    10      1.976521        243.8118125
2017    11      2.31641712      254.8096
2017    12      1.77410238      234.6515375
2017    13      1.31743042      206.505575
2017    14      1.10750055      188.8087875
2017    15      1.27566125      202.3760375
2017    16      1.6624725       227.030925
2017    17      1.6568445       229.738475
2017    18      1.9281975       241.09095
2017    19      2.09171775      247.014025
2017    20      2.19748438      248.4816875
2017    21      1.54721384      216.8371625
2017    22      0.73596352      149.308425
2017    23      0.76445829      152.0162375
2017    24      0.79227336      154.2212125
2017    25      0.83266395      160.9297
2017    26      1.24470325      197.19475
2017    27      1.39212812      212.83765
2017    28      1.68931812      230.8623875
2018    1       0.91028416      169.30875
2018    2       1.40981138      213.5061
2018    3       1.42287488      213.9796
2018    4       1.53993388      221.1646375
2018    5       1.41581075      212.678625
2018    6       1.78782725      235.2086625
2018    7       1.56481338      224.01275
2018    8       1.5254055       221.3247
2018    9       1.71935287      227.7187125
2018    10      1.82385475      234.71295
2018    11      1.96016775      240.7392
2018    12      1.61210912      224.8298375
2018    13      1.40483325      211.63385
2018    14      1.5253255       220.5600875
2018    15      0.65583865      134.72321875
2018    16      0.24138636      64.22999875
2018    17      0.3781478       91.31119625
2018    18      0.37870244      91.41509875
2018    19      0.39815526      95.21566875
2018    20      0.58429905      126.08875
2018    21      0.83403972      160.4267125
2018    22      0.98850865      178.5428125
2018    23      0.9986274       180.1128625
2018    24      0.70636866      143.9469
2018    25      0.55148416      121.716525
2018    26      0.70216798      143.216075
2018    27      0.90078696      166.3746375
2018    28      1.14578386      192.581325
