####################################################################################################
# Month: 08Aug                                                                                     #
# Station: BAR                                                                                     #
# Frequency: 345 GHz                                                                               #
# Columns are: year    day     tau     Tb (K)                                                      #
####################################################################################################
2009    1       0.92955319      164.0764875
2009    2       0.52575205      109.33353875
2009    3       0.39463812      89.2971075
2009    4       0.77887939      142.6329125
2009    5       0.97677767      166.9583875
2009    6       0.29092205      69.61312125
2009    7       0.22978446      56.553715
2009    8       0.46755726      99.150805
2009    9       0.39972935      90.9111975
2009    10      0.62564961      124.81542625
2009    11      0.51685041      109.79744375
2009    12      0.50973401      108.8535225
2009    13      0.68606776      134.729125
2009    14      0.49439321      105.97518
2009    15      0.23365062      58.59436125
2009    16      0.25902251      65.897825
2009    17      0.28321329      70.80962625
2009    18      0.3277432       78.8755375
2009    19      0.52700656      112.717375
2009    20      0.49781435      108.77955
2009    21      0.53186091      113.54807375
2009    22      1.1642323       183.1563625
2009    23      1.33816169      194.3741125
2009    24      0.87704038      148.09975625
2009    25      0.56239084      113.0735325
2009    26      0.339628        81.11372875
2009    27      0.22037114      57.52147375
2009    28      0.30181336      73.59106375
2009    29      0.54440269      113.6984225
2009    30      0.42648255      94.83044125
2009    31      0.51975373      111.55966875
2010    1       0.34817205      81.62444875
2010    2       0.25076206      63.2071875
2010    3       0.23413401      59.6911575
2010    4       0.22420532      58.49113375
2010    5       0.2421809       62.22063375
2010    6       0.29550945      73.02515875
2010    7       0.37134838      85.006825
2010    8       0.3364499       76.1911575
2010    9       0.42803446      94.6823175
2010    10      0.37214384      85.33475875
2010    11      0.31156638      73.962065
2010    12      0.34427098      82.2541675
2010    13      0.27095146      68.6352575
2010    14      0.30898398      75.26944125
2010    15      0.29373644      72.3950575
2010    16      0.19511117      52.8541175
2010    17      0.21586854      56.99064
2010    18      0.39722616      83.068345
2010    19      0.35790202      81.64304125
2010    20      0.23774994      60.9928075
2010    21      0.72716324      136.2989375
2010    22      0.42676606      93.44428375
2010    23      0.15708656      44.78577375
2010    24      0.16818771      47.41605875
2010    25      0.26118508      66.4453875
2010    26      0.96223641      167.3222125
2010    27      0.5365667       109.40922125
2010    28      0.22085652      55.82193375
2010    29      0.27868698      67.40127875
2010    30      0.41136671      90.2516125
2010    31      0.25418178      63.203195
2011    1       1.5020135       205.2891125
2011    2       1.22049592      190.5033875
2011    3       0.50788578      104.28065375
2011    4       0.26115301      65.61245
2011    5       0.27494269      69.29633125
2011    6       0.38306134      87.69152
2011    7       0.2093002       55.00829
2011    8       0.2409723       62.18453625
2011    9       0.33590671      81.341465
2011    10      0.38143542      89.8410425
2011    11      0.41751988      95.55023875
2011    12      0.40892404      93.28031
2011    13      0.68461286      135.9432375
2011    14      0.78090484      146.1926875
2011    15      0.47583155      102.69266875
2011    16      0.23330736      60.4715875
2011    17      0.24821808      63.36654125
2011    18      0.57904169      112.7680325
2011    19      0.82357629      151.2581875
2011    20      0.50035765      103.81612125
2011    21      0.29521795      72.464155
2011    22      0.73091176      132.5336875
2011    23      1.12888277      182.571375
2011    24      0.91983542      162.2393125
2011    25      0.66010446      127.88352875
2011    26      0.77648274      136.5309325
2011    27      1.78380425      225.1172875
2011    28      1.43158605      205.23325
2011    29      0.9891566       169.173525
2011    30      0.45375178      99.08195125
2011    31      0.23182308      59.9155175
2012    1       0.51259199      105.94348
2012    2       0.37842999      85.25193125
2012    3       0.7372746       141.5309375
2012    4       0.81251472      150.4078375
2012    5       0.72452982      138.5421125
2012    6       0.87534392      154.6399125
2012    7       0.68981865      129.36567125
2012    8       1.09783421      179.3122875
2012    9       1.19310017      185.50985
2012    10      1.41278325      204.237825
2012    11      1.30195712      195.4960875
2012    12      1.22572861      188.06905
2012    13      1.46867338      204.7242625
2012    14      1.59049         212.6577625
2012    15      1.0606174       168.63235
2012    16      0.94553966      162.5819375
2012    17      1.32068087      197.1885875
2012    18      1.47180488      207.6591125
2012    19      1.74176925      221.2054125
2012    20      0.83538012      148.8928125
2012    21      1.00513862      169.5602875
2012    22      1.29286289      192.06475
2012    23      0.74656678      139.37002125
2012    24      0.63080597      128.2688375
2012    25      0.79597746      142.975855
2012    26      0.46818192      92.3262775
2012    27      0.13688897      39.5954175
2012    28      0.16398478      45.64136625
2012    29      0.68692965      129.07921
2012    30      1.37866425      200.6768375
2012    31      1.10033841      179.3512625
2013    1       0.26957385      67.70764
2013    2       0.25888191      65.6349375
2013    3       0.40560616      92.41451375
2013    4       0.35492674      82.77111375
2013    5       0.56029946      116.7771125
2013    6       0.59671724      122.2972625
2013    7       0.60168886      122.61838
2013    8       0.6669025       130.81610375
2013    9       0.55622526      113.52290625
2013    10      0.47262269      103.1682375
2013    11      0.58893199      121.19887875
2013    12      0.62917221      127.0462925
2013    13      0.52052396      111.91635875
2013    14      0.4636505       101.55327125
2013    15      0.3272629       79.24548125
2013    16      0.6946052       135.7596375
2013    17      1.38105488      199.18115
2013    18      1.15553165      181.90845
2013    19      1.17414746      185.3399125
2013    20      1.16425977      178.84445
2013    21      1.33596175      197.0347875
2013    22      0.69545188      127.16559125
2013    23      0.35639006      83.57096
2013    24      0.33238985      78.06821875
2013    25      0.33770624      79.8980825
2013    26      0.32186139      77.1184225
2013    27      0.6026144       118.265375
2013    28      0.74042295      131.588265
2013    29      0.3964138       86.18868
2013    30      0.61220175      122.61113875
2013    31      1.34198837      199.6980875
2014    1       1.163828        182.7104375
2014    2       1.06744329      168.1730275
2014    3       1.35460162      196.4510625
2014    4       1.599578        212.9375875
2014    5       0.75429785      134.9555325
2014    6       0.67160025      130.15114375
2014    7       0.70602302      133.0276125
2014    8       1.04277614      173.856775
2014    9       0.9565098       163.8115625
2014    10      0.73276774      136.23236
2014    11      1.01343966      167.7768875
2014    12      0.95578255      164.1624375
2014    13      0.52528241      110.77759375
2014    14      0.49140939      107.285265
2014    15      0.43413239      96.6878475
2014    16      0.36133665      84.2809575
2014    17      0.35021814      82.70827625
2014    18      0.40590452      91.92154875
2014    19      0.44755698      96.08084125
2014    20      0.70544145      135.0757375
2014    21      0.7262305       138.766175
2014    22      0.86100297      155.7553625
2014    23      0.3274166       77.578835
2014    24      0.61693936      126.0896625
2014    25      0.61666168      121.3130675
2014    26      0.63140264      125.865125
2014    27      0.53253019      112.89876625
2014    28      0.54366779      117.682625
2014    29      0.67476322      133.4996875
2014    30      1.0601859       173.452625
2014    31      0.58118505      122.2047125
2015    1       1.83178925      224.896
2015    2       1.27464675      193.6011125
2015    3       0.85216932      150.220185
2015    4       0.90146985      159.50675
2015    5       0.66934358      127.336975
2015    6       0.92757941      158.917025
2015    7       1.07877556      170.3705
2015    8       0.51546334      108.2679475
2015    9       0.58320971      114.95908875
2015    10      0.47769241      103.13715
2015    11      0.37777739      87.27951625
2015    12      0.29595063      71.99876875
2015    13      0.50972306      99.9550575
2015    14      0.86650508      154.4221
2015    15      0.62851948      126.4271
2015    16      1.06131581      174.8880625
2015    17      0.86886831      156.07455
2015    18      0.73165725      140.6546375
2015    19      0.50521749      107.9745475
2015    20      0.72867319      140.477175
2015    21      0.73927775      141.9909
2015    22      0.72819796      140.690575
2015    23      0.55867094      116.1841975
2015    24      0.57711499      118.4184625
2015    25      0.43629068      95.4182275
2015    26      0.97206767      164.7741375
2015    27      1.02449585      171.8810125
2015    28      1.07180549      174.7693125
2015    29      0.83835954      146.067925
2015    30      0.49931576      104.721405
2015    31      0.49492216      106.49047
2016    1       1.10954271      181.169375
2016    2       1.03584595      174.94805
2016    3       0.93037274      164.411225
2016    4       1.2189665       190.219625
2016    5       0.84190904      138.38863875
2016    6       0.20915405      55.02605125
2016    7       0.15363341      43.37248625
2016    8       0.27283086      68.144355
2016    9       0.32277251      77.1205475
2016    10      0.22574967      57.13814375
2016    11      0.2794559       69.928875
2016    12      0.37698101      88.6150725
2016    13      0.38996111      91.84319625
2016    14      0.4380915       100.229125
2016    15      0.5445887       116.12483375
2016    16      0.48783295      106.36838
2016    17      0.455742        101.0651
2016    18      0.44267126      98.71239875
2016    19      0.68948818      134.4813875
2016    20      0.78772702      145.9241625
2016    21      0.68654574      135.3332875
2016    22      1.28394268      191.992725
2016    23      1.03626708      171.7219625
2016    24      0.64645145      122.39602875
2016    25      0.71554825      137.5143125
2016    26      0.53728573      112.99184875
2016    27      0.5603382       114.70519125
2016    28      0.52639836      109.91801
2016    29      0.49545552      106.87331875
2016    30      0.71941069      139.161475
2016    31      0.77814529      145.9209
2017    1       1.12363344      180.6518125
2017    2       1.13983022      183.387575
2017    3       1.60571538      214.9293875
2017    4       1.8121915       224.8670125
2017    5       1.71106688      220.7840875
2017    6       1.09023499      175.4714375
2017    7       0.71554959      130.8494175
2017    8       0.63702745      122.89488625
2017    9       0.51827334      106.47167125
2017    10      0.45672406      95.96215875
2017    11      0.31117356      73.60023625
2017    12      0.3105117       74.57771375
2017    13      0.33182099      79.88845125
2017    14      0.7951469       146.3214375
2017    15      0.91491456      161.3242375
2017    16      0.98465704      169.12615
2017    17      1.05517771      174.4181625
2017    18      0.98938902      170.3664875
2017    19      1.12553513      182.270075
2017    20      0.80255798      148.084
2017    21      0.77488714      144.837225
2017    22      0.70039819      136.120525
2017    23      0.71715866      133.230855
2017    24      0.61751984      120.312275
2017    25      0.3758832       86.85567875
2017    26      0.5505743       116.768665
2017    27      0.66945832      132.7015
2017    28      0.78850752      147.2952875
2017    29      1.16895955      184.3133375
2017    30      1.459775        204.6241375
2017    31      0.74513211      132.49435625
2018    1       1.79344938      222.7470625
2018    2       1.75256475      221.3800875
2018    3       0.70840822      135.424045
2018    4       0.53993009      114.49147
2018    5       0.29030268      69.7472675
2018    6       0.33775109      81.10418625
2018    7       0.39319624      91.79792375
2018    8       0.39609448      92.94880125
2018    9       0.72131692      142.340025
2018    10      0.94955892      167.70075
2018    11      1.14686015      185.5311
2018    12      1.26661538      194.2214
2018    13      1.50602675      210.55795
2018    14      1.57311738      212.25245
2018    15      1.28439081      194.6621125
2018    16      1.2815001       186.0945375
2018    17      1.40912236      203.02895
2018    18      0.81182588      144.51059
2018    19      0.74905471      145.5896
2018    20      0.88352118      152.50679625
2018    21      0.85035579      154.1267375
2018    22      0.4970225       105.90096625
2018    23      0.38091735      88.50327875
2018    24      0.53320145      111.000395
2018    25      0.39860401      90.07296125
2018    26      0.463377        101.1792775
2018    27      0.39499081      90.57016875
2018    28      0.45601945      99.86118875
2018    29      0.60598068      118.78466875
2018    30      0.61422296      121.77586875
2018    31      0.39393341      85.0295925
