####################################################################################################
# Month: 04Apr                                                                                     #
# Station: ATCA                                                                                    #
# Frequency: 230 GHz                                                                               #
# Columns are: year    day     tau     Tb (K)                                                      #
####################################################################################################
2009    1       1.95661662      243.8938875
2009    2       2.4095355       259.5569875
2009    3       2.41956175      260.9812125
2009    4       2.339611        256.854575
2009    5       1.63511025      227.102875
2009    6       1.46466112      216.4376625
2009    7       1.55379975      224.228375
2009    8       1.29990462      206.9337125
2009    9       1.429829        213.6978125
2009    10      2.02876988      244.2743375
2009    11      2.31144862      253.2446875
2009    12      2.64242575      262.4464625
2009    13      2.2411205       252.2972375
2009    14      1.8410825       239.3286
2009    15      0.87424892      166.2991125
2009    16      1.19065875      196.69115
2009    17      1.09983364      186.8739
2009    18      1.3340936       206.35195
2009    19      1.528094        220.813375
2009    20      1.642089        224.653675
2009    21      1.47678325      216.6302625
2009    22      1.19586612      197.0900125
2009    23      1.10091125      190.426825
2009    24      1.548222        222.1916
2009    25      1.19199237      197.1169
2009    26      1.08343143      183.5338
2009    27      0.85212322      161.3508375
2009    28      1.117835        189.52295
2009    29      1.09123245      185.576125
2009    30      0.85600708      160.752975
2010    1       1.4910405       220.3242625
2010    2       1.39966962      213.1603625
2010    3       1.62457612      227.7878625
2010    4       1.66598438      229.046275
2010    5       1.99449738      243.552975
2010    6       2.37133113      255.825725
2010    7       2.81300638      267.9356125
2010    8       1.83622725      233.552125
2010    9       1.5586985       220.6099375
2010    10      1.98010725      247.1523
2010    11      1.96555662      242.9846625
2010    12      0.80337734      150.4422375
2010    13      0.69331065      139.713875
2010    14      1.03300622      183.5872875
2010    15      1.19363975      197.4133125
2010    16      1.15397535      192.8296
2010    17      1.291077        205.4225125
2010    18      1.39162275      213.3919125
2010    19      1.55382138      223.353225
2010    20      1.594104        225.6445625
2010    21      1.54084862      221.8785125
2010    22      1.598805        226.058275
2010    23      1.54687938      224.0530125
2010    24      1.746784        234.854775
2010    25      1.49981034      206.21435
2010    26      0.66773196      138.4621125
2010    27      1.38590738      208.934425
2010    28      0.87021284      164.4815875
2010    29      1.06330072      185.559975
2010    30      0.97823009      174.0824625
2011    1       1.92457712      241.971525
2011    2       1.58380712      224.85585
2011    3       1.26081675      202.98225
2011    4       1.24226429      199.6153875
2011    5       1.3710645       210.947075
2011    6       1.24185205      200.8793
2011    7       1.37735762      210.8517375
2011    8       1.23466325      200.992725
2011    9       1.10446967      189.6179625
2011    10      1.90181862      235.5714
2011    11      0.92927825      167.149425
2011    12      0.88122861      165.630975
2011    13      0.95146461      173.4200875
2011    14      1.00205358      177.7248125
2011    15      1.68096062      225.8949375
2011    16      1.73190612      230.2342
2011    17      1.71863913      229.3243625
2011    18      1.54183025      221.841425
2011    19      1.51561825      220.16925
2011    20      1.830461        237.4783375
2011    21      1.73657         232.871375
2011    22      1.1440355       192.39155
2011    23      1.03581474      182.636175
2011    24      1.14484449      190.57415
2011    25      1.55142488      222.945475
2011    26      1.49292725      216.6434375
2011    27      1.209987        197.0355
2011    28      1.29645263      204.988575
2011    29      1.33847975      207.2114125
2011    30      1.23586438      200.6184625
2012    1       1.06288228      185.4583875
2012    2       1.3464125       212.788375
2012    3       1.35246738      212.160475
2012    4       1.67518338      233.023375
2012    5       1.81583862      239.83455
2012    6       1.72057325      235.3786875
2012    7       1.87744862      243.916025
2012    8       1.80694638      237.0214
2012    9       0.92559744      169.5931625
2012    10      0.75748811      147.059925
2012    11      1.07790625      184.4431875
2012    12      0.85773452      162.5833625
2012    13      1.12352079      185.5750625
2012    14      1.69456712      229.7516875
2012    15      2.2676205       253.112225
2012    16      2.34045612      254.162725
2012    17      2.09816725      245.3191625
2012    18      1.75956988      234.0518
2012    19      1.376477        212.5894125
2012    20      1.31048575      208.682
2012    21      1.14311375      194.6940625
2012    22      1.81924112      235.7952125
2012    23      2.41837262      255.1808
2012    24      1.06425985      179.908975
2012    25      0.83791349      157.80825
2012    26      1.0882195       186.93235
2012    27      1.55747788      217.156625
2012    28      1.96800475      239.7899625
2012    29      1.13549849      190.2203
2012    30      1.05862664      184.4060625
2013    1       1.27501212      205.3034625
2013    2       0.9368126       172.4781625
2013    3       1.37605625      210.0838125
2013    4       1.42705362      212.9236875
2013    5       1.20663882      196.8992375
2013    6       1.65757312      226.46395
2013    7       1.45800438      215.2131625
2013    8       1.359997        208.3201625
2013    9       1.52448275      219.365725
2013    10      1.32831962      206.8905125
2013    11      1.14562382      192.5891625
2013    12      1.194904        196.9312625
2013    13      1.334227        209.2679
2013    14      1.25613062      203.0154875
2013    15      1.337062        208.8907375
2013    16      1.54482862      221.225575
2013    17      0.88434586      166.0135125
2013    18      0.73680772      147.5536625
2013    19      0.76907374      150.7782375
2013    20      1.24605861      196.4502625
2013    21      1.22384838      197.873325
2013    22      0.79346269      155.36985
2013    23      0.87514699      164.8100375
2013    24      0.76317436      150.40815
2013    25      0.70672204      143.34475
2013    26      0.7250711       146.2318375
2013    27      0.71646115      145.7548875
2013    28      0.73335451      148.8459125
2013    29      0.80010702      155.9094
2013    30      1.24787913      202.266175
2014    1       2.367825        259.14155
2014    2       2.45787362      262.146525
2014    3       2.30456525      258.736925
2014    4       2.80229762      268.0888625
2014    5       2.47508875      259.9586875
2014    6       1.584987        225.8394
2014    7       1.28089838      206.3688875
2014    8       1.89034475      240.9289875
2014    9       1.99504075      247.1012875
2014    10      2.22198112      253.3214125
2014    11      2.090531        248.7364
2014    12      1.60893788      228.3351875
2014    13      1.52575625      222.9384
2014    14      1.5792735       225.148725
2014    15      1.5235445       220.0142875
2014    16      1.2952035       205.5877875
2014    17      1.13704763      192.187725
2014    18      0.91329819      170.590975
2014    19      1.0063746       180.610825
2014    20      0.73762781      148.5274625
2014    21      0.81969229      159.8463375
2014    22      1.68574838      231.4955375
2014    23      1.51255212      221.0054
2014    24      1.18198588      197.0975125
2014    25      1.31714475      206.9933375
2014    26      1.96935038      242.2292
2014    27      2.04519725      244.0074
2014    28      1.58454875      226.02935
2014    29      1.70489162      231.49525
2014    30      1.56475771      211.3598875
2015    1       1.96783175      244.1513375
2015    2       1.920502        241.617
2015    3       2.60112062      262.0139
2015    4       2.4835695       258.7196625
2015    5       1.56498525      222.818675
2015    6       1.4992215       218.03435
2015    7       0.86155516      159.6673875
2015    8       1.0059104       177.653825
2015    9       1.11048875      190.1347875
2015    10      1.2956735       204.7661
2015    11      1.45018162      217.5798625
2015    12      1.31335688      206.2148375
2015    13      1.51666275      217.4846375
2015    14      1.78866938      234.9716
2015    15      1.77459612      235.1397
2015    16      1.59704762      227.7191125
2015    17      1.63957862      229.39325
2015    18      2.13066         249.36105
2015    19      1.63624788      220.5554375
2015    20      1.29298848      197.3393
2015    21      1.4118165       208.0902625
2015    22      1.56393925      221.1221125
2015    23      1.69285275      230.6869875
2015    24      1.26405975      202.1966375
2015    25      1.05549101      180.21375
2015    26      1.07390069      183.214075
2015    27      0.64101894      132.799525
2015    28      0.74604225      144.9036875
2015    29      1.0688535       182.9954625
2015    30      1.4655515       213.3253375
2016    1       1.07028617      186.8777
2016    2       0.89192926      165.2688625
2016    3       1.1821497       188.625375
2016    4       1.66734775      231.852875
2016    5       1.34219438      212.5525875
2016    6       1.07057027      189.3396375
2016    7       1.53741112      220.3792625
2016    8       2.05061475      247.3608875
2016    9       2.09936537      249.5531125
2016    10      2.12309262      247.436525
2016    11      1.07715489      181.0023625
2016    12      1.0202056       174.5640625
2016    13      1.26638387      204.2075125
2016    14      1.13222956      192.9551125
2016    15      1.17732212      197.4358875
2016    16      1.2172185       200.1267625
2016    17      1.32417225      204.867025
2016    18      1.36382562      209.000825
2016    19      1.06788478      186.9891
2016    20      1.227783        201.7984125
2016    21      1.21623288      202.05115
2016    22      1.3008655       206.632525
2016    23      1.22583135      198.5823875
2016    24      1.21282838      198.1408375
2016    25      1.269876        203.456625
2016    26      1.11621724      191.2507875
2016    27      1.10283896      188.7315125
2016    28      1.37589825      212.309225
2016    29      1.71204538      230.3152125
2016    30      2.5932345       263.9501
2017    1       1.29000562      206.7966125
2017    2       1.39203325      212.9112875
2017    3       1.2100115       198.1732875
2017    4       1.1852105       195.6940875
2017    5       1.29170175      202.92025
2017    6       1.61772037      222.3180875
2017    7       1.21749975      198.0549875
2017    8       1.18228789      195.795675
2017    9       1.1895368       186.6111
2017    10      0.87201786      161.6309125
2017    11      1.20691938      198.8135875
2017    12      1.46998112      217.949325
2017    13      1.413791        214.422025
2017    14      1.01234838      181.1561625
2017    15      1.07026968      186.5751875
2017    16      1.59385812      225.7659625
2017    17      1.73527725      232.31035
2017    18      1.55819737      220.175925
2017    19      1.15184584      192.3752625
2017    20      1.16430891      194.30995
2017    21      1.41454962      211.1844
2017    22      1.75252512      231.9953125
2017    23      1.46679925      216.7956375
2017    24      1.6596955       229.3387875
2017    25      2.3579995       255.9584
2017    26      1.38151431      200.9384375
2017    27      0.87838169      161.2928875
2017    28      1.01979106      179.8794
2017    29      0.82339287      159.9072375
2017    30      0.96224906      176.0505
2018    1       1.40039657      210.3173625
2018    2       1.86814175      241.3053
2018    3       1.78051262      236.2232375
2018    4       1.43244575      215.4741
2018    5       1.38662175      214.3176
2018    6       0.97945909      175.8131
2018    7       1.08351774      187.3500875
2018    8       1.01271076      183.0572875
2018    9       0.89751168      170.143825
2018    10      1.270266        204.5488125
2018    11      1.41159275      215.6641875
2018    12      1.23001284      201.264125
2018    13      1.707209        233.41885
2018    14      1.55567956      213.95465
2018    15      1.18638412      199.0252625
2018    16      1.21340925      200.7808875
2018    17      1.36613488      211.1602875
2018    18      1.65099488      229.9750125
2018    19      2.27362137      251.132275
2018    20      1.71989638      231.7302625
2018    21      1.26115462      201.9962
2018    22      1.14440171      192.0724625
2018    23      1.12889002      189.6738375
2018    24      1.40768462      210.1810125
2018    25      1.49930775      220.198225
2018    26      1.24677965      200.8151
2018    27      1.15652362      193.2797375
2018    28      1.08246203      185.5618875
2018    29      1.02586624      179.86575
2018    30      0.95540421      174.1917125
