####################################################################################################
# Month: 04Apr                                                                                     #
# Station: ATCA                                                                                    #
# Columns are: year    day     RH (percent)                                                        #
####################################################################################################
9       1       0.52437638
9       2       0.6789595
9       3       0.746664
9       4       0.72203825
9       5       0.47634425
9       6       0.535938
9       7       0.62224962
9       8       0.57752862
9       9       0.58939525
9       10      0.8852665
9       11      0.83140438
9       12      0.82608388
9       13      0.75018112
9       14      0.64119562
9       15      0.3582745
9       16      0.38928237
9       17      0.40388812
9       18      0.5917415
9       19      0.69823412
9       20      0.71310312
9       21      0.6255155
9       22      0.5593245
9       23      0.46774162
9       24      0.548173
9       25      0.52902075
9       26      0.5903975
9       27      0.54667987
9       28      0.60805763
9       29      0.62028162
9       30      0.5026
