####################################################################################################
# Month: 04Apr                                                                                     #
# Station: ATCA                                                                                    #
# Columns are: year    day     segment         RH (percent)                                        #
####################################################################################################
9       1       0       0.703364
9       1       1       0.460214
9       1       2       0.34086
9       1       3       -0.037762
9       1       4       0.529285
9       1       5       0.675133
9       1       6       0.736896
9       1       7       0.787021
9       2       0       0.756601
9       2       1       0.619158
9       2       2       0.602512
9       2       3       0.671335
9       2       4       0.653679
9       2       5       0.686827
9       2       6       0.736159
9       2       7       0.705405
9       3       0       0.701709
9       3       1       0.559334
9       3       2       0.521437
9       3       3       0.547143
9       3       4       1.067756
9       3       5       0.792732
9       3       6       0.880816
9       3       7       0.902385
9       4       0       0.936062
9       4       1       0.750669
9       4       2       0.630925
9       4       3       0.573792
9       4       4       0.579547
9       4       5       0.669934
9       4       6       0.851976
9       4       7       0.783401
9       5       0       0.679656
9       5       1       0.542794
9       5       2       0.13207
9       5       3       0.516384
9       5       4       0.475862
9       5       5       0.449042
9       5       6       0.464724
9       5       7       0.550222
9       6       0       0.515674
9       6       1       0.374198
9       6       2       0.311059
9       6       3       0.353564
9       6       4       0.538416
9       6       5       0.688833
9       6       6       0.759953
9       6       7       0.745807
9       7       0       0.719275
9       7       1       0.544836
9       7       2       0.478959
9       7       3       0.496447
9       7       4       0.551062
9       7       5       0.751609
9       7       6       0.724316
9       7       7       0.711493
9       8       0       0.688895
9       8       1       0.539633
9       8       2       0.448766
9       8       3       0.446416
9       8       4       0.522231
9       8       5       0.711563
9       8       6       0.642761
9       8       7       0.619964
9       9       0       0.596158
9       9       1       0.442526
9       9       2       0.436584
9       9       3       0.463285
9       9       4       0.508612
9       9       5       0.7248
9       9       6       0.725629
9       9       7       0.817568
9       10      0       0.796145
9       10      1       0.599496
9       10      2       0.622704
9       10      3       0.672666
9       10      4       0.664799
9       10      5       0.818753
9       10      6       2.134378
9       10      7       0.773191
9       11      0       0.828076
9       11      1       0.789811
9       11      2       0.801736
9       11      3       0.794321
9       11      4       0.783914
9       11      5       0.871588
9       11      6       0.906589
9       11      7       0.8752
9       12      0       0.878309
9       12      1       0.725233
9       12      2       0.697166
9       12      3       0.780373
9       12      4       0.849103
9       12      5       0.932955
9       12      6       0.892136
9       12      7       0.853396
9       13      0       0.920825
9       13      1       0.861113
9       13      2       0.847482
9       13      3       0.787441
9       13      4       0.713746
9       13      5       0.641184
9       13      6       0.631448
9       13      7       0.59821
9       14      0       0.698048
9       14      1       0.628731
9       14      2       0.582413
9       14      3       0.618561
9       14      4       0.685455
9       14      5       0.669211
9       14      6       0.623152
9       14      7       0.623994
9       15      0       0.517204
9       15      1       0.343734
9       15      2       0.300772
9       15      3       0.313005
9       15      4       0.317079
9       15      5       0.334065
9       15      6       0.362738
9       15      7       0.377599
9       16      0       0.377349
9       16      1       0.352945
9       16      2       0.344173
9       16      3       0.354971
9       16      4       0.362494
9       16      5       0.369398
9       16      6       0.412377
9       16      7       0.540552
9       17      0       0.535972
9       17      1       0.427919
9       17      2       0.364494
9       17      3       0.32431
9       17      4       0.281292
9       17      5       0.360179
9       17      6       0.426327
9       17      7       0.510612
9       18      0       0.566073
9       18      1       0.402227
9       18      2       0.367407
9       18      3       0.536181
9       18      4       0.602222
9       18      5       0.64381
9       18      6       0.779714
9       18      7       0.836298
9       19      0       0.773059
9       19      1       0.559619
9       19      2       0.536703
9       19      3       0.649401
9       19      4       0.727245
9       19      5       0.759571
9       19      6       0.787477
9       19      7       0.792798
9       20      0       0.695545
9       20      1       0.529047
9       20      2       0.518344
9       20      3       0.670085
9       20      4       0.821002
9       20      5       0.828985
9       20      6       0.828614
9       20      7       0.813203
9       21      0       0.710937
9       21      1       0.48873
9       21      2       0.430346
9       21      3       0.57685
9       21      4       0.682184
9       21      5       0.722199
9       21      6       0.709369
9       21      7       0.683509
9       22      0       0.641964
9       22      1       0.46428
9       22      2       0.408434
9       22      3       0.490924
9       22      4       0.642176
9       22      5       0.633012
9       22      6       0.615323
9       22      7       0.578483
9       23      0       0.594398
9       23      1       0.446018
9       23      2       0.391902
9       23      3       0.418764
9       23      4       0.456463
9       23      5       0.461109
9       23      6       0.463963
9       23      7       0.509316
9       24      0       0.603311
9       24      1       0.511419
9       24      2       0.366777
9       24      3       0.534143
9       24      4       0.570481
9       24      5       0.541072
9       24      6       0.545442
9       24      7       0.712739
9       25      0       0.710502
9       25      1       0.550686
9       25      2       0.478367
9       25      3       0.488829
9       25      4       0.45724
9       25      5       0.457542
9       25      6       0.482202
9       25      7       0.606798
9       26      0       0.709969
9       26      1       0.620888
9       26      2       0.594501
9       26      3       0.50414
9       26      4       0.482617
9       26      5       0.57593
9       26      6       0.61152
9       26      7       0.623615
9       27      0       0.600251
9       27      1       0.520126
9       27      2       0.493234
9       27      3       0.530985
9       27      4       0.537814
9       27      5       0.538067
9       27      6       0.563345
9       27      7       0.589617
9       28      0       0.672034
9       28      1       0.575934
9       28      2       0.548749
9       28      3       0.5806
9       28      4       0.607384
9       28      5       0.616946
9       28      6       0.62382
9       28      7       0.638994
9       29      0       0.675845
9       29      1       0.630962
9       29      2       0.613987
9       29      3       0.649183
9       29      4       0.643346
9       29      5       0.612534
9       29      6       0.575964
9       29      7       0.560432
9       30      0       0.556794
9       30      1       0.38609
9       30      2       0.33526
9       30      3       0.372941
9       30      4       0.468175
9       30      5       0.590645
9       30      6       0.643704
9       30      7       0.667191
