####################################################################################################
# Month: 04Apr                                                                                     #
# Station: ATCA                                                                                    #
# Columns are: year    day     segment         windspeed (m/s)                                     #
####################################################################################################
2009    1       0       6.510532
2009    1       1       6.627233
2009    1       2       5.089293
2009    1       3       4.499715
2009    1       4       8.000712
2009    1       5       6.754051
2009    1       6       7.474577
2009    1       7       7.158169
2009    2       0       6.966211
2009    2       1       5.927477
2009    2       2       6.083542
2009    2       3       9.868804
2009    2       4       13.66374
2009    2       5       14.575165
2009    2       6       14.150035
2009    2       7       13.706738
2009    3       0       8.207987
2009    3       1       4.40209
2009    3       2       3.289822
2009    3       3       2.134733
2009    3       4       4.044942
2009    3       5       6.77986
2009    3       6       5.902495
2009    3       7       2.884301
2009    4       0       1.760655
2009    4       1       3.073124
2009    4       2       3.578358
2009    4       3       3.644058
2009    4       4       3.852101
2009    4       5       6.368346
2009    4       6       7.219405
2009    4       7       4.754057
2009    5       0       1.796473
2009    5       1       2.84819
2009    5       2       4.232533
2009    5       3       4.459774
2009    5       4       3.994992
2009    5       5       4.521217
2009    5       6       6.603599
2009    5       7       5.225918
2009    6       0       0.497777
2009    6       1       3.404063
2009    6       2       4.016555
2009    6       3       6.768088
2009    6       4       9.009994
2009    6       5       13.494757
2009    6       6       12.231424
2009    6       7       8.623921
2009    7       0       4.161702
2009    7       1       1.78416
2009    7       2       1.748356
2009    7       3       5.155485
2009    7       4       6.038161
2009    7       5       11.135019
2009    7       6       8.326028
2009    7       7       5.288222
2009    8       0       1.505282
2009    8       1       3.682592
2009    8       2       4.861117
2009    8       3       6.932557
2009    8       4       7.931359
2009    8       5       10.176513
2009    8       6       7.609367
2009    8       7       5.805537
2009    9       0       2.384449
2009    9       1       1.4005
2009    9       2       2.435352
2009    9       3       2.484142
2009    9       4       4.480608
2009    9       5       9.953573
2009    9       6       11.139915
2009    9       7       11.823296
2009    10      0       7.23347
2009    10      1       4.174828
2009    10      2       0.863614
2009    10      3       2.645486
2009    10      4       6.273529
2009    10      5       9.35843
2009    10      6       9.700262
2009    10      7       10.494706
2009    11      0       8.059233
2009    11      1       5.737423
2009    11      2       6.051438
2009    11      3       7.539583
2009    11      4       8.32297
2009    11      5       8.324547
2009    11      6       7.194308
2009    11      7       5.349366
2009    12      0       3.867536
2009    12      1       3.480194
2009    12      2       1.716908
2009    12      3       2.111662
2009    12      4       6.215625
2009    12      5       6.378486
2009    12      6       7.733498
2009    12      7       7.506627
2009    13      0       9.316785
2009    13      1       8.055766
2009    13      2       5.625835
2009    13      3       2.337379
2009    13      4       5.461657
2009    13      5       7.833841
2009    13      6       3.064059
2009    13      7       2.050082
2009    14      0       3.173743
2009    14      1       5.056223
2009    14      2       5.364603
2009    14      3       5.777919
2009    14      4       5.369519
2009    14      5       5.57563
2009    14      6       6.746512
2009    14      7       7.645219
2009    15      0       5.412762
2009    15      1       6.424468
2009    15      2       7.596548
2009    15      3       6.758429
2009    15      4       4.589552
2009    15      5       4.867929
2009    15      6       3.341112
2009    15      7       1.548609
2009    16      0       2.659685
2009    16      1       5.013997
2009    16      2       5.656509
2009    16      3       5.827665
2009    16      4       4.937565
2009    16      5       3.161551
2009    16      6       3.188256
2009    16      7       4.574595
2009    17      0       3.098581
2009    17      1       5.038724
2009    17      2       5.650495
2009    17      3       7.409405
2009    17      4       8.22623
2009    17      5       5.443663
2009    17      6       4.385762
2009    17      7       4.717017
2009    18      0       4.986748
2009    18      1       5.29257
2009    18      2       9.050358
2009    18      3       14.995055
2009    18      4       15.11072
2009    18      5       14.408076
2009    18      6       14.240372
2009    18      7       15.758274
2009    19      0       11.671389
2009    19      1       9.472423
2009    19      2       11.265512
2009    19      3       15.039127
2009    19      4       16.725501
2009    19      5       17.204807
2009    19      6       17.628627
2009    19      7       17.888136
2009    20      0       7.890076
2009    20      1       9.145706
2009    20      2       11.076052
2009    20      3       14.384243
2009    20      4       16.317473
2009    20      5       15.868526
2009    20      6       15.053698
2009    20      7       14.955836
2009    21      0       10.705089
2009    21      1       7.570267
2009    21      2       8.488211
2009    21      3       14.21571
2009    21      4       15.828838
2009    21      5       15.040035
2009    21      6       13.857834
2009    21      7       12.652289
2009    22      0       6.792919
2009    22      1       5.133025
2009    22      2       6.237527
2009    22      3       10.30998
2009    22      4       13.293057
2009    22      5       11.893622
2009    22      6       8.114818
2009    22      7       4.192511
2009    23      0       2.425702
2009    23      1       0.62313
2009    23      2       0.570334
2009    23      3       0.728069
2009    23      4       1.076442
2009    23      5       3.01966
2009    23      6       6.53754
2009    23      7       8.639318
2009    24      0       10.852343
2009    24      1       11.170629
2009    24      2       10.529153
2009    24      3       9.289417
2009    24      4       11.601935
2009    24      5       12.401974
2009    24      6       10.701588
2009    24      7       8.555221
2009    25      0       7.339795
2009    25      1       8.943252
2009    25      2       8.668503
2009    25      3       9.168158
2009    25      4       10.035007
2009    25      5       12.746988
2009    25      6       13.7896
2009    25      7       13.417226
2009    26      0       10.484788
2009    26      1       12.168193
2009    26      2       11.814572
2009    26      3       11.592203
2009    26      4       11.016966
2009    26      5       9.964749
2009    26      6       8.638072
2009    26      7       7.447706
2009    27      0       6.497561
2009    27      1       7.70881
2009    27      2       7.715663
2009    27      3       6.942506
2009    27      4       6.305414
2009    27      5       8.440669
2009    27      6       9.056685
2009    27      7       9.142521
2009    28      0       7.468535
2009    28      1       8.263823
2009    28      2       7.491456
2009    28      3       7.000242
2009    28      4       6.842204
2009    28      5       5.340841
2009    28      6       3.164112
2009    28      7       1.650567
2009    29      0       2.913733
2009    29      1       4.732364
2009    29      2       5.134227
2009    29      3       5.465865
2009    29      4       4.364104
2009    29      5       4.22044
2009    29      6       5.942191
2009    29      7       6.583428
2009    30      0       5.228825
2009    30      1       5.38745
2009    30      2       5.718949
2009    30      3       6.593483
2009    30      4       6.719411
2009    30      5       5.863443
2009    30      6       5.053625
2009    30      7       4.156567
