####################################################################################################
# Month: 06Jun                                                                                     #
# Station: OVRO                                                                                    #
# Frequency: 230 GHz                                                                               #
# Columns are: year    day     tau     Tb (K)                                                      #
####################################################################################################
2009    1       1.30441712      201.3561375
2009    2       1.01447689      174.7077375
2009    3       0.83784058      154.404975
2009    4       0.79565781      147.7301625
2009    5       0.67889512      135.09385
2009    6       0.87091864      157.4276125
2009    7       0.98122011      170.6438625
2009    8       1.02663588      176.0927875
2009    9       1.06460041      178.973
2009    10      1.0568787       176.9211375
2009    11      1.06863932      179.4417875
2009    12      1.05241235      179.2344125
2009    13      1.09608396      181.92835
2009    14      0.95930596      169.441075
2009    15      1.00935819      174.0728875
2009    16      1.19786484      189.7263625
2009    17      1.25732838      196.407125
2009    18      1.21516941      193.6038875
2009    19      0.95610149      172.3973875
2009    20      0.49095202      103.95865875
2009    21      0.37727679      89.18124
2009    22      0.49739894      110.45534125
2009    23      0.47766741      107.91357375
2009    24      0.46618822      107.42869375
2009    25      0.56128064      122.370275
2009    26      0.82352306      157.58265
2009    27      0.56498601      122.5925125
2009    28      0.62664618      133.263625
2009    29      0.85323859      163.7091625
2009    30      1.17481383      193.606225
2010    1       1.11426615      183.2745875
2010    2       1.30237225      201.8969625
2010    3       1.071721        181.05435
2010    4       1.30993688      205.993375
2010    5       1.05826966      185.6066125
2010    6       0.88337866      166.6337875
2010    7       0.67691558      135.4182775
2010    8       1.10927188      188.6773875
2010    9       0.99247934      177.3742625
2010    10      0.35376671      75.81248125
2010    11      0.4364588       98.7061
2010    12      0.65321341      131.164225
2010    13      0.58605411      121.4956775
2010    14      0.36624142      87.9024725
2010    15      0.61542023      129.591975
2010    16      0.27717005      69.8077575
2010    17      0.29610359      73.94533
2010    18      0.34445784      83.43557375
2010    19      0.29206534      73.14602375
2010    20      0.31768586      78.186665
2010    21      0.48340149      108.07915875
2010    22      0.61628445      127.0994875
2010    23      0.54790155      119.5943375
2010    24      0.69927868      140.845125
2010    25      1.08136284      183.6386375
2010    26      1.23072387      198.030325
2010    27      0.89430737      168.077225
2010    28      0.68410026      142.3670875
2010    29      0.71546239      144.3199
2010    30      0.62130707      132.5934625
2011    1       0.35622969      84.21720625
2011    2       0.28789468      70.25417125
2011    3       0.39269741      89.45196125
2011    4       0.57631184      118.28605125
2011    5       0.92390449      165.2360625
2011    6       0.83355918      153.356825
2011    7       0.67700865      136.2263375
2011    8       0.66433552      134.376925
2011    9       0.70074224      141.1755875
2011    10      0.67827368      138.339
2011    11      0.86655321      161.387575
2011    12      0.77255858      149.6372375
2011    13      0.90629802      167.2111625
2011    14      0.90381309      167.966675
2011    15      0.86462472      165.113825
2011    16      0.6115938       125.3095375
2011    17      0.717341        142.7903875
2011    18      0.68721965      138.906
2011    19      1.05702854      176.4430375
2011    20      0.45470459      105.89751875
2011    21      0.54399639      120.7198
2011    22      0.673528        140.7585375
2011    23      0.51866491      116.2671425
2011    24      0.33059945      81.4736825
2011    25      0.38637204      92.39084
2011    26      0.39534949      94.20528625
2011    27      0.53800296      119.5043
2011    28      0.51161501      115.43614125
2011    29      0.71227096      140.2487375
2011    30      0.6875577       139.4692875
2012    1       0.59591764      128.3743875
2012    2       0.5302358       116.24105625
2012    3       0.57469534      125.2177875
2012    4       0.66712087      138.60065
2012    5       0.41911276      89.72835375
2012    6       0.3707918       87.35012125
2012    7       0.44008094      100.42962
2012    8       0.6252831       131.941525
2012    9       0.22128874      58.26101
2012    10      0.26479825      67.19844
2012    11      0.25531086      65.3813025
2012    12      0.29766366      74.8826425
2012    13      0.39897132      95.09041625
2012    14      0.50079741      113.2941875
2012    15      0.75068212      149.25305
2012    16      0.61026238      130.1626
2012    17      0.50388025      112.4652825
2012    18      0.41889221      98.93099
2012    19      0.30740066      76.27013875
2012    20      0.32082629      80.84658125
2012    21      0.4054021       96.90099625
2012    22      0.30772723      76.7551575
2012    23      0.46591084      106.43076875
2012    24      0.34438722      84.66217125
2012    25      0.33304654      81.9629125
2012    26      0.2945776       73.866175
2012    27      0.3163227       79.38818375
2012    28      0.24056681      63.76623625
2012    29      0.2371777       63.09426875
2012    30      0.38172452      92.7706075
2013    1       0.36554672      87.68523875
2013    2       0.49554501      111.5527375
2013    3       0.60049613      128.595725
2013    4       0.65008004      135.56035
2013    5       0.60618274      128.246725
2013    6       0.51057374      113.750825
2013    7       0.55481796      121.655225
2013    8       0.60379885      130.4163625
2013    9       0.65417695      138.819775
2013    10      0.47748845      108.14207375
2013    11      0.94197456      170.3606
2013    12      0.62045295      130.77985
2013    13      0.30391581      73.74667125
2013    14      0.2190695       58.3362375
2013    15      0.24573496      63.96868125
2013    16      0.32484938      80.38064375
2013    17      0.40900332      96.39401875
2013    18      0.33737695      82.58372375
2013    19      0.23591566      59.6983075
2013    20      0.28985635      72.63705375
2013    21      0.35634884      86.193345
2013    22      0.47533969      107.4084875
2013    23      0.57150213      122.496475
2013    24      1.16270423      187.3943875
2013    25      1.1910065       194.3127875
2013    26      0.94545869      173.83255
2013    27      0.974837        178.7139875
2013    28      0.90963971      172.3961875
2013    29      0.93849691      175.560575
2013    30      0.91879952      172.0528625
2014    1       0.26916852      68.99221375
2014    2       0.24080865      62.94095125
2014    3       0.28757899      72.57500625
2014    4       0.32220544      79.9828225
2014    5       0.42093935      98.76243625
2014    6       0.47788991      108.455895
2014    7       0.47189861      107.53745
2014    8       0.52323779      114.4640475
2014    9       0.53839237      119.01515
2014    10      0.65863713      136.795675
2014    11      0.97033486      173.8936
2014    12      0.60269644      124.642625
2014    13      0.27965816      71.41868625
2014    14      0.28817374      72.29497375
2014    15      0.49146762      108.92383875
2014    16      0.66196712      134.5850375
2014    17      0.44421334      100.7794675
2014    18      0.33614504      81.6463475
2014    19      0.38075345      90.5419425
2014    20      0.34382808      83.49870125
2014    21      0.41511019      96.37065125
2014    22      0.37271876      89.121755
2014    23      0.41580031      97.719415
2014    24      0.54498435      120.3077375
2014    25      0.54044784      118.3267375
2014    26      0.99309728      171.1178
2014    27      0.84867451      158.287225
2014    28      0.80447897      155.238675
2014    29      0.57200652      125.6477
2014    30      0.62414526      133.9042625
2015    1       0.37324104      88.2884725
2015    2       0.31903078      79.42467625
2015    3       0.56248266      121.5169
2015    4       0.78133485      149.352525
2015    5       0.75425361      145.3393375
2015    6       0.73294414      143.2966875
2015    7       0.95308478      169.7844
2015    8       0.77138804      151.362975
2015    9       0.70669379      143.1398875
2015    10      1.2309274       194.6248125
2015    11      1.55560575      217.932225
2015    12      1.35331838      205.946375
2015    13      0.87793695      163.8261625
2015    14      0.92558891      168.915125
2015    15      0.36284128      86.9054275
2015    16      0.22343872      59.86380375
2015    17      0.34987861      86.05484125
2015    18      0.39585914      95.2085325
2015    19      0.26692109      69.08330125
2015    20      0.28764365      74.57418
2015    21      0.2905001       73.96441
2015    22      0.18667725      51.589135
2015    23      0.27246289      70.97710625
2015    24      0.44084642      103.48691375
2015    25      0.44405798      103.739445
2015    26      0.69107678      138.8839875
2015    27      1.1581085       194.49625
2015    28      1.35633804      204.8366375
2015    29      1.54429012      220.3156
2015    30      1.59761238      226.0900125
2016    1       0.6281549       132.815125
2016    2       0.58247675      125.9238625
2016    3       0.55773176      121.974275
2016    4       0.4374774       102.35652
2016    5       0.43489651      101.82341375
2016    6       0.82935819      159.8850125
2016    7       0.93005678      170.802725
2016    8       0.77288584      153.9841
2016    9       0.36781316      88.4224425
2016    10      0.4954216       110.75211875
2016    11      0.70190259      134.8930325
2016    12      1.3704765       205.2042375
2016    13      0.89943966      163.3404
2016    14      0.53127408      114.25408875
2016    15      0.55996736      121.0594625
2016    16      0.33211534      80.3623525
2016    17      0.49920495      110.36180875
2016    18      0.44973544      101.9044125
2016    19      0.29293326      73.70271375
2016    20      0.82916049      158.6517125
2016    21      0.89378965      167.5484875
2016    22      0.81471388      159.0459375
2016    23      0.4098628       96.45689375
2016    24      0.35113589      86.57074875
2016    25      0.40381568      96.2504475
2016    26      0.43916996      103.18023375
2016    27      0.56915915      125.0502375
2016    28      0.89254795      167.56325
2016    29      1.44304475      214.890775
2016    30      1.13694915      192.3194875
2017    1       0.76130828      149.7869625
2017    2       0.69885452      143.09195
2017    3       0.51929546      116.44235
2017    4       0.67798351      141.878425
2017    5       0.56252638      124.273325
2017    6       0.47138587      109.0286775
2017    7       0.38227442      92.9373775
2017    8       0.423516        99.3434025
2017    9       0.7111811       145.005575
2017    10      0.7008234       143.71425
2017    11      0.35026055      85.66618375
2017    12      0.4090695       93.7383575
2017    13      0.55670429      120.679675
2017    14      0.57895295      125.056925
2017    15      0.502512        115.3812875
2017    16      0.5798214       126.4541125
2017    17      0.928226        173.1643
2017    18      1.0965425       192.6595
2017    19      0.91404482      172.7799375
2017    20      0.75447665      154.84715
2017    21      0.80316799      161.27475
2017    22      0.94834871      177.1834125
2017    23      0.7963427       157.2482
2017    24      0.76058451      153.161525
2017    25      0.9719006       177.776475
2017    26      0.62507232      135.420575
2017    27      0.29150001      75.8413525
2017    28      0.3374363       85.2762775
2017    29      0.40154272      97.49846875
2017    30      0.49808371      113.35045125
2018    1       0.43575335      101.28769625
2018    2       0.34174176      84.707695
2018    3       0.32964762      82.263875
2018    4       0.45441834      106.2703675
2018    5       0.45399656      105.50036125
2018    6       0.56911979      124.619995
2018    7       0.60127539      128.116925
2018    8       0.54837         120.7835375
2018    9       0.41288338      98.33844125
2018    10      0.45163619      103.93364375
2018    11      0.49885345      113.105325
2018    12      0.50760876      114.9512
2018    13      0.59566259      130.500925
2018    14      0.51509971      117.8925625
2018    15      0.50913789      116.89025
2018    16      0.52990453      118.5546375
2018    17      0.52462409      116.8818525
2018    18      0.5907881       126.414665
2018    19      0.72435981      148.0765625
2018    20      0.57401368      127.88475
2018    21      0.37139862      91.55439
2018    22      0.25747571      68.65702875
2018    23      0.40558914      98.23207125
2018    24      0.50018982      115.4636875
2018    25      0.67170898      142.616675
2018    26      0.57395751      127.757725
2018    27      0.47518972      111.3270375
2018    28      0.30221006      77.4005775
2018    29      0.55545145      122.12654375
2018    30      0.61150074      132.09805
