####################################################################################################
# Month: 06Jun                                                                                     #
# Station: HCO                                                                                     #
# Columns are: year    day     RH (percent)                                                        #
####################################################################################################
9       1       0.50008512
9       2       0.62406912
9       3       0.52574338
9       4       0.60769925
9       5       0.61086038
9       6       0.80043025
9       7       0.45855288
9       8       0.728653
9       9       0.716692
9       10      0.96836188
9       11      0.93791338
9       12      0.90878912
9       13      0.7310495
9       14      0.79733125
9       15      0.91185688
9       16      0.79308775
9       17      0.46754612
9       18      0.6892085
9       19      1.17028612
9       20      0.85177112
9       21      0.9501755
9       22      0.9849435
9       23      0.95281912
9       24      1.01236688
9       25      0.90682512
9       26      0.80551712
9       27      0.76037462
9       28      0.89559788
9       29      0.89493375
9       30      0.79224912
