####################################################################################################
# Month: 09Sep                                                                                     #
# Station: ATCA                                                                                    #
# Columns are: year    day     windspeed (m/s)                                                     #
####################################################################################################
2009    1       4.37349775
2009    2       9.6968765
2009    3       13.61370638
2009    4       8.13019538
2009    5       4.21110413
2009    6       7.97779025
2009    7       9.16991738
2009    8       6.9292915
2009    9       6.58274738
2009    10      6.2142705
2009    11      2.58615612
2009    12      8.0455045
2009    13      7.16994688
2009    14      3.10317312
2009    15      3.36051125
2009    16      11.597754
2009    17      9.97889663
2009    18      4.82225175
2009    19      7.36875212
2009    20      3.62812125
2009    21      8.56616337
2009    22      15.91020913
2009    23      13.7434135
2009    24      6.07042325
2009    25      11.21445338
2009    26      14.44254038
2009    27      12.53480087
2009    28      8.30439787
2009    29      2.45663
2009    30      6.27485675
