####################################################################################################
# Month: 02Feb                                                                                     #
# Station: WF                                                                                      #
# Columns are: year    day     windspeed (m/s)                                                     #
####################################################################################################
2009    1       14.18760875
2009    2       8.27567212
2009    3       14.321814
2009    4       10.1265205
2009    5       12.79917337
2009    6       9.321617
2009    7       10.60123325
2009    8       24.1743055
2009    9       15.26869338
2009    10      8.20521688
2009    11      9.51171038
2009    12      13.82227125
2009    13      15.77557488
2009    14      19.65261487
2009    15      13.35369912
2009    16      7.224629
2009    17      5.37688612
2009    18      4.9897355
2009    19      11.239757
2009    20      13.6497395
2009    21      15.10882
2009    22      10.53175725
2009    23      20.2008765
2009    24      17.18788262
2009    25      5.95976362
2009    26      11.09181312
2009    27      16.5815925
2009    28      15.53571475
