####################################################################################################
# Month: 06Jun                                                                                     #
# Station: NOR                                                                                     #
# Columns are: year    day     RH (percent)                                                        #
####################################################################################################
9       1       0.53277925
9       2       0.53212225
9       3       0.8284265
9       4       0.73519738
9       5       0.79539238
9       6       0.68107988
9       7       0.25114462
9       8       0.4791145
9       9       0.60293112
9       10      0.91059512
9       11      0.3794025
9       12      0.5095525
9       13      0.72500875
9       14      0.635049
9       15      0.8365535
9       16      0.85501312
9       17      0.71977375
9       18      0.76458312
9       19      0.35148437
9       20      0.673793
9       21      0.8702225
9       22      0.90344662
9       23      0.26595062
9       24      0.45609675
9       25      0.61010612
9       26      0.4859865
9       27      0.5488945
9       28      0.49068588
9       29      0.77283825
9       30      0.828179
