####################################################################################################
# Month: 09Sep                                                                                     #
# Station: ROB                                                                                     #
# Columns are: year    day     segment         RH (percent)                                        #
####################################################################################################
9       1       0       0.297016
9       1       1       0.301313
9       1       2       0.356078
9       1       3       0.466417
9       1       4       0.47948
9       1       5       0.503984
9       1       6       0.548699
9       1       7       0.533774
9       2       0       0.421597
9       2       1       0.467709
9       2       2       0.696249
9       2       3       0.81214
9       2       4       0.902887
9       2       5       0.972081
9       2       6       0.958627
9       2       7       0.898282
9       3       0       0.750354
9       3       1       0.577648
9       3       2       0.486693
9       3       3       0.321785
9       3       4       0.167312
9       3       5       0.138638
9       3       6       0.132387
9       3       7       0.140838
9       4       0       0.043706
9       4       1       0.015871
9       4       2       0.015648
9       4       3       0.024156
9       4       4       0.030937
9       4       5       0.09716
9       4       6       0.052544
9       4       7       0.110018
9       5       0       0.176296
9       5       1       0.446785
9       5       2       0.612928
9       5       3       0.721853
9       5       4       0.991051
9       5       5       0.939817
9       5       6       0.973206
9       5       7       0.982315
9       6       0       0.973202
9       6       1       1.03138
9       6       2       0.99358
9       6       3       0.99268
9       6       4       1.030561
9       6       5       1.0708
9       6       6       0.978351
9       6       7       0.954607
9       7       0       0.875389
9       7       1       0.881824
9       7       2       0.853788
9       7       3       0.820139
9       7       4       0.750425
9       7       5       0.740805
9       7       6       0.513968
9       7       7       0.477403
9       8       0       0.284154
9       8       1       0.266049
9       8       2       0.268851
9       8       3       0.25958
9       8       4       0.17476
9       8       5       0.157314
9       8       6       0.383476
9       8       7       0.28843
9       9       0       0.103946
9       9       1       0.079054
9       9       2       0.052676
9       9       3       0.068974
9       9       4       0.072563
9       9       5       0.087551
9       9       6       0.149812
9       9       7       0.18909
9       10      0       0.107459
9       10      1       0.142224
9       10      2       0.163965
9       10      3       0.173205
9       10      4       0.155503
9       10      5       0.173392
9       10      6       0.207541
9       10      7       0.230853
9       11      0       0.263265
9       11      1       0.254802
9       11      2       0.210587
9       11      3       0.196325
9       11      4       0.17357
9       11      5       0.163769
9       11      6       0.187205
9       11      7       0.252519
9       12      0       0.23452
9       12      1       0.190624
9       12      2       0.182237
9       12      3       0.143193
9       12      4       0.081376
9       12      5       0.105463
9       12      6       0.164212
9       12      7       0.255951
9       13      0       0.19769
9       13      1       0.160854
9       13      2       0.083355
9       13      3       0.088492
9       13      4       0.037705
9       13      5       0.040264
9       13      6       0.092901
9       13      7       0.1522
9       14      0       0.081165
9       14      1       0.056678
9       14      2       0.068184
9       14      3       0.082857
9       14      4       0.111656
9       14      5       0.166649
9       14      6       0.221041
9       14      7       0.21563
9       15      0       0.177065
9       15      1       0.185495
9       15      2       0.196713
9       15      3       0.204962
9       15      4       0.239109
9       15      5       0.299224
9       15      6       0.34249
9       15      7       0.447459
9       16      0       0.370773
9       16      1       0.295066
9       16      2       0.262623
9       16      3       0.257886
9       16      4       0.215142
9       16      5       0.236912
9       16      6       0.300825
9       16      7       0.368783
9       17      0       0.391433
9       17      1       0.432095
9       17      2       0.524909
9       17      3       0.65026
9       17      4       0.517547
9       17      5       0.526671
9       17      6       0.417519
9       17      7       0.368337
9       18      0       0.225081
9       18      1       0.193556
9       18      2       0.167959
9       18      3       0.11275
9       18      4       0.131352
9       18      5       0.140769
9       18      6       0.085906
9       18      7       0.070139
9       19      0       0.013343
9       19      1       0.004849
9       19      2       0.005941
9       19      3       0.007404
9       19      4       0.019282
9       19      5       0.029405
9       19      6       0.048063
9       19      7       0.058515
9       20      0       0.029078
9       20      1       0.011718
9       20      2       0.012378
9       20      3       0.018066
9       20      4       0.049913
9       20      5       0.069662
9       20      6       0.097412
9       20      7       0.120842
9       21      0       0.094632
9       21      1       0.085349
9       21      2       0.085212
9       21      3       0.104393
9       21      4       0.193592
9       21      5       0.288394
9       21      6       0.475466
9       21      7       0.495579
9       22      0       0.384952
9       22      1       0.290323
9       22      2       0.160547
9       22      3       0.132986
9       22      4       0.102389
9       22      5       0.133452
9       22      6       0.191942
9       22      7       0.329829
9       23      0       0.321617
9       23      1       0.204424
9       23      2       0.068127
9       23      3       0.073801
9       23      4       0.068795
9       23      5       0.078217
9       23      6       0.120474
9       23      7       0.116999
9       24      0       0.048785
9       24      1       0.044191
9       24      2       0.042845
9       24      3       0.041961
9       24      4       0.038837
9       24      5       0.05129
9       24      6       0.132609
9       24      7       0.123965
9       25      0       0.095677
9       25      1       0.09634
9       25      2       0.098078
9       25      3       0.104656
9       25      4       0.113123
9       25      5       0.146231
9       25      6       0.258712
9       25      7       0.331366
9       26      0       0.261016
9       26      1       0.234564
9       26      2       0.233841
9       26      3       0.258906
9       26      4       0.29489
9       26      5       0.365752
9       26      6       0.554813
9       26      7       0.715922
9       27      0       0.805777
9       27      1       0.847072
9       27      2       0.874761
9       27      3       1.187113
9       27      4       0.719867
9       27      5       0.724692
9       27      6       0.877476
9       27      7       0.910385
9       28      0       0.788392
9       28      1       0.655513
9       28      2       0.569221
9       28      3       0.520622
9       28      4       0.366143
9       28      5       0.279208
9       28      6       0.645384
9       28      7       0.794369
9       29      0       0.659396
9       29      1       0.451328
9       29      2       0.267244
9       29      3       0.136324
9       29      4       0.043625
9       29      5       0.037683
9       29      6       0.079006
9       29      7       0.083066
9       30      0       0.083159
9       30      1       0.105925
9       30      2       0.114594
9       30      3       0.144716
9       30      4       0.180939
9       30      5       0.215365
9       30      6       0.283669
9       30      7       0.281339
