####################################################################################################
# Month: 03Mar                                                                                     #
# Station: LAS                                                                                     #
# Columns are: year    day     RH (percent)                                                        #
####################################################################################################
9       1       0.2509395
9       2       0.16126
9       3       0.28011387
9       4       0.33349312
9       5       0.203136
9       6       0.155013
9       7       0.12234175
9       8       0.102147
9       9       0.196432
9       10      0.31631688
9       11      0.39713287
9       12      0.389906
9       13      0.3815325
9       14      0.30297525
9       15      0.2553555
9       16      0.29851575
9       17      0.31326275
9       18      0.39241838
9       19      0.418813
9       20      0.3957155
9       21      0.40658075
9       22      0.35784975
9       23      0.33289662
9       24      0.29244262
9       25      0.32852762
9       26      0.39495138
9       27      0.26167475
9       28      0.2569815
9       29      0.31433325
9       30      0.32443888
9       31      0.42336475
