####################################################################################################
# Month: 03Mar                                                                                     #
# Station: LAS                                                                                     #
# Columns are: year    day     segment         RH (percent)                                        #
####################################################################################################
9       1       0       0.289615
9       1       1       0.261173
9       1       2       0.272776
9       1       3       0.22795
9       1       4       0.226774
9       1       5       0.260807
9       1       6       0.266637
9       1       7       0.201784
9       2       0       0.169062
9       2       1       0.126023
9       2       2       0.100476
9       2       3       0.083606
9       2       4       0.086422
9       2       5       0.133986
9       2       6       0.266521
9       2       7       0.323984
9       3       0       0.29113
9       3       1       0.205542
9       3       2       0.203446
9       3       3       0.18073
9       3       4       0.275198
9       3       5       0.295684
9       3       6       0.361133
9       3       7       0.428048
9       4       0       0.423632
9       4       1       0.389626
9       4       2       0.360032
9       4       3       0.335323
9       4       4       0.328556
9       4       5       0.302085
9       4       6       0.287481
9       4       7       0.24121
9       5       0       0.222079
9       5       1       0.182534
9       5       2       0.184046
9       5       3       0.1959
9       5       4       0.210689
9       5       5       0.17629
9       5       6       0.233077
9       5       7       0.220473
9       6       0       0.153935
9       6       1       0.126887
9       6       2       0.111311
9       6       3       0.123121
9       6       4       0.156193
9       6       5       0.145463
9       6       6       0.220212
9       6       7       0.202982
9       7       0       0.165446
9       7       1       0.129581
9       7       2       0.114646
9       7       3       0.084452
9       7       4       0.080446
9       7       5       0.106834
9       7       6       0.153668
9       7       7       0.143661
9       8       0       0.143065
9       8       1       0.11619
9       8       2       0.112116
9       8       3       0.092057
9       8       4       0.0475
9       8       5       0.058034
9       8       6       0.107135
9       8       7       0.141079
9       9       0       0.149298
9       9       1       0.125207
9       9       2       0.140316
9       9       3       0.181519
9       9       4       0.191139
9       9       5       0.204958
9       9       6       0.281265
9       9       7       0.297754
9       10      0       0.280921
9       10      1       0.258246
9       10      2       0.309872
9       10      3       0.346087
9       10      4       0.330069
9       10      5       0.257875
9       10      6       0.318791
9       10      7       0.428674
9       11      0       0.325852
9       11      1       0.291033
9       11      2       0.313773
9       11      3       0.339802
9       11      4       0.384425
9       11      5       0.375832
9       11      6       0.389794
9       11      7       0.756552
9       12      0       0.480968
9       12      1       0.409479
9       12      2       0.420381
9       12      3       0.411212
9       12      4       0.382775
9       12      5       0.324369
9       12      6       0.353481
9       12      7       0.336583
9       13      0       0.394774
9       13      1       0.356024
9       13      2       0.407936
9       13      3       0.386007
9       13      4       0.333169
9       13      5       0.308279
9       13      6       0.402365
9       13      7       0.463706
9       14      0       0.459408
9       14      1       0.394882
9       14      2       0.35098
9       14      3       0.308
9       14      4       0.254427
9       14      5       0.192636
9       14      6       0.244135
9       14      7       0.219334
9       15      0       0.201506
9       15      1       0.183686
9       15      2       0.250302
9       15      3       0.244616
9       15      4       0.232817
9       15      5       0.227898
9       15      6       0.304775
9       15      7       0.397244
9       16      0       0.362472
9       16      1       0.386767
9       16      2       0.321742
9       16      3       0.293884
9       16      4       0.246079
9       16      5       0.25446
9       16      6       0.275448
9       16      7       0.247274
9       17      0       0.181198
9       17      1       0.152836
9       17      2       0.207194
9       17      3       0.304821
9       17      4       0.352431
9       17      5       0.388442
9       17      6       0.488276
9       17      7       0.430904
9       18      0       0.368695
9       18      1       0.383422
9       18      2       0.407384
9       18      3       0.451719
9       18      4       0.447679
9       18      5       0.385065
9       18      6       0.356759
9       18      7       0.338624
9       19      0       0.316585
9       19      1       0.330624
9       19      2       0.389274
9       19      3       0.432078
9       19      4       0.450451
9       19      5       0.486553
9       19      6       0.491201
9       19      7       0.453738
9       20      0       0.448211
9       20      1       0.390357
9       20      2       0.41642
9       20      3       0.4263
9       20      4       0.388599
9       20      5       0.344506
9       20      6       0.378178
9       20      7       0.373153
9       21      0       0.330423
9       21      1       0.339909
9       21      2       0.387669
9       21      3       0.45402
9       21      4       0.473804
9       21      5       0.391615
9       21      6       0.426705
9       21      7       0.448501
9       22      0       0.377619
9       22      1       0.370692
9       22      2       0.349925
9       22      3       0.350973
9       22      4       0.327579
9       22      5       0.29353
9       22      6       0.395993
9       22      7       0.396487
9       23      0       0.374933
9       23      1       0.357178
9       23      2       0.329351
9       23      3       0.308969
9       23      4       0.28539
9       23      5       0.242662
9       23      6       0.376927
9       23      7       0.387763
9       24      0       0.333998
9       24      1       0.246641
9       24      2       0.232444
9       24      3       0.238862
9       24      4       0.264033
9       24      5       0.281527
9       24      6       0.355759
9       24      7       0.386277
9       25      0       0.354632
9       25      1       0.316533
9       25      2       0.336245
9       25      3       0.344277
9       25      4       0.301003
9       25      5       0.282481
9       25      6       0.352545
9       25      7       0.340505
9       26      0       0.352807
9       26      1       0.358315
9       26      2       0.413698
9       26      3       0.4447
9       26      4       0.435061
9       26      5       0.350582
9       26      6       0.399756
9       26      7       0.404692
9       27      0       0.38284
9       27      1       0.309807
9       27      2       0.268092
9       27      3       0.242836
9       27      4       0.210827
9       27      5       0.174643
9       27      6       0.237292
9       27      7       0.267061
9       28      0       0.276125
9       28      1       0.214039
9       28      2       0.208336
9       28      3       0.225389
9       28      4       0.235582
9       28      5       0.24728
9       28      6       0.30457
9       28      7       0.344531
9       29      0       0.38322
9       29      1       0.356494
9       29      2       0.32048
9       29      3       0.276401
9       29      4       0.247148
9       29      5       0.21165
9       29      6       0.337872
9       29      7       0.381401
9       30      0       0.373131
9       30      1       0.287933
9       30      2       0.289944
9       30      3       0.345405
9       30      4       0.335957
9       30      5       0.303947
9       30      6       0.327652
9       30      7       0.331542
9       31      0       0.381764
9       31      1       0.378886
9       31      2       0.368993
9       31      3       0.383255
9       31      4       0.380341
9       31      5       0.484541
9       31      6       0.454892
9       31      7       0.554246
