####################################################################################################
# Month: 03Mar                                                                                     #
# Station: LAS                                                                                     #
# Columns are: year    day     segment         windspeed (m/s)                                     #
####################################################################################################
2009    1       0       3.610866
2009    1       1       4.385045
2009    1       2       4.885886
2009    1       3       5.621386
2009    1       4       9.716907
2009    1       5       7.491486
2009    1       6       6.501346
2009    1       7       4.536591
2009    2       0       4.269788
2009    2       1       4.806563
2009    2       2       4.755609
2009    2       3       5.895851
2009    2       4       7.748022
2009    2       5       7.523582
2009    2       6       8.049911
2009    2       7       8.721515
2009    3       0       9.98312
2009    3       1       11.544995
2009    3       2       12.475576
2009    3       3       13.739416
2009    3       4       13.825308
2009    3       5       12.248051
2009    3       6       10.790862
2009    3       7       9.171262
2009    4       0       8.829012
2009    4       1       10.030494
2009    4       2       8.939317
2009    4       3       8.406995
2009    4       4       7.545553
2009    4       5       5.559912
2009    4       6       2.559128
2009    4       7       1.289364
2009    5       0       2.499054
2009    5       1       0.141835
2009    5       2       0.233137
2009    5       3       0.702026
2009    5       4       2.256574
2009    5       5       1.960565
2009    5       6       2.669805
2009    5       7       2.417267
2009    6       0       2.842827
2009    6       1       1.249294
2009    6       2       1.713927
2009    6       3       0.800194
2009    6       4       1.162047
2009    6       5       1.407713
2009    6       6       2.66353
2009    6       7       2.596608
2009    7       0       3.059215
2009    7       1       1.95069
2009    7       2       2.556711
2009    7       3       3.006627
2009    7       4       1.974378
2009    7       5       1.123466
2009    7       6       2.265786
2009    7       7       2.087772
2009    8       0       1.536017
2009    8       1       0.76276
2009    8       2       1.157251
2009    8       3       1.092845
2009    8       4       1.604274
2009    8       5       1.594193
2009    8       6       2.987588
2009    8       7       1.495629
2009    9       0       1.939842
2009    9       1       2.428632
2009    9       2       3.119192
2009    9       3       2.755147
2009    9       4       2.606475
2009    9       5       1.560811
2009    9       6       2.157255
2009    9       7       1.131061
2009    10      0       2.394071
2009    10      1       2.042063
2009    10      2       2.991182
2009    10      3       3.881734
2009    10      4       4.031492
2009    10      5       3.489689
2009    10      6       3.552309
2009    10      7       1.869385
2009    11      0       1.762183
2009    11      1       0.392651
2009    11      2       0.738065
2009    11      3       0.451549
2009    11      4       1.369871
2009    11      5       1.356194
2009    11      6       2.735383
2009    11      7       2.690891
2009    12      0       2.360701
2009    12      1       1.783353
2009    12      2       1.55116
2009    12      3       2.124606
2009    12      4       1.08978
2009    12      5       1.56552
2009    12      6       3.251408
2009    12      7       3.499775
2009    13      0       4.005542
2009    13      1       1.89051
2009    13      2       2.108742
2009    13      3       1.655548
2009    13      4       1.375403
2009    13      5       0.973219
2009    13      6       3.35647
2009    13      7       4.562785
2009    14      0       4.456984
2009    14      1       2.706086
2009    14      2       3.122049
2009    14      3       2.95349
2009    14      4       2.179401
2009    14      5       2.884693
2009    14      6       4.681216
2009    14      7       5.460651
2009    15      0       6.166177
2009    15      1       4.563898
2009    15      2       6.541674
2009    15      3       1.058811
2009    15      4       1.354749
2009    15      5       1.678533
2009    15      6       1.949844
2009    15      7       2.743072
2009    16      0       2.56553
2009    16      1       1.361674
2009    16      2       1.274794
2009    16      3       2.434739
2009    16      4       4.361648
2009    16      5       4.241038
2009    16      6       4.686622
2009    16      7       5.409116
2009    17      0       5.716601
2009    17      1       3.189373
2009    17      2       2.268748
2009    17      3       2.894638
2009    17      4       3.737896
2009    17      5       3.392173
2009    17      6       3.587396
2009    17      7       1.368797
2009    18      0       4.197924
2009    18      1       2.093405
2009    18      2       4.198765
2009    18      3       3.393642
2009    18      4       3.185599
2009    18      5       3.176023
2009    18      6       2.937182
2009    18      7       0.528931
2009    19      0       0.873191
2009    19      1       0.452824
2009    19      2       0.837168
2009    19      3       1.211486
2009    19      4       1.697401
2009    19      5       1.019252
2009    19      6       2.881177
2009    19      7       1.928789
2009    20      0       2.667703
2009    20      1       1.674537
2009    20      2       3.161248
2009    20      3       3.066574
2009    20      4       2.817368
2009    20      5       2.750548
2009    20      6       2.484821
2009    20      7       1.434542
2009    21      0       2.566192
2009    21      1       1.360645
2009    21      2       2.107289
2009    21      3       2.532551
2009    21      4       2.83089
2009    21      5       2.885565
2009    21      6       3.705752
2009    21      7       1.627125
2009    22      0       1.303006
2009    22      1       1.60904
2009    22      2       2.859459
2009    22      3       3.012894
2009    22      4       3.708019
2009    22      5       3.017658
2009    22      6       2.817262
2009    22      7       1.518665
2009    23      0       1.911365
2009    23      1       1.888386
2009    23      2       3.593563
2009    23      3       4.349563
2009    23      4       5.621212
2009    23      5       5.526345
2009    23      6       5.275259
2009    23      7       4.318655
2009    24      0       3.653033
2009    24      1       4.130174
2009    24      2       5.059106
2009    24      3       5.584688
2009    24      4       5.843918
2009    24      5       4.595761
2009    24      6       3.762438
2009    24      7       1.901036
2009    25      0       2.346363
2009    25      1       2.383125
2009    25      2       2.71751
2009    25      3       3.415857
2009    25      4       4.270553
2009    25      5       3.007232
2009    25      6       1.912696
2009    25      7       0.904162
2009    26      0       1.933164
2009    26      1       1.74954
2009    26      2       1.579166
2009    26      3       1.273001
2009    26      4       2.146725
2009    26      5       3.058749
2009    26      6       3.776474
2009    26      7       1.934526
2009    27      0       2.000504
2009    27      1       1.709902
2009    27      2       2.395452
2009    27      3       2.051307
2009    27      4       3.008002
2009    27      5       3.0632
2009    27      6       3.368523
2009    27      7       2.034619
2009    28      0       1.132935
2009    28      1       0.404615
2009    28      2       0.280332
2009    28      3       1.303282
2009    28      4       0.78612
2009    28      5       1.2816
2009    28      6       2.541084
2009    28      7       1.129
2009    29      0       1.669956
2009    29      1       0.190372
2009    29      2       0.57029
2009    29      3       1.064156
2009    29      4       1.28911
2009    29      5       0.747259
2009    29      6       1.748938
2009    29      7       1.988556
2009    30      0       2.396442
2009    30      1       1.116944
2009    30      2       0.798814
2009    30      3       0.885355
2009    30      4       0.838286
2009    30      5       0.574452
2009    30      6       1.938537
2009    30      7       3.300486
2009    31      0       3.533292
2009    31      1       1.916724
2009    31      2       2.713722
2009    31      3       2.301503
2009    31      4       1.37965
2009    31      5       0.790212
2009    31      6       1.765813
2009    31      7       1.064335
