####################################################################################################
# Month: 02Feb                                                                                     #
# Station: CAS                                                                                     #
# Frequency: 345 GHz                                                                               #
# Columns are: year    day     tau     Tb (K)                                                      #
####################################################################################################
2009    1       3.01799038      254.5231
2009    2       2.573314        245.631775
2009    3       2.52962662      245.0169125
2009    4       2.95560513      256.0812125
2009    5       3.74675338      265.946975
2009    6       2.16187575      226.0722
2009    7       2.82780775      251.733325
2009    8       2.46397887      242.655425
2009    9       2.278752        238.9927125
2009    10      2.36966075      241.22865
2009    11      2.68071262      246.5489625
2009    12      3.64038075      264.3888375
2009    13      3.12059262      257.6271625
2009    14      3.08705875      257.5083375
2009    15      3.111902        255.3705625
2009    16      3.08293088      256.1655875
2009    17      2.65498512      250.2303625
2009    18      2.4315395       244.038025
2009    19      2.12942375      232.9927625
2009    20      2.27959088      237.8044
2009    21      3.11448475      258.2368
2009    22      2.42345275      241.9654375
2009    23      3.10558512      255.4250625
2009    24      3.7125765       264.9952375
2009    25      1.68269811      209.221375
2009    26      2.14556062      233.404775
2009    27      2.73920512      251.09785
2009    28      3.39385525      260.88805
2010    1       2.52095462      245.1746125
2010    2       2.64038738      246.7852625
2010    3       2.19946112      235.8944375
2010    4       2.39826988      239.832675
2010    5       2.13925712      232.11315
2010    6       3.11897125      257.5185
2010    7       4.11458425      266.563375
2010    8       2.9209425       254.0781625
2010    9       3.37106275      261.50185
2010    10      3.54012362      259.099025
2010    11      2.46554175      243.508475
2010    12      2.62053387      248.5869875
2010    13      2.80219462      249.1731625
2010    14      2.2226655       234.4539625
2010    15      2.3918265       239.280775
2010    16      1.65002975      214.857775
2010    17      1.67425725      219.4507875
2010    18      2.76072275      250.5343
2010    19      2.824987        249.2399375
2010    20      3.17690475      255.73305
2010    21      3.31704662      260.3374125
2010    22      2.769756        249.4607375
2010    23      2.79230962      249.8706625
2010    24      3.6789675       263.997575
2010    25      4.409035        268.9821
2010    26      3.5224925       262.499425
2010    27      3.33702988      253.16765
2010    28      3.040911        250.4769375
2011    1       2.84429712      251.418925
2011    2       2.26198525      236.2518
2011    3       2.3833815       239.8844625
2011    4       2.28529712      237.30415
2011    5       2.95950138      253.477575
2011    6       2.54061212      246.0128125
2011    7       3.52888588      261.124925
2011    8       3.62904312      262.5272875
2011    9       4.76829812      276.3272
2011    10      4.4723045       274.1387
2011    11      5.1712265       275.0298
2011    12      3.29598962      264.1797625
2011    13      3.3899295       256.473225
2011    14      2.60927188      246.3724875
2011    15      2.4767785       244.4176
2011    16      1.96206488      227.7403875
2011    17      2.38263675      241.555525
2011    18      3.04615038      256.9885375
2011    19      1.60252388      205.3389
2011    20      1.06359984      171.2927375
2011    21      1.83335514      209.26425875
2011    22      2.68831888      252.64445
2011    23      2.69703738      251.4876875
2011    24      2.60699625      247.312025
2011    25      3.2240095       257.6508375
2011    26      2.51172213      244.2643625
2011    27      1.97478437      226.0938125
2011    28      3.395211        263.0984375
2012    1       2.12603888      232.4187
2012    2       2.81084625      250.8064375
2012    3       2.57206125      245.7527125
2012    4       2.021476        229.1313125
2012    5       2.13362162      233.9150125
2012    6       2.07135425      230.16505
2012    7       2.64565725      248.7111375
2012    8       2.782178        247.6333375
2012    9       3.55132125      264.9486875
2012    10      2.59927962      247.5538125
2012    11      2.07399288      229.65305
2012    12      2.3981125       239.2452125
2012    13      2.02314912      229.607025
2012    14      1.90715512      224.1152125
2012    15      1.75235288      219.2024
2012    16      2.124288        232.8519625
2012    17      2.22220788      234.52865
2012    18      2.07400662      231.4637375
2012    19      2.038669        228.6533625
2012    20      1.69836562      213.908775
2012    21      2.22768512      235.77045
2012    22      2.27530613      236.5609125
2012    23      1.73658212      215.1448375
2012    24      2.11546162      231.53405
2012    25      2.49482925      241.9976375
2012    26      2.55560912      244.5371
2012    27      2.89192325      249.9475
2012    28      2.10822         231.962175
2012    29      3.44503712      260.646075
2013    1       2.22522925      237.4971125
2013    2       3.04671163      253.1301375
2013    3       3.59913075      262.6076375
2013    4       2.22303025      238.761875
2013    5       3.61285525      265.6956125
2013    6       2.55382675      245.03655
2013    7       2.20758275      236.15075
2013    8       2.96935938      252.4167375
2013    9       3.02541875      255.0912375
2013    10      3.91482288      268.0257875
2013    11      4.84262988      275.1130875
2013    12      3.20230625      256.58645
2013    13      2.83557162      251.8131625
2013    14      3.48119388      262.5517375
2013    15      2.46060525      244.08
2013    16      2.092383        230.9513
2013    17      2.00785988      227.005675
2013    18      2.99822038      251.9411625
2013    19      1.79102838      218.9967875
2013    20      2.4853225       242.6734875
2013    21      2.71512675      243.8873
2013    22      3.45798988      261.5313375
2013    23      2.0346625       229.671775
2013    24      1.24413238      189.485475
2013    25      3.13113725      251.945625
2013    26      3.07415112      253.7298875
2013    27      1.61882975      209.9771
2013    28      3.20194525      260.41275
2014    1       2.9711725       253.3822625
2014    2       3.04510825      253.293575
2014    3       2.70681162      249.0586
2014    4       2.63644262      248.0873375
2014    5       2.15268888      230.0216875
2014    6       2.70225688      244.2063125
2014    7       3.19595462      257.19965
2014    8       2.75966075      249.889275
2014    9       2.659016        249.6435625
2014    10      2.29353675      240.0721125
2014    11      2.44453638      242.1300875
2014    12      2.66998125      243.4215125
2014    13      3.18699888      258.20845
2014    14      1.92239336      228.4043625
2014    15      2.28216434      210.3087625
2014    16      4.01066162      271.016575
2014    17      3.83593712      266.9219
2014    18      3.07021225      254.4023125
2014    19      2.63462063      245.9081
2014    20      3.37074175      260.397125
2014    21      2.19688413      233.0427375
2014    22      2.96709912      249.7316875
2014    23      2.59872675      244.8873625
2014    24      1.73403         215.1674625
2014    25      2.35454075      241.73105
2014    26      4.2417095       263.20095
2014    27      3.93702913      267.5349625
2014    28      3.38944325      260.4530375
2015    1       2.77338638      250.167675
2015    2       3.995055        266.6976875
2015    3       4.24343838      269.2840125
2015    4       2.66835538      250.5917
2015    5       2.319757        233.7391375
2015    6       2.63858838      247.753175
2015    7       2.77224113      248.431075
2015    8       2.86128862      248.372
2015    9       2.12200537      233.6233625
2015    10      2.44231788      243.2022125
2015    11      2.41121075      241.4676875
2015    12      2.57168762      246.529625
2015    13      3.043409        256.43145
2015    14      3.547888        264.921925
2015    15      2.99358987      256.2789
2015    16      2.79485212      248.7598125
2015    17      2.3826965       240.9399625
2015    18      1.99929762      227.506625
2015    19      2.814369        247.9555875
2015    20      3.02223162      245.16065
2015    21      1.88237204      212.26645
2015    22      2.65311338      247.48655
2015    23      3.02713025      256.6066375
2015    24      2.2381105       235.8398625
2015    25      2.93878362      252.1209625
2015    26      2.5353225       244.3577125
2015    27      3.53133938      249.754325
2015    28      2.89459275      253.3742
2016    1       3.46752206      249.5651375
2016    2       2.612037        196.96674375
2016    3       4.289291        269.664
2016    4       2.23589162      233.955475
2016    5       3.66125887      265.77725
2016    6       3.5505285       267.2995875
2016    7       3.04063338      258.526025
2016    8       3.52909788      262.7064125
2016    9       2.32584325      238.68835
2016    10      2.72395762      244.9020125
2016    11      3.4101535       258.4032625
2016    12      2.53971262      245.9872
2016    13      2.57402475      245.3299
2016    14      2.34839912      239.99285
2016    15      3.697769        262.99205
2016    16      2.00408537      228.63185
2016    17      2.0118005       227.9324375
2016    18      2.45865362      242.7886625
2016    19      2.4465355       241.073125
2016    20      3.10862663      256.4776625
2016    21      2.58038438      246.4406
2016    22      2.8131265       252.24815
2016    23      2.75699888      249.822325
2016    24      1.72339512      217.06355
2016    25      3.06441812      253.305525
2016    26      1.88168175      218.530075
2016    27      2.85205838      253.352725
2016    28      2.43676638      241.923425
2016    29      2.56615237      243.462825
2017    1       3.32988712      261.7182
2017    2       3.70473925      265.518725
2017    3       1.99755487      229.647875
2017    4       2.567337        245.16745
2017    5       2.31392625      241.73215
2017    6       3.15375238      258.3604625
2017    7       3.47777588      261.5239625
2017    8       3.1361725       259.2191375
2017    9       2.9832555       256.762275
2017    10      4.21771638      269.938625
2017    11      3.18293375      258.7085375
2017    12      2.734933        250.748125
2017    13      2.48891188      246.235775
2017    14      2.28238975      239.2240125
2017    15      2.79177238      253.21775
2017    16      2.38780925      243.169725
2017    17      3.7735065       263.6953
2017    18      2.8302535       250.0590625
2017    19      2.74467588      252.06845
2017    20      2.77736162      251.237975
2017    21      3.06129012      256.3592125
2017    22      2.634178        249.396375
2017    23      2.52808875      236.5926125
2017    24      2.05541109      215.500525
2017    25      3.0800545       254.720325
2017    26      2.8889475       252.895825
2017    27      3.85954825      265.366925
2017    28      4.85918862      275.7575875
2018    1       4.180052        268.6461
2018    2       4.10796937      270.8308375
2018    3       3.776556        265.84785
2018    4       4.06503112      268.368425
2018    5       2.4645525       242.2712875
2018    6       3.3302395       260.1658
2018    7       2.24985625      239.1066375
2018    8       2.372483        240.0827125
2018    9       2.447545        240.5657125
2018    10      2.17542275      233.7794875
2018    11      1.87367175      220.7833
2018    12      3.10709138      256.6781875
2018    13      3.45782862      261.9054
2018    14      2.76983963      251.9340125
2018    15      2.7299331       235.53155
2018    16      2.14949416      227.633625
2018    17      3.0923075       252.7260375
2018    18      4.087576        269.223625
2018    19      3.202862        257.723475
2018    20      2.78241288      252.389375
2018    21      2.83793312      255.4261875
2018    22      3.28796175      258.1217125
2018    23      3.514846        263.9103625
2018    24      3.95360275      270.0859125
2018    25      2.55048848      239.45435
2018    26      3.06830288      255.6669375
2018    27      2.72195112      248.8521625
2018    28      3.29764975      261.0318625
