####################################################################################################
# Month: 09Sep                                                                                     #
# Station: SGO                                                                                     #
# Columns are: year    day     windspeed (m/s)                                                     #
####################################################################################################
2009    1       19.66024687
2009    2       15.32193038
2009    3       12.877096
2009    4       13.9903745
2009    5       21.73977512
2009    6       24.711507
2009    7       12.64949513
2009    8       7.64508462
2009    9       7.28524075
2009    10      3.67940138
2009    11      1.99552888
2009    12      3.12034675
2009    13      12.8739105
2009    14      20.43593125
2009    15      17.99897688
2009    16      14.90380475
2009    17      9.47342938
2009    18      9.659512
2009    19      7.89959025
2009    20      6.24772738
2009    21      13.91608338
2009    22      6.52818938
2009    23      4.49922337
2009    24      10.19595438
2009    25      12.15512225
2009    26      16.49780438
2009    27      14.70563325
2009    28      13.63897312
2009    29      12.96975525
2009    30      11.22195675
