####################################################################################################
# Month: 09Sep                                                                                     #
# Station: SGO                                                                                     #
# Columns are: year    day     segment         windspeed (m/s)                                     #
####################################################################################################
2009    1       0       20.463122
2009    1       1       20.349229
2009    1       2       20.469451
2009    1       3       19.903065
2009    1       4       19.187065
2009    1       5       18.60653
2009    1       6       19.107419
2009    1       7       19.196094
2009    2       0       18.292257
2009    2       1       16.596079
2009    2       2       15.590311
2009    2       3       15.137685
2009    2       4       14.809858
2009    2       5       13.39395
2009    2       6       13.72678
2009    2       7       15.028523
2009    3       0       17.03374
2009    3       1       17.543308
2009    3       2       15.530288
2009    3       3       12.059001
2009    3       4       10.781417
2009    3       5       9.441172
2009    3       6       10.345746
2009    3       7       10.282096
2009    4       0       12.628711
2009    4       1       12.793116
2009    4       2       13.925515
2009    4       3       15.425845
2009    4       4       13.124903
2009    4       5       12.503011
2009    4       6       14.034989
2009    4       7       17.486906
2009    5       0       16.739079
2009    5       1       20.362512
2009    5       2       25.086256
2009    5       3       23.101743
2009    5       4       23.995221
2009    5       5       23.636729
2009    5       6       20.83358
2009    5       7       20.163081
2009    6       0       24.676936
2009    6       1       27.153152
2009    6       2       27.6076
2009    6       3       23.405966
2009    6       4       23.736256
2009    6       5       23.431207
2009    6       6       24.613808
2009    6       7       23.067131
2009    7       0       20.712781
2009    7       1       16.38524
2009    7       2       13.023905
2009    7       3       11.835964
2009    7       4       10.91869
2009    7       5       11.383584
2009    7       6       8.858961
2009    7       7       8.076836
2009    8       0       9.137817
2009    8       1       10.096488
2009    8       2       10.404858
2009    8       3       8.874954
2009    8       4       7.32338
2009    8       5       5.548284
2009    8       6       4.872858
2009    8       7       4.902038
2009    9       0       8.545023
2009    9       1       11.09728
2009    9       2       9.951694
2009    9       3       9.509574
2009    9       4       8.175525
2009    9       5       5.706799
2009    9       6       3.26992
2009    9       7       2.026111
2009    10      0       2.181078
2009    10      1       2.114588
2009    10      2       2.628718
2009    10      3       3.452918
2009    10      4       4.889099
2009    10      5       5.787149
2009    10      6       5.008127
2009    10      7       3.373534
2009    11      0       1.385245
2009    11      1       1.804413
2009    11      2       1.281758
2009    11      3       1.572338
2009    11      4       2.526879
2009    11      5       3.593409
2009    11      6       3.033158
2009    11      7       0.767031
2009    12      0       1.048024
2009    12      1       0.891656
2009    12      2       0.646522
2009    12      3       1.278981
2009    12      4       2.577036
2009    12      5       3.833042
2009    12      6       6.220697
2009    12      7       8.466816
2009    13      0       9.843685
2009    13      1       9.694703
2009    13      2       10.070044
2009    13      3       10.205384
2009    13      4       12.583677
2009    13      5       13.667739
2009    13      6       16.946219
2009    13      7       19.979833
2009    14      0       20.17632
2009    14      1       19.560581
2009    14      2       20.207338
2009    14      3       19.761407
2009    14      4       19.431289
2009    14      5       20.741399
2009    14      6       22.042209
2009    14      7       21.566907
2009    15      0       20.132346
2009    15      1       18.738421
2009    15      2       18.18939
2009    15      3       17.1756
2009    15      4       16.129592
2009    15      5       16.129209
2009    15      6       18.777778
2009    15      7       18.719479
2009    16      0       18.841598
2009    16      1       16.55315
2009    16      2       14.239822
2009    16      3       13.751427
2009    16      4       14.187185
2009    16      5       14.75264
2009    16      6       13.811386
2009    16      7       13.09323
2009    17      0       13.867129
2009    17      1       15.576021
2009    17      2       14.362914
2009    17      3       11.214271
2009    17      4       7.673791
2009    17      5       3.241328
2009    17      6       2.939348
2009    17      7       6.912633
2009    18      0       8.013338
2009    18      1       4.450029
2009    18      2       7.412205
2009    18      3       10.750385
2009    18      4       11.690895
2009    18      5       12.289375
2009    18      6       11.161093
2009    18      7       11.508776
2009    19      0       10.946316
2009    19      1       8.687526
2009    19      2       8.436871
2009    19      3       8.219659
2009    19      4       7.326305
2009    19      5       6.644917
2009    19      6       6.814462
2009    19      7       6.120666
2009    20      0       6.65377
2009    20      1       7.435297
2009    20      2       8.471555
2009    20      3       8.398358
2009    20      4       4.921554
2009    20      5       4.5163
2009    20      6       5.096151
2009    20      7       4.488834
2009    21      0       5.519652
2009    21      1       7.134762
2009    21      2       11.182914
2009    21      3       15.647223
2009    21      4       18.147624
2009    21      5       17.48776
2009    21      6       18.854957
2009    21      7       17.353775
2009    22      0       16.210456
2009    22      1       7.976205
2009    22      2       3.556193
2009    22      3       3.76883
2009    22      4       5.29354
2009    22      5       7.249789
2009    22      6       6.221126
2009    22      7       1.949376
2009    23      0       0.526206
2009    23      1       2.855245
2009    23      2       4.891418
2009    23      3       5.562923
2009    23      4       5.078713
2009    23      5       4.145813
2009    23      6       5.646437
2009    23      7       7.287032
2009    24      0       8.884111
2009    24      1       10.887728
2009    24      2       11.201525
2009    24      3       9.57403
2009    24      4       9.119256
2009    24      5       9.296001
2009    24      6       10.531145
2009    24      7       12.073839
2009    25      0       10.435943
2009    25      1       10.949898
2009    25      2       11.846809
2009    25      3       12.391699
2009    25      4       12.975228
2009    25      5       12.118302
2009    25      6       12.871655
2009    25      7       13.651444
2009    26      0       13.951393
2009    26      1       14.005935
2009    26      2       14.6292
2009    26      3       14.685935
2009    26      4       16.70481
2009    26      5       18.245323
2009    26      6       19.680862
2009    26      7       20.078977
2009    27      0       20.819401
2009    27      1       20.485104
2009    27      2       17.597188
2009    27      3       11.593356
2009    27      4       9.824157
2009    27      5       13.042883
2009    27      6       12.164884
2009    27      7       12.118093
2009    28      0       13.389402
2009    28      1       14.815352
2009    28      2       10.97273
2009    28      3       10.00854
2009    28      4       15.161913
2009    28      5       18.166946
2009    28      6       14.817466
2009    28      7       11.779436
2009    29      0       13.02528
2009    29      1       15.973768
2009    29      2       15.306423
2009    29      3       10.318379
2009    29      4       9.651457
2009    29      5       12.007199
2009    29      6       13.951062
2009    29      7       13.524474
2009    30      0       12.934532
2009    30      1       13.150112
2009    30      2       13.236998
2009    30      3       12.068803
2009    30      4       10.626951
2009    30      5       9.785259
2009    30      6       9.809959
2009    30      7       8.16304
