####################################################################################################
# Month: 04Apr                                                                                     #
# Station: BGA                                                                                     #
# Frequency: 345 GHz                                                                               #
# Columns are: year    day     tau     Tb (K)                                                      #
####################################################################################################
2009    1       1.39797275      198.9714
2009    2       1.41923738      200.2593125
2009    3       0.65667464      123.643705
2009    4       0.26813399      65.09292875
2009    5       0.29719194      71.07541375
2009    6       0.82036818      140.65377625
2009    7       0.52604845      107.35011875
2009    8       0.4213426       90.01706875
2009    9       0.63484722      122.29342875
2009    10      0.76752741      139.656525
2009    11      0.62503488      123.05787375
2009    12      0.45817714      98.9703025
2009    13      1.11732251      177.675025
2009    14      1.09256044      173.6702875
2009    15      0.88221635      150.678185
2009    16      0.45768144      98.46320375
2009    17      0.85102195      145.019975
2009    18      0.92149671      159.0142375
2009    19      1.26199162      188.445675
2009    20      1.15242926      179.7488875
2009    21      1.28600865      188.0977625
2009    22      1.3003105       190.895075
2009    23      0.35266555      76.58016875
2009    24      0.3087841       72.40593125
2009    25      0.57654799      111.81555125
2009    26      0.47746438      100.107225
2009    27      0.31945824      75.4347525
2009    28      0.75422174      134.2442275
2009    29      1.12207032      177.746825
2009    30      1.1678043       180.0235625
2010    1       0.32861984      76.4891125
2010    2       0.64009236      118.20857375
2010    3       0.41867988      91.2221425
2010    4       0.40942785      90.7091825
2010    5       1.11502596      176.5194
2010    6       0.84483578      149.0052375
2010    7       0.69408021      130.1960825
2010    8       0.60116397      119.0459125
2010    9       0.58572094      116.92838875
2010    10      0.71472118      132.0328125
2010    11      0.67110511      128.164675
2010    12      0.76116671      137.9716
2010    13      0.86659894      150.1598125
2010    14      0.91349132      156.730975
2010    15      0.94812602      160.239475
2010    16      1.21355388      185.7579625
2010    17      1.02185095      168.2428875
2010    18      0.84962755      152.454725
2010    19      1.17315255      182.429175
2010    20      1.01281749      168.0211
2010    21      0.72538341      133.07397875
2010    22      0.60890857      117.06719875
2010    23      1.03580044      167.15865
2010    24      1.4795125       205.1910375
2010    25      1.240282        188.732075
2010    26      1.1585014       179.6719125
2010    27      0.29903675      71.1194625
2010    28      0.33454568      78.30898
2010    29      0.40167532      90.41857875
2010    30      0.80588096      145.98389375
2011    1       0.6000065       119.9133625
2011    2       0.22623266      56.39246
2011    3       0.62871094      120.14621875
2011    4       0.68267168      129.896335
2011    5       0.63992334      124.349905
2011    6       0.85863046      151.061375
2011    7       0.7009113       128.81743375
2011    8       0.90624252      157.2126625
2011    9       0.40006981      88.0064775
2011    10      0.28950155      69.18535875
2011    11      0.30490524      71.16567375
2011    12      0.86600728      151.1637
2011    13      1.0375993       168.7123875
2011    14      0.65248434      122.40972
2011    15      0.44890971      96.22213375
2011    16      0.60388431      118.05196125
2011    17      0.72891271      135.5267375
2011    18      0.96535109      161.3224375
2011    19      0.84554778      148.433625
2011    20      0.52030492      102.28503625
2011    21      0.27573782      66.98401625
2011    22      0.4656822       100.2674025
2011    23      0.41757869      91.87841
2011    24      0.57756338      111.2087175
2011    25      0.85541944      152.5416375
2011    26      0.76244782      140.4105
2011    27      1.1645898       180.6916125
2011    28      0.93181889      158.48745
2011    29      1.17031115      180.4356125
2011    30      1.12750631      178.356475
2012    1       0.77986032      139.07861
2012    2       0.23768594      59.880135
2012    3       0.70966924      128.90724
2012    4       0.92112809      155.024025
2012    5       0.87880819      151.5989875
2012    6       1.01006148      166.3112625
2012    7       0.9055992       149.65122625
2012    8       0.946622        159.2324125
2012    9       0.74277961      137.2909625
2012    10      0.43955759      93.6505375
2012    11      0.47026422      95.630555
2012    12      0.64944456      123.93921625
2012    13      0.84721544      143.9437475
2012    14      1.06259594      170.1754625
2012    15      1.00100298      164.8696875
2012    16      0.70887781      128.4753075
2012    17      1.11567757      176.5042625
2012    18      1.14800691      178.9382375
2012    19      0.83062542      143.9603675
2012    20      0.99796862      165.4980875
2012    21      0.90083486      154.2170425
2012    22      0.37769412      85.00977625
2012    23      0.84058928      146.5402875
2012    24      0.93312771      159.998
2012    25      0.42940944      95.2102725
2012    26      0.40178545      89.3308875
2012    27      0.60180149      120.0368825
2012    28      0.64128364      125.852285
2012    29      0.42720044      94.03035
2012    30      0.26775185      65.44249875
2013    1       0.26422204      64.29141125
2013    2       0.87305806      148.82353
2013    3       0.90965776      153.3621625
2013    4       0.53693806      107.24082125
2013    5       0.74441225      131.733705
2013    6       0.58652789      115.25802875
2013    7       1.11899828      173.1422625
2013    8       0.98102671      165.05375
2013    9       0.65255094      125.59984875
2013    10      0.75437119      136.79944125
2013    11      0.58543175      117.76791625
2013    12      0.73438291      138.1038125
2013    13      0.90341155      156.0445
2013    14      0.64664791      123.39644125
2013    15      0.70306925      130.34699125
2013    16      0.68014072      126.63226625
2013    17      0.31645368      72.36013375
2013    18      0.37934594      84.227375
2013    19      0.44084428      96.707975
2013    20      0.54286808      111.73908
2013    21      0.84362731      146.11305875
2013    22      0.93563401      158.952925
2013    23      1.04299905      170.7778375
2013    24      0.78868032      139.45370125
2013    25      0.26585914      65.13179125
2013    26      0.63722328      127.217125
2013    27      0.72271874      137.260585
2013    28      0.72152945      135.651775
2013    29      0.65863601      129.80330375
2013    30      0.65181894      129.33355125
2014    1       0.39460554      88.30383
2014    2       0.84072979      148.482625
2014    3       0.7109395       131.7435825
2014    4       0.73206152      136.432075
2014    5       0.79619849      145.337325
2014    6       0.91567525      155.2286375
2014    7       0.95783076      161.9964375
2014    8       0.59613431      118.04695
2014    9       0.69364645      125.01764375
2014    10      0.83155679      145.2815375
2014    11      0.53323965      108.45674375
2014    12      0.65047009      124.8572125
2014    13      0.66376169      124.52799125
2014    14      0.49597256      103.45288625
2014    15      0.75479134      137.22137625
2014    16      1.10436405      174.6643
2014    17      1.0804021       171.717125
2014    18      1.02891328      165.56255
2014    19      0.92781295      158.2369125
2014    20      1.00746794      165.3194375
2014    21      0.88643161      151.6002
2014    22      0.42568254      91.96108875
2014    23      1.30674608      190.3977875
2014    24      1.3126492       192.5266
2014    25      1.08420706      175.9924375
2014    26      1.04086619      170.1256375
2014    27      1.1396484       178.815
2014    28      1.17463216      180.5844
2014    29      1.11723166      175.8381375
2014    30      1.28841812      189.46285
2015    1       0.74122552      138.7754125
2015    2       0.3092524       70.69666875
2015    3       0.42298527      87.59405
2015    4       0.37802678      78.53542625
2015    5       0.79984071      143.7660125
2015    6       0.8200538       145.757325
2015    7       0.64904175      123.464725
2015    8       0.42991052      91.24366125
2015    9       0.30313048      70.3476775
2015    10      0.20067338      51.33579
2015    11      0.19294958      50.17639
2015    12      0.55684634      106.9821275
2015    13      0.83730835      147.69645
2015    14      0.64508222      123.32192125
2015    15      0.78723774      144.800775
2015    16      0.57846365      118.56265625
2015    17      0.37521621      84.10848
2015    18      0.81840478      146.4897125
2015    19      0.58546774      113.84178625
2015    20      0.33610749      74.53611875
2015    21      0.44130389      92.777285
2015    22      0.57193354      113.11891625
2015    23      0.26087366      64.57105125
2015    24      0.62385454      117.06969
2015    25      0.9746615       162.3173
2015    26      0.68948191      131.4958575
2015    27      1.12615505      175.348425
2015    28      1.1094799       176.6112875
2015    29      0.97182035      163.34775
2015    30      0.92838955      157.4172375
2016    1       0.9203942       157.3794375
2016    2       0.96901714      164.0240125
2016    3       0.54437574      114.0873775
2016    4       0.55607016      114.65334
2016    5       0.84065305      148.346625
2016    6       1.20903325      185.7818625
2016    7       0.74986034      139.4063375
2016    8       1.1550423       180.772975
2016    9       1.11790111      174.7971125
2016    10      0.9307108       156.295075
2016    11      1.139847        178.84225
2016    12      0.50935161      102.36301875
2016    13      0.73758661      133.46957625
2016    14      0.92410174      152.0486025
2016    15      0.32639174      76.85359
2016    16      0.40250189      91.10445625
2016    17      0.96806889      163.1696375
2016    18      1.24833198      189.177975
2016    19      1.2413718       189.3805375
2016    20      0.47422325      96.915915
2016    21      0.21421055      55.71717
2016    22      0.41237525      90.30594625
2016    23      1.291058        191.131
2016    24      1.33343238      194.625225
2016    25      1.11686447      177.3824625
2016    26      0.57615376      107.87452
2016    27      0.26757882      66.16052
2016    28      0.48606442      99.28003125
2016    29      1.09293471      174.903625
2016    30      0.78419929      143.3947625
2017    1       0.19583248      50.6940075
2017    2       0.26880991      65.80626625
2017    3       0.52615298      101.66652375
2017    4       0.74574861      136.92155
2017    5       0.71852014      131.17776875
2017    6       0.8447083       149.232875
2017    7       0.50413815      103.51408375
2017    8       0.55883756      110.5158625
2017    9       0.39495111      88.56280625
2017    10      0.48000606      102.5173875
2017    11      0.67002265      125.080555
2017    12      0.67393532      127.80736
2017    13      0.85260025      146.49305125
2017    14      0.84066056      149.9474
2017    15      1.11525859      175.8489125
2017    16      1.12561618      177.3045
2017    17      1.01803396      166.8324125
2017    18      0.53014998      107.89241125
2017    19      0.85761864      151.960575
2017    20      0.56083409      111.2556225
2017    21      0.3521191       78.61391625
2017    22      0.3999214       88.3616625
2017    23      0.62905742      120.41660625
2017    24      0.33160844      76.920115
2017    25      0.34769048      81.0797575
2017    26      0.26626166      66.54847125
2017    27      0.71307298      134.3385175
2017    28      1.10710645      175.9083875
2017    29      1.46480475      205.2891
2017    30      1.5300855       208.30845
2018    1       0.77445749      140.7100625
2018    2       0.43042488      93.07924125
2018    3       0.68217929      128.958295
2018    4       0.96304531      164.899375
2018    5       1.436443        202.1410625
2018    6       1.18739814      183.364675
2018    7       1.09758158      175.1685125
2018    8       0.7804972       144.8799875
2018    9       0.4026331       91.309235
2018    10      0.6022318       122.1888225
2018    11      0.70602748      134.44815
2018    12      0.57600145      119.37996875
2018    13      0.76092389      143.9024375
2018    14      0.66307754      128.5563575
2018    15      1.09853119      169.2062175
2018    16      1.63860138      215.3432875
2018    17      1.17089166      182.8982375
2018    18      0.76007946      143.77185
2018    19      0.69333248      135.2119475
2018    20      0.66651805      129.22485625
2018    21      0.30125744      72.50741125
2018    22      0.3775          87.60397875
2018    23      0.48453625      103.16347375
2018    24      0.71424543      134.396445
2018    25      0.96546636      165.39645
2018    26      0.9018089       158.482125
2018    27      1.14650665      182.9501375
2018    28      0.66276218      130.09407875
2018    29      0.5202066       102.92645375
2018    30      1.30878362      194.1252125
