####################################################################################################
# Month: 04Apr                                                                                     #
# Station: BGA                                                                                     #
# Frequency: 230 GHz                                                                               #
# Columns are: year    day     tau     Tb (K)                                                      #
####################################################################################################
2009    1       0.49512419      104.3394175
2009    2       0.51632135      107.910135
2009    3       0.2028997       50.57265375
2009    4       0.07994388      24.03927625
2009    5       0.08758737      26.02702875
2009    6       0.27193363      63.30845
2009    7       0.15972212      41.59088
2009    8       0.13867016      37.07402
2009    9       0.21296698      52.756915
2009    10      0.26720935      63.1494275
2009    11      0.22347711      55.17599375
2009    12      0.14425248      39.037885
2009    13      0.36885972      83.6260125
2009    14      0.38174034      84.86346625
2009    15      0.326792        74.0059725
2009    16      0.16032144      42.243405
2009    17      0.27608871      64.84773125
2009    18      0.29206445      69.35475875
2009    19      0.42166611      91.9194875
2009    20      0.37620961      83.9586775
2009    21      0.4408387       94.232325
2009    22      0.45225852      97.10711
2009    23      0.10385762      29.13983125
2009    24      0.09194707      26.8478475
2009    25      0.214907        52.19250625
2009    26      0.18108879      46.0157625
2009    27      0.09606138      28.08555375
2009    28      0.24134994      58.1364175
2009    29      0.39428         87.70361375
2009    30      0.42160819      91.25109625
2010    1       0.12105746      33.4865475
2010    2       0.22947549      54.3930025
2010    3       0.15343781      40.39179375
2010    4       0.11825158      33.040585
2010    5       0.36056856      81.84586625
2010    6       0.29732739      69.42250625
2010    7       0.2380075       57.758225
2010    8       0.21670991      53.6434875
2010    9       0.23271142      56.86366625
2010    10      0.27761941      64.9420175
2010    11      0.23835715      57.9139375
2010    12      0.281125        65.6621275
2010    13      0.27861492      65.72125
2010    14      0.30285314      70.6837925
2010    15      0.29141316      68.633765
2010    16      0.40229045      89.32225875
2010    17      0.33923836      78.07356375
2010    18      0.28587753      68.4848875
2010    19      0.36064498      82.27030125
2010    20      0.3430916       78.78756625
2010    21      0.27865512      65.99768125
2010    22      0.21576532      53.13646125
2010    23      0.33512932      76.51748625
2010    24      0.47382819      101.96304125
2010    25      0.40293105      90.0975475
2010    26      0.37825974      84.6425
2010    27      0.08811209      26.22902
2010    28      0.0983843       28.65931375
2010    29      0.13219314      36.48812625
2010    30      0.22947455      57.15138625
2011    1       0.17479374      45.4016625
2011    2       0.07050674      21.79717
2011    3       0.20523741      50.81832
2011    4       0.21998319      54.8585875
2011    5       0.21740289      53.938615
2011    6       0.28936634      68.15437125
2011    7       0.20112411      50.80127375
2011    8       0.26331718      63.97578875
2011    9       0.11861481      33.27091625
2011    10      0.08612809      25.634065
2011    11      0.12826056      34.5331375
2011    12      0.27782099      65.82094625
2011    13      0.35493135      79.937915
2011    14      0.24906501      59.39006125
2011    15      0.1538152       40.4900525
2011    16      0.19396502      48.8301425
2011    17      0.21964185      54.34572
2011    18      0.33304438      75.95578125
2011    19      0.31798932      72.99981125
2011    20      0.18052195      45.266595
2011    21      0.08139383      24.5283375
2011    22      0.14484704      39.1250675
2011    23      0.12670288      35.1472575
2011    24      0.18300894      46.29314125
2011    25      0.2636575       64.12621
2011    26      0.2246785       55.76873625
2011    27      0.37785813      84.92058875
2011    28      0.31920736      73.7932875
2011    29      0.41434516      90.22075375
2011    30      0.40995282      90.46392
2012    1       0.26089916      62.0931175
2012    2       0.0713354       22.26062375
2012    3       0.2126498       52.60137375
2012    4       0.28775696      67.44140375
2012    5       0.27283756      64.78128875
2012    6       0.35170448      79.57277875
2012    7       0.30603431      69.5819375
2012    8       0.35308496      79.79753875
2012    9       0.24226154      58.950525
2012    10      0.12944415      35.150105
2012    11      0.14227931      37.49607875
2012    12      0.24326463      58.64188375
2012    13      0.2587324       61.640235
2012    14      0.41100696      89.24272
2012    15      0.3685006       82.44622375
2012    16      0.23022468      55.51070125
2012    17      0.38130642      85.2053425
2012    18      0.39420239      87.23281375
2012    19      0.29978053      68.77453375
2012    20      0.35334991      80.09828125
2012    21      0.34294704      77.76487875
2012    22      0.12257474      34.105075
2012    23      0.28764994      67.51727875
2012    24      0.3163201       74.2094475
2012    25      0.13443801      37.220115
2012    26      0.11617009      32.88539625
2012    27      0.20865848      52.50418
2012    28      0.19029936      49.192305
2012    29      0.12328647      34.62677
2012    30      0.07924239      24.270815
2013    1       0.0880752       26.0757
2013    2       0.26468856      63.37193125
2013    3       0.32443588      73.6111975
2013    4       0.20264161      49.76029375
2013    5       0.22783898      55.524045
2013    6       0.2114346       52.04663625
2013    7       0.38767394      84.97929125
2013    8       0.3023261       71.303765
2013    9       0.21615111      53.6048325
2013    10      0.29183084      67.47024625
2013    11      0.18057254      46.843365
2013    12      0.21300034      54.0058125
2013    13      0.33973266      77.45900875
2013    14      0.23697705      57.98035625
2013    15      0.2849919       66.4296675
2013    16      0.2082035       51.65458
2013    17      0.09327276      26.99731
2013    18      0.13245232      35.72168125
2013    19      0.14983721      40.32607375
2013    20      0.17632559      45.73774125
2013    21      0.30839656      70.2394075
2013    22      0.33025982      75.28625
2013    23      0.33810298      77.79909125
2013    24      0.29327329      68.40862125
2013    25      0.08129126      24.77419875
2013    26      0.18805388      49.37378125
2013    27      0.21439774      54.90681375
2013    28      0.23547572      58.75141875
2013    29      0.21359081      54.884295
2013    30      0.21345562      55.06585875
2014    1       0.12403377      34.3430925
2014    2       0.26069066      62.5607125
2014    3       0.24712525      59.7141675
2014    4       0.2153342       53.8755025
2014    5       0.23312302      57.85476125
2014    6       0.31840406      72.7661175
2014    7       0.33802888      77.47550375
2014    8       0.22694851      55.89161875
2014    9       0.24301887      57.810745
2014    10      0.30018672      69.77286375
2014    11      0.20789288      51.4506425
2014    12      0.25132496      60.16638375
2014    13      0.2485671       59.31103375
2014    14      0.16824171      43.87934125
2014    15      0.26092268      62.20478125
2014    16      0.41286139      90.31251375
2014    17      0.36895138      82.50021625
2014    18      0.36711802      81.83582
2014    19      0.30659186      71.34620625
2014    20      0.3804206       83.92879125
2014    21      0.26503318      63.7585775
2014    22      0.12654449      35.255955
2014    23      0.41067115      90.32723375
2014    24      0.47146445      100.28158625
2014    25      0.34758862      80.36725625
2014    26      0.34618031      78.9770775
2014    27      0.40318481      89.01332375
2014    28      0.41194868      89.74497
2014    29      0.41776944      91.04119375
2014    30      0.49991971      104.10119
2015    1       0.24230111      59.46565125
2015    2       0.09694206      27.69357
2015    3       0.14735848      38.51140625
2015    4       0.11652949      31.370265
2015    5       0.26472374      63.0852
2015    6       0.28496209      66.763965
2015    7       0.25867151      60.78714875
2015    8       0.14891511      38.7472375
2015    9       0.10053656      28.44281625
2015    10      0.06130764      19.53026875
2015    11      0.05915227      19.09448375
2015    12      0.19326216      47.72031625
2015    13      0.32009036      73.3025475
2015    14      0.21538398      53.03945375
2015    15      0.22423906      56.164695
2015    16      0.16534012      44.15637375
2015    17      0.111258        31.50686375
2015    18      0.27515018      65.43073
2015    19      0.1793075       45.8157675
2015    20      0.09988489      28.3714125
2015    21      0.15669547      40.7595175
2015    22      0.22603522      54.69470375
2015    23      0.0780605       23.89667
2015    24      0.21431811      52.29282125
2015    25      0.35706355      79.96794375
2015    26      0.24116186      59.1585525
2015    27      0.37753312      84.04162
2015    28      0.37612885      84.64566125
2015    29      0.32310179      74.8160575
2015    30      0.3027311       70.72078375
2016    1       0.26982499      64.98876
2016    2       0.30504546      71.6320825
2016    3       0.17174616      45.54529125
2016    4       0.16410229      43.74046125
2016    5       0.26418165      63.6811675
2016    6       0.3918497       87.81888625
2016    7       0.23182821      57.38858625
2016    8       0.36198056      82.54152625
2016    9       0.40344498      87.98525
2016    10      0.33841072      76.58581
2016    11      0.38017619      85.1180625
2016    12      0.14972873      39.80047875
2016    13      0.21353156      53.27757375
2016    14      0.29538341      68.86846625
2016    15      0.10535437      30.35807875
2016    16      0.11613632      33.07498
2016    17      0.27974629      67.52052625
2016    18      0.36934342      84.39072375
2016    19      0.3685578       84.24788375
2016    20      0.14200733      38.19804625
2016    21      0.06518363      20.976645
2016    22      0.12207064      33.94842625
2016    23      0.42799512      93.402065
2016    24      0.48046364      102.47460375
2016    25      0.40245644      88.98058375
2016    26      0.19657202      48.03452125
2016    27      0.08016414      24.48816
2016    28      0.147257        39.13149875
2016    29      0.35870558      81.54431375
2016    30      0.27781359      66.24421375
2017    1       0.0599451       19.29670375
2017    2       0.07990771      24.26376
2017    3       0.16923692      42.5841225
2017    4       0.27722632      64.991495
2017    5       0.26012583      61.33893
2017    6       0.30700201      71.178025
2017    7       0.16428298      42.44820125
2017    8       0.22571184      54.41751125
2017    9       0.11725478      32.9479375
2017    10      0.14264365      38.60338875
2017    11      0.24056125      57.56917375
2017    12      0.23231799      56.77102875
2017    13      0.29829664      68.71504375
2017    14      0.27413634      65.55170125
2017    15      0.40550274      88.52095125
2017    16      0.39036974      86.49168875
2017    17      0.35524004      80.15915375
2017    18      0.17746751      45.570315
2017    19      0.3025244       71.2135075
2017    20      0.22122347      54.19422375
2017    21      0.13021447      34.88336875
2017    22      0.11906386      32.945195
2017    23      0.22143778      53.7301825
2017    24      0.09709009      28.09036
2017    25      0.10302223      29.852715
2017    26      0.07945848      24.52035
2017    27      0.20389258      52.19668
2017    28      0.31987601      75.09407125
2017    29      0.44715282      98.1752
2017    30      0.50298328      106.59171875
2018    1       0.28603376      67.64769875
2018    2       0.16086959      41.7614875
2018    3       0.19429808      49.669665
2018    4       0.27377315      66.55121
2018    5       0.44072442      96.32449375
2018    6       0.38608215      86.40123625
2018    7       0.33693988      77.59874125
2018    8       0.22446006      56.69381
2018    9       0.1175154       33.4214225
2018    10      0.17513973      46.2837425
2018    11      0.208423        52.95316375
2018    12      0.16529846      44.5475775
2018    13      0.24078186      60.35578125
2018    14      0.24877818      61.26050125
2018    15      0.32546082      74.8481875
2018    16      0.50439288      107.05118625
2018    17      0.38574689      86.750575
2018    18      0.2514343       62.4855075
2018    19      0.22857419      57.85562375
2018    20      0.24876865      60.85446375
2018    21      0.08838781      26.49634625
2018    22      0.10919392      31.6960975
2018    23      0.13979313      38.40102875
2018    24      0.21959726      55.17725
2018    25      0.30655749      72.66204
2018    26      0.2960471       70.64757125
2018    27      0.39400817      89.33918125
2018    28      0.23653144      59.191265
2018    29      0.15013954      39.89833375
2018    30      0.4055868       90.6016925
