####################################################################################################
# Month: 08Aug                                                                                     #
# Station: FLWO                                                                                    #
# Frequency: 230 GHz                                                                               #
# Columns are: year    day     tau     Tb (K)                                                      #
####################################################################################################
2009    1       0.58996422      125.7744
2009    2       0.74970746      147.257
2009    3       0.79081332      152.14165
2009    4       0.80110865      154.54685
2009    5       0.91845712      168.3119
2009    6       0.99083489      173.903175
2009    7       0.47908074      108.14992875
2009    8       0.26474599      67.58517125
2009    9       0.32287188      79.90709875
2009    10      0.56904174      121.6349125
2009    11      0.90256701      163.5818375
2009    12      1.0005998       174.62575
2009    13      1.38624625      207.6296
2009    14      0.81643074      151.644125
2009    15      0.36995998      89.19474125
2009    16      0.25386235      66.297835
2009    17      0.34396969      83.510135
2009    18      0.5194122       115.2630625
2009    19      0.57705418      123.629725
2009    20      0.45974741      103.87934875
2009    21      0.81138918      151.8302625
2009    22      1.08034915      182.2922875
2009    23      0.89561099      163.4072625
2009    24      0.8101508       150.8449
2009    25      0.83076768      156.620925
2009    26      0.57705561      124.1455875
2009    27      0.48325914      109.174875
2009    28      0.54014552      117.54895875
2009    29      0.4192859       97.31936875
2009    30      0.576975        121.6917025
2009    31      0.74552987      146.022875
2010    1       1.22446138      194.826625
2010    2       1.14522919      187.7072125
2010    3       0.73989934      144.3876625
2010    4       0.6599182       136.7199125
2010    5       0.82726029      158.2187
2010    6       0.99211029      175.734075
2010    7       1.04770045      178.96895
2010    8       0.7556234       146.194275
2010    9       0.66907779      135.7857
2010    10      0.72634679      144.46325
2010    11      0.94577868      171.192325
2010    12      0.91015846      168.000575
2010    13      0.94578664      172.0780875
2010    14      0.97178584      174.9042125
2010    15      1.12837526      188.8830625
2010    16      1.23336325      195.0845
2010    17      1.10095499      182.155375
2010    18      0.75860614      146.4908125
2010    19      0.76233891      149.14915
2010    20      0.71028196      142.813025
2010    21      1.20450068      189.825275
2010    22      1.06697715      181.1272875
2010    23      0.92695608      169.150625
2010    24      1.00733952      177.0398875
2010    25      0.99164535      174.87765
2010    26      1.26145512      199.5767625
2010    27      1.0950412       184.575625
2010    28      0.9105069       163.2574125
2010    29      0.51409905      108.64382
2010    30      0.48534512      106.13189125
2010    31      0.51215286      114.0031675
2011    1       1.538357        218.2070875
2011    2       0.93141905      171.4333375
2011    3       1.04258089      182.4064375
2011    4       0.97083326      174.1209125
2011    5       1.05249606      180.8927125
2011    6       1.14912116      190.1073875
2011    7       1.177583        191.780625
2011    8       1.38044662      206.8031375
2011    9       1.21609475      196.0061625
2011    10      1.346796        204.791725
2011    11      1.45843463      212.0633875
2011    12      1.4994505       213.815825
2011    13      1.51561225      216.7182375
2011    14      0.93314375      167.3829625
2011    15      1.35730025      205.51875
2011    16      1.36777238      206.6086125
2011    17      0.85148099      159.5065125
2011    18      1.06196329      180.929925
2011    19      1.13189964      185.8708875
2011    20      0.87651511      162.07285
2011    21      0.70979168      140.6414125
2011    22      0.96718504      172.72975
2011    23      1.00176495      176.730375
2011    24      1.06054292      182.8033125
2011    25      1.1889875       194.0056625
2011    26      0.9224428       168.2494125
2011    27      0.86878861      164.2727125
2011    28      0.7379989       144.3412425
2011    29      0.78409444      153.964625
2011    30      0.95027521      172.4274125
2011    31      1.01577359      176.9786875
2012    1       0.99179946      174.1347875
2012    2       0.8079283       154.3928375
2012    3       0.81686884      154.778875
2012    4       0.8737695       161.375275
2012    5       1.03582434      177.7514625
2012    6       0.96263372      172.1829125
2012    7       0.86567632      162.331675
2012    8       0.89393749      165.478625
2012    9       0.92083736      164.88267875
2012    10      0.52778989      115.8545825
2012    11      1.02705779      178.52205
2012    12      0.62315212      130.1781125
2012    13      0.67848305      138.8553375
2012    14      0.80603554      154.5617
2012    15      1.03555286      178.3947
2012    16      1.23593088      194.8700125
2012    17      1.26751025      198.0383875
2012    18      1.22741325      195.3856875
2012    19      1.09936256      184.400675
2012    20      1.07920675      181.88705
2012    21      0.95710482      170.0712875
2012    22      1.18048961      190.0982375
2012    23      0.94029015      166.863675
2012    24      0.46559162      106.4950875
2012    25      0.44339067      101.60435
2012    26      0.75791244      148.594675
2012    27      0.9768026       173.6003
2012    28      0.65715918      134.5203625
2012    29      0.4362182       99.94616
2012    30      0.57889904      123.053825
2012    31      0.95272404      170.7765875
2013    1       0.98355086      173.032675
2013    2       0.89520556      163.9823875
2013    3       0.90495782      163.095425
2013    4       0.91800634      165.6383
2013    5       1.08722445      181.3676875
2013    6       0.98977324      172.22185
2013    7       0.77934392      149.087575
2013    8       0.3944854       93.33516625
2013    9       0.51963624      114.6474375
2013    10      0.68443587      138.612575
2013    11      1.02893111      179.960275
2013    12      0.76672385      149.3982125
2013    13      0.66625334      137.8309125
2013    14      1.228909        198.9785
2013    15      1.18255499      193.0985
2013    16      1.09135362      186.7693125
2013    17      0.89318952      165.1547625
2013    18      0.89014024      164.82145
2013    19      1.05349397      179.226775
2013    20      0.99909424      174.87395
2013    21      1.23789787      196.5605
2013    22      0.99142546      174.8468
2013    23      0.74071166      143.20135
2013    24      1.12195758      184.8449875
2013    25      1.2596135       196.8627125
2013    26      1.23760452      194.849325
2013    27      0.83688981      154.965725
2013    28      1.07980121      174.4282875
2013    29      1.3277355       202.2124625
2013    30      1.28848438      200.062975
2013    31      0.88774052      163.712975
2014    1       1.15199011      187.4863125
2014    2       1.24394012      193.7852
2014    3       0.83003068      151.2436625
2014    4       0.6861297       138.2602625
2014    5       0.35646212      85.61996125
2014    6       0.47001769      107.01976875
2014    7       0.8161665       154.9798
2014    8       0.78760468      151.4689875
2014    9       0.89750258      164.1273125
2014    10      0.80329978      152.1637
2014    11      0.98149415      173.1299
2014    12      1.10265         183.9760875
2014    13      1.05912645      179.6990125
2014    14      0.90197805      163.0750375
2014    15      0.97358697      170.5975875
2014    16      1.05369249      180.734525
2014    17      0.92517946      165.2214
2014    18      1.05621556      177.665525
2014    19      1.37780988      203.537975
2014    20      0.67899399      130.225155
2014    21      1.11924769      183.9902875
2014    22      0.8588427       157.81425
2014    23      0.4020307       90.34261375
2014    24      0.52723039      115.4962925
2014    25      0.9903957       171.951025
2014    26      1.30930087      200.105725
2014    27      1.18458243      185.97895
2014    28      0.44569522      103.57744625
2014    29      0.36621144      89.4566375
2014    30      0.41879701      98.97201625
2014    31      0.41963236      99.175585
2015    1       1.02372742      178.20835
2015    2       0.88367792      163.6784875
2015    3       0.96757289      173.8349375
2015    4       0.58743492      125.5403
2015    5       0.91703321      164.258775
2015    6       1.18268765      190.790375
2015    7       1.0387894       178.4313875
2015    8       0.8615636       159.4892125
2015    9       0.84122349      153.245525
2015    10      1.19486751      191.0459625
2015    11      1.10100615      183.6819125
2015    12      1.12738325      186.3973875
2015    13      0.72492852      142.9744875
2015    14      0.98009971      173.42885
2015    15      0.96401854      172.7699125
2015    16      0.94710789      170.4446875
2015    17      0.9618585       171.397825
2015    18      0.61319185      129.1128
2015    19      0.51924751      115.1216125
2015    20      0.58026993      123.6004625
2015    21      0.59593662      125.4532125
2015    22      0.50587406      110.87386
2015    23      0.82477084      154.919075
2015    24      1.05244343      178.94855
2015    25      1.15137919      186.75475
2015    26      0.89190564      162.6920875
2015    27      0.97370622      172.585375
2015    28      0.86539114      161.527675
2015    29      0.96961091      173.9750875
2015    30      1.13077489      187.9022875
2015    31      0.96374988      170.8478
2016    1       1.51850075      214.2168
2016    2       1.4047565       208.0624125
2016    3       1.54643925      217.3359625
2016    4       1.43317312      211.4222625
2016    5       1.1109218       186.27305
2016    6       0.75892435      146.8986125
2016    7       0.94026159      171.3705625
2016    8       0.94453469      172.2049
2016    9       1.26732958      199.5149375
2016    10      1.17836881      192.298175
2016    11      1.20914014      194.4951
2016    12      1.03588449      178.8135625
2016    13      0.77274852      150.7452875
2016    14      0.65640547      131.07729625
2016    15      0.57400155      124.9105
2016    16      0.65308649      135.58855
2016    17      0.70767238      142.641625
2016    18      0.55940345      120.6797625
2016    19      0.84246511      156.5178125
2016    20      0.89175172      160.898925
2016    21      0.57331319      121.9417075
2016    22      0.51169236      113.28421875
2016    23      0.29710828      73.88853125
2016    24      0.53760485      116.45745
2016    25      0.7553055       146.679825
2016    26      0.70714164      140.9880375
2016    27      0.33312901      79.95234125
2016    28      0.2432246       62.897955
2016    29      0.33168982      81.49692625
2016    30      0.55923189      120.68397
2016    31      0.74296648      141.8966875
2017    1       1.15921478      188.4581
2017    2       1.48850825      212.7154875
2017    3       1.06284454      180.6158625
2017    4       1.12883259      188.2687
2017    5       0.75739884      149.137925
2017    6       0.33703848      82.2036
2017    7       0.26160789      67.42379125
2017    8       0.5429206       115.8583575
2017    9       0.84737366      158.9991
2017    10      1.21729128      193.9018375
2017    11      0.97315769      168.9871625
2017    12      0.74798685      147.707325
2017    13      0.8180659       156.9042375
2017    14      0.82343466      157.2573875
2017    15      0.39099709      93.0660825
2017    16      0.26714844      68.3193625
2017    17      0.22357166      59.499595
2017    18      0.44571968      100.44914875
2017    19      0.8239642       155.4663
2017    20      0.98968036      173.215125
2017    21      0.81254362      154.8284375
2017    22      0.76251228      149.6593625
2017    23      0.8971891       165.0939375
2017    24      0.6198643       127.42300875
2017    25      0.38050909      89.8026825
2017    26      0.83315878      157.2587
2017    27      0.64945809      132.31554125
2017    28      0.49829765      110.0982225
2017    29      0.5804431       123.8359125
2017    30      0.63419465      130.99764375
2017    31      0.17371406      47.89060375
2018    1       0.9856882       174.78975
2018    2       1.09945582      184.2184875
2018    3       0.99662646      176.1581875
2018    4       0.70155582      143.5327375
2018    5       0.90102008      167.764125
2018    6       0.99243262      175.4736625
2018    7       0.8470623       161.1548875
2018    8       1.02272715      178.956
2018    9       1.08957822      183.9798625
2018    10      1.34756638      203.310225
2018    11      1.0065554       175.7449875
2018    12      0.79647584      151.1618125
2018    13      0.90241334      166.1359625
2018    14      0.91693716      168.647
2018    15      1.21051699      194.4493625
2018    16      1.14259196      187.5553
2018    17      1.10396587      184.2731125
2018    18      0.91341942      167.8058
2018    19      1.07775259      181.8642
2018    20      0.57312249      123.25204875
2018    21      0.98790025      172.4230375
2018    22      1.08062409      182.11055
2018    23      1.18139838      191.141675
2018    24      1.07741051      181.322525
2018    25      1.234994        195.4183875
2018    26      1.05643728      181.3126875
2018    27      0.51045941      107.04000125
2018    28      0.27245652      68.72789125
2018    29      0.39115188      91.9345825
2018    30      0.76706429      146.459075
2018    31      0.61953675      129.60445
