####################################################################################################
# Month: 06Jun                                                                                     #
# Station: KEN                                                                                     #
# Columns are: year    day     segment         RH (percent)                                        #
####################################################################################################
9       1       0       0.729572
9       1       1       0.61093
9       1       2       0.521373
9       1       3       0.816768
9       1       4       0.887858
9       1       5       0.95662
9       1       6       1.142961
9       1       7       0.924595
9       2       0       0.867174
9       2       1       0.725158
9       2       2       0.419271
9       2       3       0.675305
9       2       4       0.830903
9       2       5       0.871657
9       2       6       0.630431
9       2       7       0.458588
9       3       0       0.419604
9       3       1       0.273744
9       3       2       0.288488
9       3       3       0.57093
9       3       4       0.820759
9       3       5       0.751561
9       3       6       0.683981
9       3       7       0.538454
9       4       0       0.464962
9       4       1       0.528938
9       4       2       0.502454
9       4       3       0.66704
9       4       4       0.750306
9       4       5       0.777733
9       4       6       0.68202
9       4       7       0.609822
9       5       0       0.560349
9       5       1       0.538716
9       5       2       0.548962
9       5       3       0.702442
9       5       4       0.825103
9       5       5       0.8708
9       5       6       0.828136
9       5       7       0.69085
9       6       0       0.678909
9       6       1       0.662646
9       6       2       0.625129
9       6       3       0.758144
9       6       4       0.804524
9       6       5       0.850078
9       6       6       0.812954
9       6       7       0.842813
9       7       0       0.514783
9       7       1       0.40012
9       7       2       0.34869
9       7       3       0.570316
9       7       4       0.846331
9       7       5       0.835505
9       7       6       0.746534
9       7       7       0.606049
9       8       0       0.655735
9       8       1       0.675725
9       8       2       0.663885
9       8       3       0.734821
9       8       4       0.864065
9       8       5       0.867464
9       8       6       0.708509
9       8       7       0.599918
9       9       0       0.638272
9       9       1       0.770033
9       9       2       0.748492
9       9       3       0.782481
9       9       4       0.858977
9       9       5       0.770639
9       9       6       0.761572
9       9       7       0.834697
9       10      0       0.829195
9       10      1       0.781693
9       10      2       0.791988
9       10      3       0.800887
9       10      4       0.799134
9       10      5       0.774542
9       10      6       0.782249
9       10      7       0.892029
9       11      0       0.929717
9       11      1       0.890891
9       11      2       0.850907
9       11      3       0.861054
9       11      4       0.867904
9       11      5       0.870398
9       11      6       0.829125
9       11      7       0.675899
9       12      0       0.713112
9       12      1       0.760522
9       12      2       0.770952
9       12      3       0.84422
9       12      4       0.914413
9       12      5       1.046038
9       12      6       0.789925
9       12      7       0.588856
9       13      0       0.580331
9       13      1       0.669594
9       13      2       0.866689
9       13      3       0.833152
9       13      4       0.9042
9       13      5       1.01916
9       13      6       0.896399
9       13      7       0.676745
9       14      0       0.618375
9       14      1       0.66928
9       14      2       0.616441
9       14      3       0.723281
9       14      4       0.903911
9       14      5       1.048613
9       14      6       0.807256
9       14      7       0.641183
9       15      0       0.670259
9       15      1       0.691676
9       15      2       0.695981
9       15      3       0.722014
9       15      4       0.808756
9       15      5       0.808593
9       15      6       0.745726
9       15      7       0.64796
9       16      0       0.630731
9       16      1       0.605459
9       16      2       0.64704
9       16      3       0.782089
9       16      4       0.925914
9       16      5       0.919946
9       16      6       0.822173
9       16      7       0.734413
9       17      0       0.665337
9       17      1       0.704219
9       17      2       0.819698
9       17      3       0.822278
9       17      4       0.920995
9       17      5       0.924125
9       17      6       0.831019
9       17      7       0.622156
9       18      0       0.558727
9       18      1       0.545526
9       18      2       0.522141
9       18      3       0.687856
9       18      4       0.843621
9       18      5       1.229833
9       18      6       0.880254
9       18      7       0.773699
9       19      0       0.800877
9       19      1       0.809468
9       19      2       0.663198
9       19      3       0.824958
9       19      4       0.854614
9       19      5       1.181406
9       19      6       0.76473
9       19      7       0.535488
9       20      0       0.392312
9       20      1       0.371776
9       20      2       0.400776
9       20      3       0.669057
9       20      4       0.723975
9       20      5       0.724399
9       20      6       0.591996
9       20      7       0.481699
9       21      0       0.514061
9       21      1       0.428709
9       21      2       0.339646
9       21      3       0.641701
9       21      4       1.02096
9       21      5       1.087781
9       21      6       0.755921
9       21      7       0.525933
9       22      0       0.341765
9       22      1       0.261732
9       22      2       0.253068
9       22      3       0.638524
9       22      4       0.7173
9       22      5       0.80116
9       22      6       0.716709
9       22      7       0.432028
9       23      0       0.230656
9       23      1       0.215108
9       23      2       0.224748
9       23      3       0.459189
9       23      4       0.468388
9       23      5       0.536028
9       23      6       0.535067
9       23      7       0.487217
9       24      0       0.343393
9       24      1       0.348286
9       24      2       0.42284
9       24      3       0.74703
9       24      4       0.715754
9       24      5       0.745243
9       24      6       0.826305
9       24      7       0.768258
9       25      0       0.560434
9       25      1       0.614927
9       25      2       0.560829
9       25      3       0.797037
9       25      4       0.822399
9       25      5       0.882654
9       25      6       0.854119
9       25      7       0.693693
9       26      0       0.567805
9       26      1       0.604662
9       26      2       0.640649
9       26      3       0.827375
9       26      4       0.833947
9       26      5       0.861064
9       26      6       0.83311
9       26      7       0.541952
9       27      0       0.406354
9       27      1       0.435049
9       27      2       0.420999
9       27      3       0.646212
9       27      4       0.731991
9       27      5       0.772752
9       27      6       1.093345
9       27      7       0.599658
9       28      0       0.58362
9       28      1       0.592012
9       28      2       0.471764
9       28      3       0.753853
9       28      4       0.739518
9       28      5       0.829013
9       28      6       0.938675
9       28      7       0.933113
9       29      0       0.882057
9       29      1       0.852397
9       29      2       0.700641
9       29      3       0.933187
9       29      4       0.875686
9       29      5       0.987329
9       29      6       0.985975
9       29      7       0.950374
9       30      0       0.846909
9       30      1       0.752475
9       30      2       0.64507
9       30      3       0.957664
9       30      4       0.968176
9       30      5       0.979878
9       30      6       0.952444
9       30      7       1.030678
