####################################################################################################
# Month: 03Mar                                                                                     #
# Station: SKS                                                                                     #
# Frequency: 345 GHz                                                                               #
# Columns are: year    day     tau     Tb (K)                                                      #
####################################################################################################
2009    1       0.59600173      119.415395
2009    2       1.41537788      202.5736
2009    3       1.3189855       198.0692
2009    4       0.96033234      162.36658
2009    5       1.87070744      222.9531375
2009    6       1.49157813      209.8875125
2009    7       1.19521439      174.138025
2009    8       1.7269931       214.04445
2009    9       0.88098302      145.43405625
2009    10      0.30691895      75.3171675
2009    11      0.52105885      109.6348975
2009    12      1.14990997      178.8579875
2009    13      1.21067         180.8066125
2009    14      0.96504302      165.7476875
2009    15      1.00819415      169.808525
2009    16      0.85498016      153.309175
2009    17      0.99274432      167.547425
2009    18      1.07808614      169.1564575
2009    19      0.31938095      75.6786075
2009    20      0.48894378      104.229725
2009    21      1.25162067      188.7483875
2009    22      0.96016862      159.65704375
2009    23      1.40315988      198.541475
2009    24      0.82713189      150.979575
2009    25      0.53900598      112.463935
2009    26      1.06671345      158.3055725
2009    27      0.94156021      147.900135
2009    28      0.52145169      110.7360225
2009    29      1.7772301       209.3879025
2009    30      2.0532325       235.951975
2009    31      2.67092312      254.47715
2010    1       1.66385488      217.7968125
2010    2       0.59670736      117.7429675
2010    3       0.89006125      145.5442725
2010    4       1.4978505       212.293825
2010    5       0.76800088      147.4735625
2010    6       1.31154699      189.6052625
2010    7       2.26304675      239.7057125
2010    8       1.37827526      199.4212
2010    9       1.10593742      181.081025
2010    10      1.78147612      224.36335
2010    11      0.78114339      139.9292625
2010    12      1.47157815      194.568825
2010    13      1.74835025      224.457175
2010    14      2.01913688      233.4481
2010    15      1.36477         199.76025
2010    16      0.67306681      128.31888875
2010    17      0.99400013      161.619825
2010    18      0.55161016      112.1078975
2010    19      0.45634731      99.68444125
2010    20      0.31493816      75.72132375
2010    21      0.26712936      66.8706775
2010    22      0.83114398      147.84958875
2010    23      1.30397775      200.9393125
2010    24      2.12554063      234.6301
2010    25      2.2656685       233.350125
2010    26      1.15749858      185.7759375
2010    27      0.9971128       159.907925
2010    28      0.64888612      117.24346125
2010    29      0.42503185      96.03577625
2010    30      0.72317011      137.8388675
2010    31      1.30610291      198.1920375
2011    1       1.04313849      174.521575
2011    2       1.75547438      219.944175
2011    3       1.72264712      222.2762
2011    4       1.67640487      219.5152375
2011    5       1.43286927      202.9573375
2011    6       0.83292051      148.0353375
2011    7       1.659856        215.1933125
2011    8       1.28381212      188.7652625
2011    9       0.82600819      146.4110125
2011    10      0.34026921      78.93792875
2011    11      0.72409491      137.040415
2011    12      0.41921372      94.8207125
2011    13      0.28691472      71.4628
2011    14      0.58935862      118.95526625
2011    15      0.85223926      155.2113875
2011    16      1.42731338      206.9877
2011    17      2.31702588      242.565525
2011    18      1.99509864      200.0279625
2011    19      0.77603299      146.3187
2011    20      1.59391854      209.111175
2011    21      2.27815838      239.9949625
2011    22      1.11342995      177.0586875
2011    23      0.75323784      141.6418625
2011    24      0.93103146      158.111975
2011    25      0.39185754      91.16751625
2011    26      0.4424446       95.82463375
2011    27      1.27084844      187.9284375
2011    28      0.90745041      159.3311125
2011    29      1.20725769      186.7699125
2011    30      1.79595125      225.88145
2011    31      2.17699388      239.97335
2012    1       0.99427316      164.6815
2012    2       0.59705017      118.98809375
2012    3       0.65026911      127.00590875
2012    4       1.26212215      194.0354875
2012    5       1.42319988      202.80825
2012    6       1.49072162      206.8857125
2012    7       1.20516034      183.3949875
2012    8       1.22908275      190.378475
2012    9       0.88263794      158.6987
2012    10      1.3775216       194.955525
2012    11      1.68743812      214.315175
2012    12      2.15563125      234.9416875
2012    13      1.72424888      216.8711625
2012    14      1.47248017      196.73479125
2012    15      0.51143886      108.7199225
2012    16      0.81425376      141.52574875
2012    17      0.64634294      129.59726625
2012    18      0.46560158      103.85636
2012    19      0.36072622      85.59464
2012    20      0.34457549      80.82158125
2012    21      0.66497032      133.6622375
2012    22      0.41673704      95.09238875
2012    23      0.58845991      121.85350625
2012    24      0.98149496      168.151025
2012    25      0.82606819      150.382875
2012    26      1.10067709      178.1982375
2012    27      1.06202143      175.171325
2012    28      1.05384068      167.8999375
2012    29      0.62445288      126.8414
2012    30      0.51402801      111.45841125
2012    31      0.58593024      120.1986125
2013    1       0.49135934      104.39257875
2013    2       0.84288765      152.21349625
2013    3       1.54838662      206.9788875
2013    4       0.62807323      122.7385975
2013    5       0.25844679      64.96915375
2013    6       0.97204234      157.71229125
2013    7       1.95885875      229.9874
2013    8       1.95231513      229.549775
2013    9       1.4111863       193.8603625
2013    10      1.86162841      226.972075
2013    11      1.14881652      185.155375
2013    12      1.1372431       173.7939225
2013    13      1.62526794      210.678625
2013    14      1.64244075      218.8670625
2013    15      1.29321051      185.3169
2013    16      1.15203676      171.511025
2013    17      0.41461716      91.60852375
2013    18      1.40668609      192.089325
2013    19      1.13317867      178.3251625
2013    20      1.30594789      190.8318
2013    21      1.52105938      211.50985
2013    22      0.56561601      114.7472425
2013    23      0.40695495      90.151465
2013    24      0.4967682       106.9683625
2013    25      1.4601405       203.5201
2013    26      1.19276234      180.890725
2013    27      1.60492575      217.140625
2013    28      1.60943025      215.697075
2013    29      1.84653412      228.667575
2013    30      2.097264        238.269125
2013    31      1.54516812      213.4393
2014    1       1.7494015       220.4654375
2014    2       1.48920029      194.319875
2014    3       2.38488513      241.60705
2014    4       0.95951485      153.72585
2014    5       1.56055542      203.5618125
2014    6       1.2492396       186.88705
2014    7       1.97404212      225.5153875
2014    8       2.08535638      234.2075
2014    9       1.96771812      227.6754125
2014    10      1.33772262      196.0159
2014    11      1.302162        194.785275
2014    12      1.53100638      206.1349875
2014    13      0.26805172      66.87201875
2014    14      0.37065753      87.75966125
2014    15      0.747657        134.7162525
2014    16      1.32806619      197.1538375
2014    17      1.67004609      213.3989
2014    18      0.58225384      121.411655
2014    19      0.33930221      81.68082625
2014    20      0.45820191      103.62232125
2014    21      0.25663766      65.75290875
2014    22      0.33357651      80.1927825
2014    23      0.40388224      91.7338925
2014    24      0.7089259       131.6649025
2014    25      0.71786651      130.45652125
2014    26      0.71435519      137.7212375
2014    27      1.14844646      186.447625
2014    28      0.723087        134.96997375
2014    29      1.0072586       163.18367875
2014    30      0.27737202      68.88583875
2014    31      0.62313011      121.48857
2015    1       1.36026656      193.226425
2015    2       0.93510876      161.0222375
2015    3       1.16485995      184.6987625
2015    4       1.21340458      187.928675
2015    5       1.4089525       204.7405875
2015    6       1.45600925      208.411025
2015    7       1.73810736      219.029875
2015    8       0.95414612      166.8992625
2015    9       1.44284729      198.3890625
2015    10      1.00948732      169.6294625
2015    11      1.49190437      204.104925
2015    12      1.20229154      186.1452875
2015    13      1.7031435       215.003225
2015    14      0.97230396      165.158825
2015    15      0.5535767       116.5246875
2015    16      0.50367257      108.7751125
2015    17      0.80250754      144.06385
2015    18      1.47054612      203.747925
2015    19      0.71231894      137.921225
2015    20      1.05268809      172.8667
2015    21      0.5193821       103.32270625
2015    22      1.2386171       176.75500375
2015    23      1.68012072      197.2496875
2015    24      1.08868174      177.2460875
2015    25      2.60326825      250.980425
2015    26      2.72124375      256.1502125
2015    27      1.36731945      197.871825
2015    28      1.55929698      204.80035
2015    29      1.78192438      222.1408
2015    30      1.01981265      167.6772125
2015    31      1.91683856      221.4788625
2016    1       1.01676339      176.1651125
2016    2       0.90424585      156.457595
2016    3       1.2981503       192.92785
2016    4       1.09567569      172.98185
2016    5       0.26238686      65.630445
2016    6       0.6571629       128.392625
2016    7       1.00274591      171.6054625
2016    8       1.36844725      200.4798
2016    9       1.16787854      183.6667375
2016    10      0.85214958      150.64831125
2016    11      1.05908339      164.56057
2016    12      1.58890062      215.4089125
2016    13      1.68296375      214.7670125
2016    14      1.737687        217.385275
2016    15      1.24211794      189.82945
2016    16      1.47133638      204.551225
2016    17      1.25441821      190.3289
2016    18      1.55448188      209.0797125
2016    19      0.78546142      143.3491125
2016    20      0.71275925      137.0855625
2016    21      0.87837975      156.15325
2016    22      0.93515848      165.6183375
2016    23      1.3096146       187.4039625
2016    24      0.9153048       163.0939
2016    25      0.97794114      167.1032
2016    26      0.47619865      100.91613
2016    27      1.34089398      193.8875625
2016    28      0.62233252      123.99324875
2016    29      1.45985796      200.7010125
2016    30      0.88260311      156.854325
2016    31      0.51137512      112.17290125
2017    1       1.04802875      176.1666
2017    2       0.82818871      145.7788
2017    3       0.86768906      159.7953625
2017    4       0.70188035      140.4216
2017    5       0.59170667      124.860025
2017    6       0.9785823       165.3017125
2017    7       1.51077788      190.9638875
2017    8       1.78764338      218.5001375
2017    9       2.27943963      238.590575
2017    10      2.028644        231.5232
2017    11      2.10992925      232.8686875
2017    12      1.91950595      216.9047125
2017    13      0.71579848      136.3532
2017    14      1.54471986      204.8117125
2017    15      1.21587762      186.1884
2017    16      1.38720146      195.93385
2017    17      0.78583754      146.3873875
2017    18      0.36447598      85.1980525
2017    19      0.51951779      111.10072625
2017    20      0.94938536      168.2147625
2017    21      1.4595533       197.271775
2017    22      2.36513375      240.3700875
2017    23      1.03766712      175.5559625
2017    24      0.4173637       96.215735
2017    25      0.31979159      78.44902125
2017    26      0.58119989      115.7769925
2017    27      1.33631238      198.921425
2017    28      1.93054612      228.7256875
2017    29      1.87005388      227.3945625
2017    30      1.964269        225.1694125
2017    31      1.6715458       211.640325
2018    1       1.2958089       195.153
2018    2       1.22774591      189.3127
2018    3       1.2270516       186.528575
2018    4       1.58569175      217.0666125
2018    5       1.64218554      209.9599625
2018    6       0.94510424      158.15630125
2018    7       2.16108262      238.7584
2018    8       0.94123193      151.45424875
2018    9       0.99598666      163.933475
2018    10      1.00986989      165.0454725
2018    11      0.71058728      139.9260475
2018    12      1.52196856      199.531025
2018    13      0.4980742       101.678595
2018    14      0.84015501      145.62571375
2018    15      1.04659179      163.6684675
2018    16      1.58144576      203.519075
2018    17      0.98776469      172.1247125
2018    18      0.97185674      159.7803125
2018    19      1.12252715      176.8125875
2018    20      0.54325962      108.81324625
2018    21      0.85487821      151.767
2018    22      1.31446225      201.16505
2018    23      1.16296681      183.513375
2018    24      2.1197365       234.6278625
2018    25      1.23251951      187.8755
2018    26      1.13369019      182.3464625
2018    27      1.319037        197.8064
2018    28      1.73283275      217.5774375
2018    29      1.3233538       180.3538
2018    30      0.71618432      141.5281125
2018    31      0.91029366      160.8198875
