####################################################################################################
# Month: 06Jun                                                                                     #
# Station: SUF                                                                                     #
# Frequency: 345 GHz                                                                               #
# Columns are: year    day     tau     Tb (K)                                                      #
####################################################################################################
2009    1       2.03021088      233.85425
2009    2       1.29548925      191.284025
2009    3       1.19945295      183.358975
2009    4       1.85704212      228.2548875
2009    5       1.74137625      222.8660375
2009    6       1.8643555       228.29295
2009    7       2.0223575       234.7347875
2009    8       2.00820525      237.0292875
2009    9       1.4597855       211.037925
2009    10      1.34059062      203.0698125
2009    11      1.68821925      223.7336625
2009    12      1.81054688      229.9586375
2009    13      1.48607498      208.62795
2009    14      0.82571975      156.7192125
2009    15      1.02744131      179.7649
2009    16      1.19628661      192.78965
2009    17      0.52152282      112.97669125
2009    18      1.0844742       182.881425
2009    19      1.29319925      201.808125
2009    20      1.2451255       199.2167375
2009    21      1.5810835       217.0140375
2009    22      1.74331162      228.2651375
2009    23      2.6658225       254.472825
2009    24      2.03278013      239.5961125
2009    25      1.41480275      212.95145
2009    26      1.23928414      198.1859625
2009    27      1.26182088      201.3892875
2009    28      2.18625025      238.970225
2009    29      0.82958712      141.52282375
2009    30      0.46756506      105.9287425
2010    1       2.70570313      256.2607875
2010    2       2.73329862      254.8247625
2010    3       2.04049488      233.0133125
2010    4       1.37828338      204.9219125
2010    5       1.14761946      184.53145
2010    6       2.27316312      244.8001625
2010    7       1.998893        236.5913875
2010    8       2.0101265       238.2832125
2010    9       1.87641575      235.0968
2010    10      1.705943        227.6141625
2010    11      2.11725962      243.0337625
2010    12      2.25900862      247.724725
2010    13      2.10529112      242.884825
2010    14      2.16756675      243.4704125
2010    15      1.88410375      233.7264
2010    16      2.03792025      242.0150625
2010    17      2.49357888      253.30575
2010    18      2.725128        258.5092
2010    19      1.95026738      238.2408375
2010    20      1.76584112      230.72455
2010    21      2.11153062      243.068575
2010    22      1.710205        228.650375
2010    23      2.81319838      257.7748625
2010    24      2.3390705       247.6228
2010    25      1.94934038      236.4092125
2010    26      1.33848489      199.307225
2010    27      0.83061218      155.05205
2010    28      1.43237262      212.8918375
2010    29      1.40701875      209.4061125
2010    30      1.02842936      179.73235
2011    1       0.75896051      147.02745
2011    2       0.91394791      165.0627125
2011    3       1.54343569      212.849775
2011    4       2.20302888      243.7222625
2011    5       1.73215412      225.79515
2011    6       1.85453388      233.7290375
2011    7       2.1805715       244.8535875
2011    8       2.19867         245.927325
2011    9       1.63757712      224.04225
2011    10      2.778726        260.2106
2011    11      3.30224512      268.3305
2011    12      2.77992212      261.1172
2011    13      2.248165        248.107625
2011    14      1.8447965       235.42875
2011    15      1.83214088      234.3721125
2011    16      2.4244135       254.311675
2011    17      2.1717835       246.893275
2011    18      2.062521        241.1107375
2011    19      1.74359538      228.0953875
2011    20      1.2154393       197.240225
2011    21      1.08831236      182.7536625
2011    22      1.91331062      236.636725
2011    23      1.8502415       235.5924875
2011    24      2.3499225       253.2313375
2011    25      2.7514435       257.6008875
2011    26      1.69985012      228.701
2011    27      1.07413662      183.9890625
2011    28      1.11712035      189.5779125
2011    29      1.22030138      197.598275
2011    30      1.32313312      205.5468
2012    1       0.75491099      147.2804
2012    2       0.7132731       143.4825625
2012    3       0.62611141      129.97406125
2012    4       1.75619588      223.0829375
2012    5       1.916087        232.1430625
2012    6       1.20522344      194.5347125
2012    7       1.21483829      194.387125
2012    8       1.31549075      203.792325
2012    9       1.14430425      189.7911375
2012    10      1.00211672      175.5661375
2012    11      1.51857125      215.02975
2012    12      1.871721        232.4478625
2012    13      1.47389025      212.3474125
2012    14      1.02321484      179.4622125
2012    15      1.26017963      198.7135
2012    16      1.61613425      224.2502875
2012    17      1.654217        226.8574
2012    18      1.35184495      205.324925
2012    19      2.0043565       241.40735
2012    20      2.54198512      254.400925
2012    21      2.889454        259.6645375
2012    22      3.34250275      267.2761125
2012    23      2.79458775      259.3331875
2012    24      2.51715938      253.777525
2012    25      2.736335        257.7119375
2012    26      2.37836062      250.8199875
2012    27      2.51404675      253.888975
2012    28      2.27370387      249.9440375
2012    29      1.58779075      224.8262
2012    30      1.351297        209.924975
2013    1       2.23957762      245.9844875
2013    2       2.4370305       251.5693
2013    3       1.9046825       233.3841
2013    4       2.00958825      239.3904
2013    5       1.627616        222.1946
2013    6       0.74374627      145.94704
2013    7       0.67688238      138.53314125
2013    8       0.66744999      135.18307375
2013    9       1.6349129       222.4427125
2013    10      2.06869088      244.5376625
2013    11      1.36339398      205.77325
2013    12      1.13704451      184.725475
2013    13      2.1067295       240.1533625
2013    14      1.23214765      193.9505625
2013    15      1.11321913      186.8308875
2013    16      1.43675089      206.6797875
2013    17      0.63985434      132.4959125
2013    18      0.45670528      104.8267925
2013    19      0.38610208      93.520805
2013    20      0.68965922      136.0871325
2013    21      1.23778964      197.9192875
2013    22      1.35794312      206.9742125
2013    23      1.85660675      236.6565625
2013    24      1.83836162      236.5290625
2013    25      2.25635738      251.9395125
2013    26      2.929405        265.3654375
2013    27      2.70093362      258.04715
2013    28      2.43131125      250.015975
2013    29      2.15319262      243.3379
2013    30      2.13023063      242.007075
2014    1       1.49036475      211.212925
2014    2       0.91033028      160.2770875
2014    3       0.64042125      130.76395
2014    4       0.95466555      163.5261125
2014    5       1.60751175      219.3926375
2014    6       2.79793625      258.0387875
2014    7       2.03167062      237.638725
2014    8       1.23117788      194.315125
2014    9       1.25966238      196.562975
2014    10      1.4938427       211.838275
2014    11      1.770582        228.48215
2014    12      1.6853385       225.5261125
2014    13      1.6596215       227.85805
2014    14      2.87838162      257.5495125
2014    15      3.10016038      261.8723625
2014    16      2.70741325      257.855675
2014    17      1.39146988      209.0217
2014    18      1.29335412      202.8111375
2014    19      1.16066362      192.5047
2014    20      1.0345208       181.842425
2014    21      1.01315762      180.0721875
2014    22      0.75897306      150.9450125
2014    23      0.90038869      168.7538125
2014    24      0.79367131      152.2195175
2014    25      1.151021        194.0382875
2014    26      1.344201        208.5686875
2014    27      1.3784675       211.8795125
2014    28      1.87456738      235.874725
2014    29      1.08995456      180.856745
2014    30      0.9055774       168.034775
2015    1       0.8056223       153.0327625
2015    2       0.88112071      163.5448875
2015    3       0.70310416      141.8663
2015    4       1.06327909      182.2266625
2015    5       0.9283009       168.7261125
2015    6       1.59300625      222.0458375
2015    7       1.28045263      202.8818625
2015    8       1.80590609      219.365775
2015    9       0.37773389      89.7460075
2015    10      0.38918396      93.8947175
2015    11      0.68356725      140.2246
2015    12      1.12106315      186.6568
2015    13      1.91893312      230.3023625
2015    14      1.54137896      206.977225
2015    15      0.7792805       151.944375
2015    16      0.50811061      113.81516375
2015    17      0.50533268      114.37123875
2015    18      1.25278667      194.1432375
2015    19      1.63765562      224.8388625
2015    20      1.52740725      218.1458
2015    21      1.54962588      220.003175
2015    22      1.91831212      235.7380625
2015    23      2.4032415       251.67975
2015    24      2.277658        248.2774875
2015    25      2.16133738      242.4017
2015    26      2.73889362      257.196425
2015    27      2.61861925      256.0461875
2015    28      2.73862762      259.913725
2015    29      2.41908838      254.6959875
2015    30      2.40107412      255.5717875
2016    1       2.14013212      241.359425
2016    2       2.44100088      252.49935
2016    3       2.37713012      245.2508
2016    4       2.19074275      242.0081375
2016    5       1.83214125      232.535725
2016    6       1.74306012      228.943775
2016    7       1.31683541      199.1069375
2016    8       1.54608688      219.4295
2016    9       1.28409363      201.2265625
2016    10      1.99045512      240.0270875
2016    11      1.40074761      205.55815
2016    12      1.10602355      187.0475875
2016    13      1.78273371      222.488675
2016    14      2.49402112      253.5268375
2016    15      3.30495738      264.8344375
2016    16      3.29502838      264.05
2016    17      1.54680344      214.8610125
2016    18      0.98915607      177.2504875
2016    19      1.36418088      207.254625
2016    20      1.53003425      218.6739625
2016    21      1.88062088      233.229625
2016    22      1.414074        207.899975
2016    23      1.29527862      199.4378875
2016    24      1.06509049      182.9702625
2016    25      1.42978486      208.1812125
2016    26      2.57195162      250.0173875
2016    27      2.22905838      245.307
2016    28      1.60121862      221.6427
2016    29      1.31223599      204.769875
2016    30      1.33692091      207.3093875
2017    1       0.71593191      142.2004625
2017    2       1.46689442      203.6721
2017    3       2.3770805       253.056025
2017    4       2.392025        242.8385625
2017    5       1.52749162      216.2745125
2017    6       1.39730413      206.0879
2017    7       0.70776199      141.1958
2017    8       0.84676378      156.090625
2017    9       1.28948         198.7431625
2017    10      1.92524175      235.0401875
2017    11      1.74943525      229.1372625
2017    12      1.94726462      237.60375
2017    13      1.33849162      205.3143
2017    14      2.1446995       242.2036
2017    15      0.95259505      172.6239625
2017    16      1.24324282      191.41265
2017    17      1.9668125       240.0684
2017    18      2.16305275      243.595625
2017    19      2.12500287      244.863875
2017    20      1.78745775      234.0330375
2017    21      1.54221688      220.5736125
2017    22      1.85820738      236.128625
2017    23      2.78332125      262.669325
2017    24      1.99078412      237.6746375
2017    25      1.75692338      229.4482625
2017    26      2.654962        255.452525
2017    27      1.82013188      231.0651375
2017    28      0.98778119      165.735775
2017    29      0.58784131      124.27100625
2017    30      1.51126436      210.1868
2018    1       1.42442388      211.2341125
2018    2       2.567163        255.255225
2018    3       2.9523155       261.5137375
2018    4       2.3122495       245.03625
2018    5       1.39724838      210.1320875
2018    6       1.26314661      196.66585
2018    7       2.10646112      245.0626875
2018    8       1.89393538      235.1528375
2018    9       2.5503425       253.1667875
2018    10      2.26259612      245.109875
2018    11      1.59415287      219.74705
2018    12      1.6113875       220.1551875
2018    13      1.8773035       232.84855
2018    14      2.50915887      252.3595125
2018    15      2.04010312      237.396875
2018    16      1.11708788      187.1430375
2018    17      1.41357038      213.08065
2018    18      1.70689638      227.9307125
2018    19      2.28138438      248.3085
2018    20      2.39697787      250.85345
2018    21      1.66134925      223.42135
2018    22      1.66409162      224.080075
2018    23      2.07619038      241.609175
2018    24      1.50724759      208.0483625
2018    25      1.28569         200.423425
2018    26      1.21320038      195.637925
2018    27      1.25861488      199.3739875
2018    28      1.450639        213.6876625
2018    29      1.39037038      209.9691375
2018    30      1.31948187      205.3834375
