####################################################################################################
# Month: 02Feb                                                                                     #
# Station: ERB                                                                                     #
# Columns are: year    day     segment         RH (percent)                                        #
####################################################################################################
9       1       0       0.864293
9       1       1       0.79911
9       1       2       0.90146
9       1       3       0.947444
9       1       4       0.942415
9       1       5       0.900316
9       1       6       0.896613
9       1       7       1.191703
9       2       0       0.950514
9       2       1       0.848128
9       2       2       0.784214
9       2       3       0.887801
9       2       4       0.88177
9       2       5       0.921951
9       2       6       0.878503
9       2       7       0.822232
9       3       0       0.65265
9       3       1       0.465475
9       3       2       0.412484
9       3       3       0.576955
9       3       4       0.574351
9       3       5       0.572096
9       3       6       0.49165
9       3       7       0.460958
9       4       0       0.468025
9       4       1       0.506822
9       4       2       0.531591
9       4       3       0.545866
9       4       4       0.499433
9       4       5       0.527197
9       4       6       0.537196
9       4       7       0.540279
9       5       0       0.531873
9       5       1       0.428622
9       5       2       0.424448
9       5       3       0.523797
9       5       4       0.542157
9       5       5       0.447256
9       5       6       0.457255
9       5       7       0.512873
9       6       0       0.535832
9       6       1       0.540552
9       6       2       0.541245
9       6       3       0.58686
9       6       4       0.63132
9       6       5       0.633123
9       6       6       0.744757
9       6       7       0.9263
9       7       0       0.891056
9       7       1       0.786147
9       7       2       0.794088
9       7       3       0.874131
9       7       4       0.891715
9       7       5       0.906394
9       7       6       0.901781
9       7       7       0.897859
9       8       0       0.760154
9       8       1       0.64022
9       8       2       0.68597
9       8       3       0.832411
9       8       4       0.833131
9       8       5       0.708202
9       8       6       0.55651
9       8       7       0.155025
9       9       0       0.454805
9       9       1       0.627328
9       9       2       0.819434
9       9       3       0.93448
9       9       4       0.864665
9       9       5       0.563607
9       9       6       0.394479
9       9       7       0.419749
9       10      0       0.472938
9       10      1       0.529816
9       10      2       0.719601
9       10      3       0.831205
9       10      4       0.860747
9       10      5       0.920497
9       10      6       0.945256
9       10      7       0.750735
9       11      0       0.931715
9       11      1       0.900874
9       11      2       0.800321
9       11      3       0.917863
9       11      4       0.86772
9       11      5       0.79572
9       11      6       0.707829
9       11      7       0.591668
9       12      0       0.506593
9       12      1       0.394352
9       12      2       0.259781
9       12      3       0.437169
9       12      4       0.547732
9       12      5       0.42889
9       12      6       0.389862
9       12      7       0.393884
9       13      0       0.466235
9       13      1       0.441241
9       13      2       0.453705
9       13      3       0.477744
9       13      4       0.457289
9       13      5       0.361862
9       13      6       0.256633
9       13      7       0.217639
9       14      0       0.257667
9       14      1       0.296424
9       14      2       0.271951
9       14      3       0.427016
9       14      4       0.476644
9       14      5       0.367958
9       14      6       0.425848
9       14      7       0.551504
9       15      0       0.783324
9       15      1       1.725111
9       15      2       0.829196
9       15      3       0.882785
9       15      4       0.799238
9       15      5       0.777135
9       15      6       0.747439
9       15      7       0.581253
9       16      0       0.533991
9       16      1       0.637218
9       16      2       0.591806
9       16      3       0.596615
9       16      4       0.624509
9       16      5       0.619588
9       16      6       0.831796
9       16      7       0.892357
9       17      0       0.8487
9       17      1       0.747562
9       17      2       0.712039
9       17      3       0.794716
9       17      4       0.755346
9       17      5       0.683592
9       17      6       0.617711
9       17      7       0.612076
9       18      0       0.562492
9       18      1       0.411293
9       18      2       0.401026
9       18      3       0.544965
9       18      4       0.534617
9       18      5       0.473314
9       18      6       0.320946
9       18      7       0.282053
9       19      0       0.29467
9       19      1       0.442888
9       19      2       0.518011
9       19      3       0.572625
9       19      4       0.685183
9       19      5       0.700907
9       19      6       0.639985
9       19      7       0.628715
9       20      0       0.881165
9       20      1       0.965048
9       20      2       0.845929
9       20      3       0.892348
9       20      4       0.838955
9       20      5       0.863286
9       20      6       0.88293
9       20      7       0.751229
9       21      0       0.986317
9       21      1       1.004113
9       21      2       0.985097
9       21      3       0.889784
9       21      4       0.976929
9       21      5       0.993811
9       21      6       0.841268
9       21      7       0.874873
9       22      0       0.98883
9       22      1       0.984398
9       22      2       0.944558
9       22      3       0.975914
9       22      4       0.970306
9       22      5       0.985581
9       22      6       0.980318
9       22      7       0.927137
9       23      0       0.863068
9       23      1       0.713437
9       23      2       0.746962
9       23      3       0.910206
9       23      4       0.935077
9       23      5       0.842723
9       23      6       0.68785
9       23      7       0.857715
9       24      0       0.815736
9       24      1       1.028994
9       24      2       0.933689
9       24      3       0.944179
9       24      4       0.897849
9       24      5       0.885068
9       24      6       0.865789
9       24      7       0.915537
9       25      0       1.231152
9       25      1       0.854388
9       25      2       0.913253
9       25      3       0.965349
9       25      4       0.946777
9       25      5       0.855476
9       25      6       0.738062
9       25      7       0.852418
9       26      0       0.919129
9       26      1       0.936678
9       26      2       0.909398
9       26      3       0.958725
9       26      4       0.96362
9       26      5       0.946191
9       26      6       0.901087
9       26      7       0.756911
9       27      0       0.484638
9       27      1       0.821406
9       27      2       0.918732
9       27      3       0.871182
9       27      4       0.749188
9       27      5       0.985232
9       27      6       0.981995
9       27      7       0.926309
9       28      0       0.987582
9       28      1       0.966365
9       28      2       0.979021
9       28      3       1.015004
9       28      4       0.975091
9       28      5       0.989542
9       28      6       0.987117
9       28      7       1.014383
