####################################################################################################
# Month: 04Apr                                                                                     #
# Station: PER                                                                                     #
# Frequency: 230 GHz                                                                               #
# Columns are: year    day     tau     Tb (K)                                                      #
####################################################################################################
2009    1       0.49262769      109.5400575
2009    2       0.93363136      166.8992125
2009    3       0.79557115      132.95157
2009    4       0.17090442      46.286905
2009    5       0.15061766      41.909885
2009    6       0.15185718      42.08754125
2009    7       0.2384654       61.17908375
2009    8       0.27908701      69.6870725
2009    9       0.45724885      98.56211625
2009    10      0.82429579      150.129655
2009    11      0.6737965       128.5606325
2009    12      0.21258689      54.64933125
2009    13      0.80191875      147.3832275
2009    14      0.55477836      111.77325
2009    15      0.23148444      58.48877
2009    16      0.2811223       69.183175
2009    17      0.34938231      81.69352625
2009    18      0.34130476      81.8642625
2009    19      0.1976129       51.4895525
2009    20      0.1757315       47.44620625
2009    21      0.26978943      67.40867625
2009    22      0.27361001      67.97955125
2009    23      0.2613518       62.5588125
2009    24      1.02608174      172.291575
2009    25      0.84778648      146.4232025
2009    26      0.3497928       79.35507625
2009    27      0.40755464      89.72723875
2009    28      0.22613851      56.81425
2009    29      0.35200842      82.0009375
2009    30      0.19073431      49.9603325
2010    1       0.30033564      73.260305
2010    2       0.34502855      82.35159875
2010    3       0.51426486      110.9634375
2010    4       0.43050658      97.85274125
2010    5       0.48931031      107.5772425
2010    6       0.85067176      152.086975
2010    7       0.69001181      134.924975
2010    8       0.35988216      82.39686375
2010    9       0.40946006      92.278195
2010    10      0.74974466      140.65134
2010    11      0.27911564      64.37023125
2010    12      0.10137099      30.0484125
2010    13      0.12992969      36.89675625
2010    14      0.14746614      40.49702375
2010    15      0.21273918      55.51142875
2010    16      0.2215499       57.806955
2010    17      0.35188372      84.48704625
2010    18      0.49248404      109.2405375
2010    19      0.66915415      134.9801625
2010    20      0.76264635      144.8035125
2010    21      0.49998866      108.93165375
2010    22      0.48988253      107.96316
2010    23      0.7311461       139.77386625
2010    24      0.8660293       149.0562625
2010    25      0.21276772      53.021785
2010    26      0.15191086      40.297245
2010    27      0.4265838       95.02855625
2010    28      0.35416082      83.04624375
2010    29      0.1907103       50.6895525
2010    30      0.28385234      69.9575725
2011    1       0.25773228      64.32512125
2011    2       0.15327966      42.0334075
2011    3       0.2557273       63.81254125
2011    4       0.27501026      69.00305
2011    5       0.30199221      73.79116125
2011    6       0.25100758      63.49958625
2011    7       0.16445457      45.0588875
2011    8       0.11313811      33.2607425
2011    9       0.7600508       139.90032375
2011    10      0.37966641      85.8732275
2011    11      0.36908101      84.55389625
2011    12      0.6894341       131.33437625
2011    13      0.4015717       91.3673525
2011    14      0.50728531      108.815405
2011    15      0.40990834      92.91358125
2011    16      0.1272466       36.24642625
2011    17      0.18403431      49.15769625
2011    18      0.18811745      49.797375
2011    19      0.50227364      105.86698375
2011    20      0.90851604      159.5920375
2011    21      0.48815174      106.26988625
2011    22      0.34278351      79.13016
2011    23      0.33624524      79.80908875
2011    24      0.2563725       63.75619625
2011    25      0.3058896       74.2501525
2011    26      0.18938522      50.24256625
2011    27      0.26985448      66.61979125
2011    28      0.20908561      54.3140525
2011    29      0.18203792      49.04582375
2011    30      0.48541734      106.60439875
2012    1       0.51684456      109.033825
2012    2       0.40211491      87.01299625
2012    3       0.74145305      145.556175
2012    4       0.39064364      92.5228775
2012    5       0.303105        76.3021575
2012    6       0.56896992      107.865975
2012    7       0.10858117      31.65566875
2012    8       0.15003568      41.31016875
2012    9       0.25022867      60.66886625
2012    10      0.17206404      45.59113875
2012    11      0.16373145      44.6162725
2012    12      0.2931873       72.10628375
2012    13      0.16121586      44.012105
2012    14      0.45512726      97.53792125
2012    15      0.34932446      82.554815
2012    16      0.47809179      105.6180075
2012    17      0.67917221      130.24735375
2012    18      1.19314429      190.183075
2012    19      0.94983488      165.0010625
2012    20      0.71747282      141.0913875
2012    21      0.83285285      153.5521625
2012    22      0.74613072      142.254875
2012    23      0.58194071      119.5742475
2012    24      0.50555554      106.71710375
2012    25      0.46113095      99.478975
2012    26      0.39224025      89.5855025
2012    27      0.17392995      46.696005
2012    28      0.16618859      45.1146525
2012    29      0.15581415      42.30953625
2012    30      0.19853448      51.40710125
2013    1       0.27113461      66.49593875
2013    2       0.44707811      99.0040775
2013    3       0.4373956       97.67347125
2013    4       0.43406902      98.18293625
2013    5       0.58493239      122.19158
2013    6       0.76626011      142.794635
2013    7       0.55715605      116.8937375
2013    8       0.65224449      130.4060375
2013    9       0.4445414       99.84795
2013    10      0.42386652      95.42611625
2013    11      0.75337399      144.871225
2013    12      0.52128099      111.76164375
2013    13      0.54639816      114.207735
2013    14      0.72323701      140.806725
2013    15      0.57488807      119.8526375
2013    16      0.44330498      97.37061625
2013    17      0.54869638      115.6010175
2013    18      0.42540479      94.20978125
2013    19      0.37220489      85.7373075
2013    20      0.16849673      44.8935475
2013    21      0.63773568      118.12316125
2013    22      0.39230495      89.517915
2013    23      0.09806571      29.195215
2013    24      0.22115335      56.1050875
2013    25      0.30878389      73.5698125
2013    26      0.32174786      76.95439125
2013    27      0.30365133      71.75519125
2013    28      0.56251759      118.8791875
2013    29      0.79564889      147.7276375
2013    30      0.57273063      119.2153375
2014    1       0.64920918      131.2781875
2014    2       0.74938331      143.9247625
2014    3       1.29873852      198.6426875
2014    4       1.28151554      197.8835125
2014    5       0.71674449      141.54805
2014    6       0.36972245      87.45085125
2014    7       0.42047919      94.28870375
2014    8       1.01206689      169.9345125
2014    9       1.44117638      208.9792875
2014    10      1.34389905      201.24875
2014    11      0.75233462      136.717905
2014    12      0.48215214      106.04602125
2014    13      0.26223019      63.341175
2014    14      0.20741316      53.28548625
2014    15      0.37116274      85.9951325
2014    16      0.32716556      78.32152875
2014    17      0.3088727       75.53332125
2014    18      0.37289774      79.7610125
2014    19      0.14081644      39.211045
2014    20      0.18898884      49.84561875
2014    21      0.63649693      128.21110625
2014    22      0.61597601      125.3414275
2014    23      0.66736142      132.5996125
2014    24      0.13829081      37.867665
2014    25      0.33603813      77.53761125
2014    26      0.3177883       76.6406725
2014    27      0.11564651      33.9801125
2014    28      0.30094283      70.79652625
2014    29      0.74407644      134.95117
2014    30      0.14587184      39.9627125
2015    1       0.78837838      146.96850125
2015    2       0.29202795      66.29893125
2015    3       0.37096121      86.6257625
2015    4       0.85192666      154.824925
2015    5       0.5809925       118.51082375
2015    6       0.8084496       148.724725
2015    7       0.69276366      133.80033125
2015    8       0.30519474      71.3806925
2015    9       0.27436337      67.92318125
2015    10      0.3485788       82.77632875
2015    11      0.42782174      95.73101625
2015    12      0.30972285      72.9633725
2015    13      0.24279392      60.29988
2015    14      0.60866494      125.0017125
2015    15      0.58889525      122.53043125
2015    16      0.59418814      116.94576
2015    17      1.19273675      189.562825
2015    18      0.84424928      144.38505125
2015    19      0.32716021      75.9577275
2015    20      0.15006655      40.3175625
2015    21      0.43200639      92.279595
2015    22      0.68272224      136.2524875
2015    23      0.98327186      168.9405375
2015    24      0.68844041      130.40220375
2015    25      0.60115029      122.14995
2015    26      0.21684245      53.38226
2015    27      0.1177064       33.7630475
2015    28      0.16410036      44.43031875
2015    29      0.19237929      50.6936575
2015    30      0.32909228      77.79940875
2016    1       0.45378582      100.84488125
2016    2       0.22579308      56.98340625
2016    3       0.20839691      54.330545
2016    4       0.27204562      68.19361375
2016    5       0.38023944      89.83936375
2016    6       0.47607189      94.66674125
2016    7       0.34071534      77.574345
2016    8       0.30217246      71.1766925
2016    9       0.20893535      54.3157425
2016    10      0.22396261      56.7646175
2016    11      0.3500138       82.08463
2016    12      0.22038775      57.460035
2016    13      0.20005149      52.53885
2016    14      0.34040872      81.32447625
2016    15      0.8150988       150.1875375
2016    16      0.86266234      155.8655375
2016    17      0.50136479      107.160845
2016    18      0.41787264      95.85624625
2016    19      0.49232982      107.61038375
2016    20      0.48608722      107.18174125
2016    21      0.91305488      162.7829625
2016    22      0.4423447       92.35501375
2016    23      0.21867728      56.76259625
2016    24      0.17480349      47.64064625
2016    25      0.12237066      35.75700375
2016    26      0.09280026      28.44487375
2016    27      0.15394671      41.2411275
2016    28      0.62510417      125.73513375
2016    29      0.96371436      166.4609875
2016    30      0.69932541      129.3332425
2017    1       0.11759918      34.26537
2017    2       0.29279405      71.89401625
2017    3       0.33539405      77.847805
2017    4       0.25294522      63.29953
2017    5       0.30148355      73.2776375
2017    6       0.29563119      72.38082375
2017    7       0.31153669      76.14020625
2017    8       0.67386734      134.09929125
2017    9       0.56005534      113.42726125
2017    10      0.48273669      98.269155
2017    11      0.17626912      47.68021
2017    12      0.33749091      80.3673275
2017    13      0.27471656      68.23348625
2017    14      0.14775907      41.200775
2017    15      0.11000714      31.9275475
2017    16      0.41883156      93.96578625
2017    17      0.54858061      114.7182125
2017    18      0.407525        93.71933625
2017    19      0.27357211      68.176255
2017    20      0.42910311      94.5608175
2017    21      0.99010308      170.022575
2017    22      0.67343909      132.91791375
2017    23      0.47945571      105.2583675
2017    24      0.92738304      157.93558875
2017    25      0.89746141      155.57584
2017    26      0.4549975       94.3729375
2017    27      0.28425001      69.7784375
2017    28      0.27147439      66.6133525
2017    29      0.1305694       36.66827375
2017    30      0.12632272      35.58216125
2018    1       0.48129874      103.31279
2018    2       0.27640325      69.30797
2018    3       0.26906355      68.26468625
2018    4       0.35698786      85.42249875
2018    5       0.45336774      100.43786625
2018    6       0.14269017      40.4268925
2018    7       0.13002434      37.332355
2018    8       0.34500772      80.37094375
2018    9       0.48649725      107.03212375
2018    10      0.843637        156.19495
2018    11      0.59387167      124.9029
2018    12      0.56276867      119.7724875
2018    13      0.65117637      125.95340375
2018    14      0.52732533      111.38770375
2018    15      0.78143671      150.145725
2018    16      0.39152553      86.99651875
2018    17      0.11090524      32.184035
2018    18      0.22557111      55.8034925
2018    19      0.48814516      106.52325375
2018    20      0.3694591       87.387505
2018    21      0.36332631      85.57294
2018    22      0.35694924      83.5503875
2018    23      0.23523726      60.68933375
2018    24      0.45329388      102.31745875
2018    25      0.5699191       117.3204825
2018    26      0.2196963       55.90750375
2018    27      0.35127826      82.4151475
2018    28      0.22418726      57.83003625
2018    29      0.28568085      68.8676075
2018    30      0.33129521      79.95154125
