####################################################################################################
# Month: 09Sep                                                                                     #
# Station: JELM                                                                                    #
# Columns are: year    day     windspeed (m/s)                                                     #
####################################################################################################
2009    1       8.92859388
2009    2       7.47562112
2009    3       4.37914738
2009    4       3.65778688
2009    5       2.197934
2009    6       6.36765725
2009    7       7.11878612
2009    8       8.01906412
2009    9       4.22894825
2009    10      4.39586138
2009    11      4.59533738
2009    12      3.03371212
2009    13      10.34454
2009    14      8.30801788
2009    15      3.48332675
2009    16      8.75484713
2009    17      5.45568975
2009    18      3.66265012
2009    19      3.18779438
2009    20      9.8631285
2009    21      11.335462
2009    22      9.90435838
2009    23      13.94514013
2009    24      9.0171585
2009    25      9.54802137
2009    26      12.07424975
2009    27      15.24166187
2009    28      7.21462675
2009    29      10.56956312
2009    30      18.27424037
