####################################################################################################
# Month: 08Aug                                                                                     #
# Station: BAJA                                                                                    #
# Columns are: year    day     RH (percent)                                                        #
####################################################################################################
9       1       0.24365338
9       2       0.50226462
9       3       0.49342125
9       4       0.56114312
9       5       0.4383245
9       6       0.42605762
9       7       0.22527038
9       8       0.09451125
9       9       0.06436887
9       10      0.20937862
9       11      0.29710688
9       12      0.3713605
9       13      0.63130088
9       14      0.50144462
9       15      0.2678815
9       16      0.132344
9       17      0.15813213
9       18      0.24644025
9       19      0.42332638
9       20      0.62931125
9       21      0.65534025
9       22      0.84994975
9       23      0.68005675
9       24      0.51194788
9       25      0.63255338
9       26      0.50258
9       27      0.37622725
9       28      0.36301325
9       29      0.35945675
9       30      0.42022338
9       31      0.46370638
