####################################################################################################
# Month: 03Mar                                                                                     #
# Station: JELM                                                                                    #
# Columns are: year    day     segment         windspeed (m/s)                                     #
####################################################################################################
2009    1       0       13.182699
2009    1       1       12.146104
2009    1       2       10.228865
2009    1       3       11.181575
2009    1       4       13.029878
2009    1       5       14.691323
2009    1       6       16.458241
2009    1       7       17.304954
2009    2       0       18.005642
2009    2       1       18.469571
2009    2       2       18.714267
2009    2       3       21.43125
2009    2       4       22.77646
2009    2       5       20.014522
2009    2       6       17.90814
2009    2       7       16.98276
2009    3       0       17.505008
2009    3       1       18.408642
2009    3       2       22.983827
2009    3       3       24.991665
2009    3       4       24.042527
2009    3       5       22.11971
2009    3       6       19.266239
2009    3       7       18.109851
2009    4       0       17.943928
2009    4       1       19.089194
2009    4       2       21.934534
2009    4       3       24.316392
2009    4       4       23.361379
2009    4       5       22.162389
2009    4       6       20.737685
2009    4       7       20.315449
2009    5       0       21.031799
2009    5       1       22.501513
2009    5       2       20.048826
2009    5       3       20.405187
2009    5       4       23.158045
2009    5       5       22.866431
2009    5       6       17.591533
2009    5       7       18.161104
2009    6       0       20.139139
2009    6       1       16.867405
2009    6       2       15.965107
2009    6       3       15.252536
2009    6       4       13.933493
2009    6       5       14.113333
2009    6       6       12.660362
2009    6       7       11.308443
2009    7       0       10.490802
2009    7       1       8.297694
2009    7       2       6.996544
2009    7       3       7.31857
2009    7       4       6.576628
2009    7       5       6.398879
2009    7       6       5.214856
2009    7       7       7.677369
2009    8       0       12.532724
2009    8       1       17.769994
2009    8       2       21.590241
2009    8       3       23.735415
2009    8       4       23.339398
2009    8       5       21.281397
2009    8       6       20.417235
2009    8       7       17.219163
2009    9       0       15.966494
2009    9       1       17.048911
2009    9       2       20.08035
2009    9       3       21.655634
2009    9       4       22.054064
2009    9       5       17.74824
2009    9       6       13.115391
2009    9       7       12.044462
2009    10      0       14.215952
2009    10      1       20.445574
2009    10      2       19.517757
2009    10      3       13.049556
2009    10      4       16.484231
2009    10      5       20.028727
2009    10      6       20.687426
2009    10      7       21.627651
2009    11      0       23.98729
2009    11      1       24.017204
2009    11      2       23.490081
2009    11      3       22.325574
2009    11      4       19.70325
2009    11      5       18.100518
2009    11      6       14.539784
2009    11      7       11.572357
2009    12      0       11.244544
2009    12      1       10.556021
2009    12      2       12.684124
2009    12      3       14.393179
2009    12      4       14.232799
2009    12      5       11.81851
2009    12      6       9.168867
2009    12      7       8.149384
2009    13      0       7.235163
2009    13      1       6.158908
2009    13      2       7.170619
2009    13      3       6.404575
2009    13      4       7.289997
2009    13      5       6.717289
2009    13      6       5.023511
2009    13      7       3.128134
2009    14      0       1.385643
2009    14      1       1.452943
2009    14      2       2.505795
2009    14      3       3.287768
2009    14      4       4.52205
2009    14      5       5.756879
2009    14      6       6.512736
2009    14      7       7.465334
2009    15      0       9.524611
2009    15      1       9.15851
2009    15      2       9.910727
2009    15      3       13.381775
2009    15      4       14.525688
2009    15      5       15.911969
2009    15      6       16.350284
2009    15      7       16.452574
2009    16      0       18.168457
2009    16      1       19.692525
2009    16      2       20.292346
2009    16      3       21.381153
2009    16      4       20.876347
2009    16      5       21.924315
2009    16      6       19.689878
2009    16      7       18.135714
2009    17      0       18.692722
2009    17      1       19.072
2009    17      2       20.186991
2009    17      3       20.281133
2009    17      4       20.261138
2009    17      5       19.568153
2009    17      6       15.683962
2009    17      7       14.377782
2009    18      0       15.495614
2009    18      1       15.671605
2009    18      2       16.985624
2009    18      3       17.839435
2009    18      4       14.660538
2009    18      5       10.281633
2009    18      6       7.962896
2009    18      7       8.50258
2009    19      0       7.902347
2009    19      1       5.996811
2009    19      2       6.492571
2009    19      3       8.216591
2009    19      4       6.619237
2009    19      5       4.844328
2009    19      6       7.006939
2009    19      7       8.787081
2009    20      0       9.382166
2009    20      1       10.102878
2009    20      2       11.519019
2009    20      3       12.103379
2009    20      4       12.222257
2009    20      5       9.238771
2009    20      6       7.045105
2009    20      7       7.119725
2009    21      0       4.843378
2009    21      1       4.648114
2009    21      2       6.462247
2009    21      3       7.434668
2009    21      4       6.995241
2009    21      5       7.390556
2009    21      6       8.155141
2009    21      7       8.679966
2009    22      0       8.506768
2009    22      1       9.551795
2009    22      2       14.42643
2009    22      3       18.081519
2009    22      4       19.873515
2009    22      5       18.362723
2009    22      6       12.437593
2009    22      7       9.554479
2009    23      0       7.206459
2009    23      1       4.150024
2009    23      2       12.469882
2009    23      3       14.876872
2009    23      4       16.694418
2009    23      5       13.945837
2009    23      6       14.72664
2009    23      7       14.862179
2009    24      0       15.759487
2009    24      1       16.573264
2009    24      2       18.24926
2009    24      3       22.012549
2009    24      4       22.442722
2009    24      5       18.281821
2009    24      6       13.043562
2009    24      7       11.471367
2009    25      0       12.625055
2009    25      1       15.410165
2009    25      2       13.790798
2009    25      3       11.010875
2009    25      4       10.232618
2009    25      5       11.383374
2009    25      6       12.137857
2009    25      7       14.479753
2009    26      0       15.398852
2009    26      1       11.770057
2009    26      2       4.971407
2009    26      3       6.408587
2009    26      4       6.429166
2009    26      5       16.331746
2009    26      6       14.138301
2009    26      7       11.772112
2009    27      0       11.535024
2009    27      1       12.744217
2009    27      2       10.953327
2009    27      3       8.890516
2009    27      4       6.84164
2009    27      5       4.383865
2009    27      6       4.715973
2009    27      7       8.625696
2009    28      0       14.269239
2009    28      1       16.85513
2009    28      2       14.791401
2009    28      3       12.69747
2009    28      4       11.976634
2009    28      5       15.14002
2009    28      6       16.160261
2009    28      7       17.400209
2009    29      0       17.956094
2009    29      1       17.656421
2009    29      2       18.696816
2009    29      3       19.563555
2009    29      4       21.322678
2009    29      5       24.588039
2009    29      6       21.700146
2009    29      7       18.216258
2009    30      0       10.507034
2009    30      1       14.11842
2009    30      2       17.311644
2009    30      3       15.423884
2009    30      4       15.181788
2009    30      5       11.431611
2009    30      6       12.091695
2009    30      7       14.226658
2009    31      0       15.967097
2009    31      1       17.171087
2009    31      2       18.959976
2009    31      3       19.662329
2009    31      4       19.315569
2009    31      5       19.136409
2009    31      6       17.487749
2009    31      7       16.776927
