####################################################################################################
# Month: 07Jul                                                                                     #
# Station: RPU                                                                                     #
# Columns are: year    day     segment         windspeed (m/s)                                     #
####################################################################################################
2009    1       0       14.455266
2009    1       1       12.978136
2009    1       2       12.060464
2009    1       3       9.94894
2009    1       4       9.352412
2009    1       5       9.047111
2009    1       6       8.322823
2009    1       7       6.938576
2009    2       0       6.018507
2009    2       1       5.918015
2009    2       2       8.581843
2009    2       3       12.63143
2009    2       4       18.936154
2009    2       5       18.651589
2009    2       6       15.046437
2009    2       7       15.746169
2009    3       0       14.60926
2009    3       1       11.526846
2009    3       2       9.863223
2009    3       3       9.171494
2009    3       4       9.452271
2009    3       5       7.712423
2009    3       6       5.41814
2009    3       7       6.885716
2009    4       0       8.398342
2009    4       1       7.932319
2009    4       2       8.257277
2009    4       3       10.075357
2009    4       4       7.287991
2009    4       5       5.677088
2009    4       6       7.225562
2009    4       7       9.646333
2009    5       0       10.653577
2009    5       1       11.33407
2009    5       2       11.764602
2009    5       3       11.832868
2009    5       4       9.618201
2009    5       5       6.262182
2009    5       6       6.056539
2009    5       7       8.679751
2009    6       0       8.303271
2009    6       1       7.769189
2009    6       2       7.673543
2009    6       3       8.605933
2009    6       4       11.278894
2009    6       5       15.143708
2009    6       6       15.241341
2009    6       7       14.115955
2009    7       0       14.161102
2009    7       1       15.008948
2009    7       2       14.10593
2009    7       3       15.8941
2009    7       4       17.776809
2009    7       5       18.153195
2009    7       6       15.805494
2009    7       7       11.701675
2009    8       0       9.133409
2009    8       1       7.129517
2009    8       2       5.764759
2009    8       3       5.665894
2009    8       4       5.294277
2009    8       5       6.064947
2009    8       6       7.066844
2009    8       7       6.789264
2009    9       0       5.120859
2009    9       1       5.143098
2009    9       2       6.08067
2009    9       3       5.588129
2009    9       4       5.211118
2009    9       5       4.047106
2009    9       6       4.277404
2009    9       7       3.186182
2009    10      0       2.062407
2009    10      1       1.984902
2009    10      2       1.404471
2009    10      3       0.911492
2009    10      4       1.303846
2009    10      5       2.903808
2009    10      6       3.761637
2009    10      7       5.186636
2009    11      0       6.467399
2009    11      1       8.811333
2009    11      2       11.475725
2009    11      3       15.260805
2009    11      4       16.124689
2009    11      5       17.930582
2009    11      6       21.81845
2009    11      7       23.03998
2009    12      0       23.7417
2009    12      1       25.262573
2009    12      2       24.119119
2009    12      3       21.420198
2009    12      4       18.153627
2009    12      5       16.297758
2009    12      6       15.490002
2009    12      7       13.963331
2009    13      0       9.702125
2009    13      1       5.937108
2009    13      2       2.329804
2009    13      3       3.532774
2009    13      4       6.711608
2009    13      5       8.090218
2009    13      6       9.91981
2009    13      7       10.536506
2009    14      0       11.922951
2009    14      1       14.834398
2009    14      2       23.910338
2009    14      3       25.01796
2009    14      4       22.06304
2009    14      5       20.768024
2009    14      6       21.504427
2009    14      7       21.42592
2009    15      0       20.492411
2009    15      1       18.019252
2009    15      2       14.922133
2009    15      3       12.714586
2009    15      4       12.747924
2009    15      5       11.041622
2009    15      6       9.367098
2009    15      7       9.252825
2009    16      0       8.667385
2009    16      1       8.131874
2009    16      2       6.834094
2009    16      3       5.969101
2009    16      4       6.717077
2009    16      5       6.750507
2009    16      6       7.703433
2009    16      7       9.741209
2009    17      0       9.581996
2009    17      1       6.725225
2009    17      2       3.959359
2009    17      3       2.614715
2009    17      4       4.470617
2009    17      5       8.626418
2009    17      6       14.886788
2009    17      7       19.325453
2009    18      0       15.228086
2009    18      1       16.534333
2009    18      2       18.55385
2009    18      3       22.282343
2009    18      4       23.933621
2009    18      5       26.838628
2009    18      6       29.909723
2009    18      7       29.20723
2009    19      0       27.788677
2009    19      1       27.501543
2009    19      2       27.966926
2009    19      3       31.382774
2009    19      4       25.504446
2009    19      5       22.527847
2009    19      6       19.785888
2009    19      7       16.209484
2009    20      0       14.527662
2009    20      1       13.686929
2009    20      2       12.742461
2009    20      3       12.1076
2009    20      4       11.687224
2009    20      5       10.898119
2009    20      6       11.493176
2009    20      7       12.788524
2009    21      0       16.282754
2009    21      1       21.341934
2009    21      2       24.777435
2009    21      3       25.804055
2009    21      4       25.747281
2009    21      5       26.538103
2009    21      6       25.206614
2009    21      7       25.123615
2009    22      0       25.678301
2009    22      1       23.552332
2009    22      2       20.322781
2009    22      3       18.766627
2009    22      4       16.913425
2009    22      5       14.698127
2009    22      6       14.809175
2009    22      7       21.401833
2009    23      0       24.720823
2009    23      1       31.925667
2009    23      2       32.591459
2009    23      3       36.034846
2009    23      4       30.228892
2009    23      5       24.373165
2009    23      6       20.174862
2009    23      7       15.231971
2009    24      0       9.742681
2009    24      1       5.109741
2009    24      2       5.210335
2009    24      3       6.056628
2009    24      4       4.19857
2009    24      5       8.024582
2009    24      6       7.403059
2009    24      7       6.674558
2009    25      0       4.829569
2009    25      1       3.829313
2009    25      2       2.676339
2009    25      3       1.507423
2009    25      4       1.077979
2009    25      5       1.152687
2009    25      6       1.101339
2009    25      7       0.793295
2009    26      0       0.312527
2009    26      1       1.127199
2009    26      2       1.396388
2009    26      3       1.182668
2009    26      4       0.939013
2009    26      5       2.046134
2009    26      6       2.355795
2009    26      7       1.447398
2009    27      0       0.767682
2009    27      1       1.793486
2009    27      2       2.327856
2009    27      3       3.356501
2009    27      4       4.26067
2009    27      5       5.257974
2009    27      6       6.447148
2009    27      7       5.950043
2009    28      0       6.444538
2009    28      1       6.378676
2009    28      2       9.105214
2009    28      3       9.212608
2009    28      4       8.513643
2009    28      5       9.449608
2009    28      6       13.64182
2009    28      7       12.910522
2009    29      0       8.822337
2009    29      1       6.539948
2009    29      2       7.267117
2009    29      3       8.70843
2009    29      4       9.129333
2009    29      5       9.580088
2009    29      6       13.50994
2009    29      7       16.859629
2009    30      0       17.642169
2009    30      1       14.886446
2009    30      2       14.742157
2009    30      3       13.395436
2009    30      4       13.148297
2009    30      5       14.5364
2009    30      6       15.378705
2009    30      7       16.537996
2009    31      0       17.819016
2009    31      1       20.397619
2009    31      2       21.259696
2009    31      3       20.110894
2009    31      4       21.997675
2009    31      5       23.157451
2009    31      6       22.978714
2009    31      7       22.253845
