####################################################################################################
# Month: 12Dec                                                                                     #
# Station: KVNYS                                                                                   #
# Frequency: 345 GHz                                                                               #
# Columns are: year    day     tau     Tb (K)                                                      #
####################################################################################################
2009    1       1.74577488      221.4786875
2009    2       2.56292038      245.739925
2009    3       2.269           236.4757375
2009    4       2.421806        235.3012375
2009    5       0.87791838      150.2309
2009    6       0.64925251      127.843515
2009    7       1.18600125      184.4719375
2009    8       3.062657        256.76525
2009    9       3.16500437      258.9830125
2009    10      4.18155888      269.9355625
2009    11      3.67346304      242.947135
2009    12      0.78204121      143.55017875
2009    13      1.41514348      190.0865625
2009    14      0.52389661      108.33597625
2009    15      0.54767359      110.937635
2009    16      0.64465353      123.31747625
2009    17      0.63585086      119.70955
2009    18      0.53900092      107.9827475
2009    19      0.82320985      143.24843
2009    20      0.67408502      124.98477875
2009    21      1.25895862      177.14574125
2009    22      2.54648975      244.66215
2009    23      1.36971565      182.66560125
2009    24      1.81819367      218.5496875
2009    25      1.42536981      178.3419825
2009    26      0.47707696      101.42284375
2009    27      0.87429041      147.92240875
2009    28      0.63217744      122.52434125
2009    29      2.16261975      228.114775
2009    30      0.77880854      133.28976125
2009    31      0.57680228      113.35197875
2010    1       2.92925475      256.6039125
2010    2       4.10737702      247.13185
2010    3       1.05894075      170.6203125
2010    4       3.33274587      261.416125
2010    5       4.688137        268.3527625
2010    6       0.97061829      165.5783875
2010    7       1.47166588      194.9730875
2010    8       1.72793425      204.69315
2010    9       1.07100808      173.4187125
2010    10      2.22241408      220.078175
2010    11      0.82355724      147.5043875
2010    12      1.28202054      190.971625
2010    13      1.90321162      226.718175
2010    14      0.538848        109.85829
2010    15      0.59950566      118.9060125
2010    16      1.33443285      186.6542
2010    17      1.32697721      191.1639125
2010    18      2.11313988      231.969875
2010    19      2.19448951      217.5086
2010    20      0.66492274      131.31042625
2010    21      1.87156729      217.9900125
2010    22      2.02445339      222.7650875
2010    23      0.44185299      91.7287325
2010    24      0.39596379      86.4478675
2010    25      0.58685186      116.8698
2010    26      1.13016382      173.984175
2010    27      1.82276075      217.2940875
2010    28      1.09265295      167.672475
2010    29      1.58778225      201.9736
2010    30      0.94626085      155.0621125
2010    31      0.88872969      151.03965
2011    1       1.546227        211.3123875
2011    2       2.523213        244.5134
2011    3       2.02530381      225.1851375
2011    4       0.82401579      146.2765
2011    5       1.02403399      159.62381375
2011    6       1.95875362      225.336
2011    7       1.86325538      218.894475
2011    8       1.36214708      192.8445625
2011    9       0.99069634      156.6261125
2011    10      1.35893413      194.940025
2011    11      1.9489035       228.2445625
2011    12      0.72628501      131.387685
2011    13      0.75103435      128.45947875
2011    14      1.62889054      172.14750125
2011    15      0.59720854      117.58761625
2011    16      0.48238682      100.9894275
2011    17      1.00214781      161.32354375
2011    18      0.57028011      115.26204875
2011    19      0.77987335      140.8996625
2011    20      1.62239606      203.2078875
2011    21      1.41315341      184.51665125
2011    22      0.38289946      85.3397225
2011    23      1.34006122      178.3152375
2011    24      0.53504931      108.08964625
2011    25      0.44195728      93.5898375
2011    26      0.52037985      107.6102125
2011    27      1.4437152       196.5166375
2011    28      2.04513015      213.8091625
2011    29      0.95561786      157.06752625
2011    30      0.86048371      147.671435
2011    31      1.67103813      212.2098625
2012    1       1.51006115      196.0912375
2012    2       2.23724712      237.9128125
2012    3       1.81586946      198.40665
2012    4       0.93674919      157.2062875
2012    5       1.24656898      166.9101975
2012    6       1.21891391      178.1269375
2012    7       1.37663972      181.44693375
2012    8       0.70842208      130.8802875
2012    9       0.85810412      148.117075
2012    10      0.74673617      137.13735
2012    11      0.74717086      137.8034875
2012    12      0.8094598       141.7389
2012    13      1.88247975      225.3375875
2012    14      3.92386125      265.171425
2012    15      1.7679013       210.20455
2012    16      1.45607738      191.154275
2012    17      0.84979341      146.214295
2012    18      0.4632054       97.66989625
2012    19      0.60151849      117.5842425
2012    20      1.09163082      173.7508
2012    21      1.84516662      218.9948625
2012    22      0.72167424      132.99873
2012    23      0.54976746      109.8966225
2012    24      1.01967121      161.2816375
2012    25      0.33673632      76.804695
2012    26      0.34180752      79.70749625
2012    27      1.43929255      200.3893625
2012    28      2.469857        239.8200125
2012    29      2.4644655       222.127625
2012    30      0.65467481      125.02130875
2012    31      1.12114672      171.3219625
2013    1       1.25513975      179.589175
2013    2       2.16464288      238.3990875
2013    3       2.06311475      233.0388625
2013    4       1.82845         225.3355875
2013    5       1.44500898      185.336725
2013    6       1.77279125      207.67856625
2013    7       2.51965875      247.6963375
2013    8       3.08582738      258.0477625
2013    9       2.7810485       244.0127875
2013    10      1.54393856      202.947425
2013    11      1.11395182      172.706
2013    12      1.43710594      180.4571375
2013    13      0.86445315      150.7894
2013    14      0.92427829      158.9954
2013    15      0.6885175       132.1452875
2013    16      0.69018974      131.705925
2013    17      1.84378325      221.8348125
2013    18      1.897047        220.1780875
2013    19      1.15140379      175.2567875
2013    20      1.43658662      199.7550625
2013    21      0.8218191       147.302625
2013    22      1.13704088      175.9692125
2013    23      0.8317351       149.33425
2013    24      1.35830562      195.888325
2013    25      1.45663469      194.426025
2013    26      1.45946989      189.4355625
2013    27      0.59833301      118.2245375
2013    28      0.90530144      154.7224
2013    29      1.4153731       198.7038625
2013    30      1.59536575      212.47345
2013    31      1.61189036      208.409225
2014    1       0.83783729      141.2448
2014    2       0.90020796      148.35211375
2014    3       1.02854725      166.1247125
2014    4       0.7842519       138.8837875
2014    5       0.69536338      130.14125
2014    6       0.77265359      140.96885
2014    7       1.20344396      179.6770125
2014    8       0.59230775      116.94829
2014    9       0.6362754       124.03470875
2014    10      2.1860935       230.423175
2014    11      0.75401534      138.3703
2014    12      1.08028561      165.239075
2014    13      0.61326311      120.577375
2014    14      1.57130732      203.483725
2014    15      2.52904125      235.7052625
2014    16      0.61344574      118.3484775
2014    17      0.41621608      90.52791375
2014    18      0.66229769      124.8310625
2014    19      2.42726975      229.3808
2014    20      0.72240984      134.964375
2014    21      0.92177989      153.8570625
2014    22      1.26220646      188.2773
2014    23      2.43480988      241.886975
2014    24      1.0301826       155.79648375
2014    25      0.66218728      127.720675
2014    26      0.64936101      127.24227375
2014    27      1.2049041       181.2545375
2014    28      2.39326212      240.3664
2014    29      2.02030875      224.424775
2014    30      1.013908        166.9040375
2014    31      0.65010376      124.178875
2015    1       1.64782833      194.4043125
2015    2       2.7342125       235.4532375
2015    3       1.55885425      203.8694625
2015    4       1.6082135       212.0604375
2015    5       0.93480592      148.83179125
2015    6       0.50972522      106.21600875
2015    7       1.85033638      222.1096
2015    8       0.87839219      159.43085
2015    9       2.945362        244.260025
2015    10      3.5950515       264.0615125
2015    11      1.42688004      200.4256375
2015    12      1.686822        220.536875
2015    13      1.93483538      232.132925
2015    14      3.04921988      256.4223625
2015    15      1.74507312      215.1029875
2015    16      0.97306089      158.8769125
2015    17      0.678661        128.78641875
2015    18      1.47916212      200.5827125
2015    19      0.67429079      130.950625
2015    20      1.9668785       226.45015
2015    21      1.79499075      206.2435625
2015    22      1.945991        220.9910125
2015    23      1.68211288      215.7563875
2015    24      0.71768802      132.9515
2015    25      1.52369555      185.17305375
2015    26      1.22778608      158.24126625
2015    27      0.31802592      74.33447
2015    28      0.57524314      114.03889
2015    29      1.2855666       185.024575
2015    30      2.33462412      235.8106125
2015    31      1.10644126      173.7957125
2016    1       0.74498429      141.93475
2016    2       1.30511044      193.536425
2016    3       1.31543875      194.9653
2016    4       3.25457525      259.557275
2016    5       1.84174868      190.4879875
2016    6       1.44776254      183.3339875
2016    7       1.51231946      182.04205
2016    8       2.63428088      243.2985375
2016    9       0.821629        139.24822625
2016    10      0.63325521      125.39283875
2016    11      0.71114232      134.2536375
2016    12      2.00128362      230.6671875
2016    13      1.91966512      225.53585
2016    14      1.44051989      194.12645
2016    15      0.56496848      113.3823325
2016    16      1.44791596      184.66526875
2016    17      2.62780713      247.36315
2016    18      3.59604638      264.501975
2016    19      4.50698688      270.26065
2016    20      2.82537388      257.7899375
2016    21      5.01902962      270.96845
2016    22      3.09862438      242.9630875
2016    23      1.391996        196.8397875
2016    24      1.4559275       203.179725
2016    25      1.67383288      213.8875875
2016    26      2.3567965       238.6661875
2016    27      1.05758174      162.981475
2016    28      0.96217805      160.00635
2016    29      0.50107031      105.368675
2016    30      1.63464586      205.4083125
2016    31      1.78417775      220.104525
2017    1       1.18117627      180.5436375
2017    2       2.33883037      233.3908875
2017    3       2.10460562      220.5570125
2017    4       0.58029771      115.45860125
2017    5       1.27562281      180.4485
2017    6       1.67791286      209.0857375
2017    7       0.96045001      159.5924875
2017    8       1.14029692      171.7101125
2017    9       1.8546225       216.9333125
2017    10      1.68482311      180.7430125
2017    11      0.52388575      106.40584375
2017    12      0.50499174      104.4378325
2017    13      0.37134864      84.55648625
2017    14      0.67535376      128.0666625
2017    15      1.52339642      191.1413875
2017    16      0.57411891      114.1312825
2017    17      1.2520247       177.0792
2017    18      1.28354784      183.8519875
2017    19      0.76339989      136.35780125
2017    20      1.6179914       203.464375
2017    21      1.63241218      212.2005375
2017    22      2.49261713      246.0366375
2017    23      2.8682885       246.635575
2017    24      1.87241161      195.732375
2017    25      1.05684105      164.71155
2017    26      0.36524668      82.55244375
2017    27      0.74949828      136.64847375
2017    28      2.11563238      231.15955
2017    29      1.25228455      186.593
2017    30      1.98763975      223.9361375
2017    31      0.72163116      135.9865375
2018    1       1.48738337      209.172125
2018    2       3.62351038      263.08145
2018    3       6.4510645       279.4061
2018    4       1.56694142      156.9144275
2018    5       1.39871441      188.3587625
2018    6       1.03660082      161.261025
2018    7       0.50974656      105.24775375
2018    8       0.47923336      99.6094675
2018    9       0.73382669      134.77832625
2018    10      0.95593985      161.5345875
2018    11      1.2946573       186.6622875
2018    12      1.0173528       151.643055
2018    13      0.97914131      155.4016875
2018    14      0.51759284      108.5305075
2018    15      1.59919026      194.83865
2018    16      2.48274844      234.6068375
2018    17      1.17732974      181.7406375
2018    18      1.83702687      223.4698375
2018    19      1.20031405      185.860075
2018    20      1.51470675      209.98905
2018    21      3.26417325      250.153775
2018    22      1.61257265      209.0462
2018    23      0.74703201      132.82502
2018    24      1.07285578      166.77705125
2018    25      1.84110326      212.3262875
2018    26      0.48752226      100.6034675
2018    27      0.3722484       83.2402225
2018    28      0.33307664      76.52792375
2018    29      0.45392936      97.18595875
2018    30      0.52208588      109.08987625
2018    31      0.77256202      138.6803125
