####################################################################################################
# Month: 12Dec                                                                                     #
# Station: NOB                                                                                     #
# Frequency: 230 GHz                                                                               #
# Columns are: year    day     tau     Tb (K)                                                      #
####################################################################################################
2009    1       0.36922604      85.5814425
2009    2       0.33150904      78.224985
2009    3       0.89884775      159.6893625
2009    4       0.57065554      118.14200875
2009    5       0.73909362      139.58137
2009    6       0.38649002      88.81355375
2009    7       0.21008824      53.48610125
2009    8       0.55348541      114.9841425
2009    9       0.62663703      124.56199625
2009    10      0.70781356      137.2444875
2009    11      0.92669614      163.6693625
2009    12      0.82150561      134.58007875
2009    13      0.67929361      129.41620625
2009    14      0.46901612      101.1301
2009    15      0.54720639      111.90193125
2009    16      0.49348478      103.54566625
2009    17      0.4039021       88.28765875
2009    18      0.32960721      74.6886225
2009    19      0.43748978      93.18840125
2009    20      0.40059484      87.765435
2009    21      0.26596291      64.05208875
2009    22      0.38730232      87.6552425
2009    23      0.54547381      113.1368025
2009    24      0.27246435      66.4494625
2009    25      0.44231545      96.06925875
2009    26      0.37704309      84.1382125
2009    27      0.49853494      104.20886125
2009    28      0.39171109      88.608035
2009    29      0.25689211      63.15977375
2009    30      0.420959        92.37027625
2009    31      0.3352517       76.04395375
2010    1       0.26879674      67.27432125
2010    2       1.00103875      160.86248875
2010    3       0.64871915      124.05439
2010    4       0.28227271      69.804625
2010    5       0.26783864      66.82475875
2010    6       0.71742991      129.3023425
2010    7       0.92306696      159.1917875
2010    8       0.42471506      94.43114
2010    9       0.57089466      115.9747025
2010    10      0.43564505      96.18436875
2010    11      0.52607717      108.72613375
2010    12      0.47301438      101.148735
2010    13      1.23741321      191.1749875
2010    14      0.6795998       133.38755875
2010    15      0.40701792      90.9880725
2010    16      0.35855805      81.9988875
2010    17      0.38505666      86.8094975
2010    18      0.28804168      68.66425375
2010    19      0.3763687       83.96429
2010    20      0.35496761      76.11381375
2010    21      0.82648709      144.23699625
2010    22      0.71792425      138.593925
2010    23      0.55404939      114.102035
2010    24      0.30912564      72.1105275
2010    25      0.32749356      75.57175
2010    26      0.35955106      81.167655
2010    27      0.35843336      82.14141875
2010    28      0.47706121      100.85367875
2010    29      0.4404625       95.5813275
2010    30      0.42245016      91.8251075
2010    31      0.38221478      84.3741725
2011    1       1.0233586       172.1914
2011    2       0.90089309      161.8075
2011    3       1.07351955      174.642425
2011    4       0.61833319      124.5863625
2011    5       0.31350876      73.60057
2011    6       0.54519475      113.0217225
2011    7       0.7602273       142.6048625
2011    8       0.77136258      143.705925
2011    9       0.3275112       74.1369275
2011    10      0.38984982      86.8959325
2011    11      0.36041138      83.69619125
2011    12      0.53928561      113.38195375
2011    13      0.3338963       78.51244875
2011    14      0.46837885      101.26596125
2011    15      0.5296114       111.865155
2011    16      0.35333475      80.09200375
2011    17      0.29665384      70.2229325
2011    18      0.42170395      92.6428375
2011    19      0.3971469       87.93717625
2011    20      0.29111434      68.96429
2011    21      0.4991349       105.43608875
2011    22      0.40671496      91.5907125
2011    23      0.28358408      67.46875
2011    24      0.41774354      90.119345
2011    25      0.36637942      81.09459
2011    26      0.28645359      67.53822625
2011    27      0.29412881      69.89189875
2011    28      0.30168288      70.962235
2011    29      0.40691601      89.66653625
2011    30      0.24522575      60.07442375
2011    31      0.21415319      53.84233375
2012    1       0.3843668       84.07014125
2012    2       0.36595289      81.75275375
2012    3       0.39501255      85.33014125
2012    4       0.37963844      85.7386375
2012    5       0.51477795      108.1029925
2012    6       0.31187628      74.09171
2012    7       0.4055235       89.6840775
2012    8       0.3361375       77.10178125
2012    9       0.35121176      78.5349
2012    10      0.31578504      73.09255375
2012    11      0.35295149      79.63531375
2012    12      0.33127945      75.9355075
2012    13      0.16091737      42.35156375
2012    14      0.48866555      101.34248125
2012    15      1.07872248      176.88445
2012    16      0.28387471      69.16891875
2012    17      0.80617291      149.9116125
2012    18      0.51124236      106.09771125
2012    19      0.27144882      65.03441625
2012    20      0.34164389      78.38010125
2012    21      0.54138138      106.6992425
2012    22      0.70999872      135.3260475
2012    23      0.38671042      85.989245
2012    24      0.2572363       61.72793875
2012    25      0.35135751      81.313315
2012    26      0.22313731      55.8896425
2012    27      0.19187969      49.71927125
2012    28      0.70131481      133.79587375
2012    29      0.49773528      105.232895
2012    30      0.88303942      153.18346
2012    31      0.29452836      69.7985475
2013    1       0.52105666      110.0720875
2013    2       0.47296286      102.997345
2013    3       0.41425729      92.470035
2013    4       0.36994565      85.13684375
2013    5       0.42150828      94.4594575
2013    6       0.55644496      115.35113625
2013    7       0.46289606      101.324835
2013    8       0.27748545      67.795015
2013    9       0.47120046      99.84336125
2013    10      0.48946884      98.99374375
2013    11      0.42146739      92.20461875
2013    12      0.32895819      75.7263175
2013    13      0.33003702      75.9126325
2013    14      0.30555708      72.3929675
2013    15      0.31945096      75.1112675
2013    16      0.36798095      84.1915225
2013    17      0.55697366      113.364885
2013    18      0.73636058      139.008625
2013    19      0.71925985      137.7783
2013    20      0.47322756      99.997455
2013    21      0.56548839      114.15745125
2013    22      0.24409311      60.12751875
2013    23      0.30888079      72.31543875
2013    24      0.26795111      64.2750375
2013    25      0.23610114      57.43838125
2013    26      0.63399345      126.4242625
2013    27      0.46267118      95.6819725
2013    28      0.2962423       69.06267625
2013    29      0.32322348      75.20201375
2013    30      0.4154556       92.44937625
2013    31      0.38315004      87.24877875
2014    1       0.80444084      137.04550625
2014    2       0.29179868      69.35595875
2014    3       0.45958142      98.009965
2014    4       0.57513149      116.6173575
2014    5       0.46352545      97.79621625
2014    6       0.42455763      91.3282075
2014    7       0.35297639      81.0929825
2014    8       0.40454322      90.01583875
2014    9       0.30916113      67.8838075
2014    10      0.34803177      72.22864
2014    11      0.77147295      143.8327125
2014    12      0.43873562      94.61212875
2014    13      0.41779474      90.484095
2014    14      0.42606464      92.1006025
2014    15      0.34978482      79.5092975
2014    16      0.54106922      110.28343375
2014    17      0.28600772      66.61116125
2014    18      0.24608731      60.009745
2014    19      0.19813163      49.95687875
2014    20      0.66242619      128.4119875
2014    21      0.41915845      91.42596125
2014    22      0.37633926      84.72085375
2014    23      0.32272144      75.60006375
2014    24      0.51001604      106.66742
2014    25      0.30964046      72.52187625
2014    26      0.33118744      76.5061675
2014    27      0.15681335      41.8024
2014    28      0.45398627      91.37701125
2014    29      0.51016751      106.87622375
2014    30      0.42297981      93.62832
2014    31      0.43388         93.6919975
2015    1       0.30470285      73.59410375
2015    2       0.63779508      122.2389775
2015    3       0.69548365      128.84496875
2015    4       0.4193718       93.28931875
2015    5       0.5038449       107.18404125
2015    6       0.38178529      86.1142075
2015    7       0.31969586      76.29018375
2015    8       0.29566691      70.21251625
2015    9       0.23762855      59.61741125
2015    10      1.13458898      179.480125
2015    11      1.29758616      197.1040625
2015    12      0.59589615      122.2878625
2015    13      0.75025554      143.4102125
2015    14      0.84198845      155.005725
2015    15      1.09050533      180.094125
2015    16      0.64187648      126.68049625
2015    17      0.4162257       91.509575
2015    18      0.28324952      67.88594125
2015    19      0.20372213      50.793215
2015    20      0.41553255      89.4718875
2015    21      0.6998797       136.0212875
2015    22      0.40330278      91.14602375
2015    23      0.89119769      159.4214625
2015    24      0.64500692      130.1340375
2015    25      0.45278719      97.5160775
2015    26      0.45133026      98.43694625
2015    27      0.28364541      68.46522
2015    28      0.36796856      83.10045125
2015    29      0.28399846      67.9030425
2015    30      0.32607508      76.4363875
2015    31      0.4587958       97.89017625
2016    1       0.72381764      134.64674875
2016    2       0.2035018       53.54198625
2016    3       0.24282882      61.25835375
2016    4       0.704115        130.23322625
2016    5       0.65402059      129.72880125
2016    6       0.3349412       76.920045
2016    7       0.4859917       102.49703875
2016    8       0.37518276      84.44099125
2016    9       0.58406372      118.780175
2016    10      0.29536507      70.0516575
2016    11      0.24135679      58.52884
2016    12      0.31802106      69.9787625
2016    13      1.07543361      177.72605
2016    14      0.52907976      102.63053125
2016    15      0.33421654      76.658975
2016    16      0.36226468      81.46192375
2016    17      0.40116329      90.330825
2016    18      0.25893189      64.25489875
2016    19      0.49263728      102.39683875
2016    20      0.5500613       109.829575
2016    21      0.21289384      54.08890625
2016    22      1.33548252      200.43405
2016    23      0.54992542      113.61279875
2016    24      0.35748245      81.408535
2016    25      0.19726332      50.17376625
2016    26      0.7390943       137.274885
2016    27      0.70162142      128.25481625
2016    28      0.27486368      66.7105475
2016    29      0.40699706      89.57391375
2016    30      0.20623094      52.169245
2016    31      0.46079092      100.00693625
2017    1       0.4921316       105.278605
2017    2       0.28466694      68.07404875
2017    3       0.22242796      56.4442
2017    4       0.46061201      98.966775
2017    5       0.41620312      91.39682
2017    6       0.33421425      77.6584525
2017    7       0.42595922      94.06078
2017    8       0.5003325       103.71794625
2017    9       0.34423731      79.75618625
2017    10      0.55803701      114.33577375
2017    11      0.3527474       80.84935125
2017    12      0.34276399      79.33426375
2017    13      0.31582268      73.6078725
2017    14      0.36136057      82.4218225
2017    15      0.40462639      90.2964275
2017    16      0.48339679      102.77340125
2017    17      0.28018432      66.6947125
2017    18      0.37842666      86.4279525
2017    19      0.36596868      83.22545625
2017    20      0.35732485      81.77880875
2017    21      0.27543962      66.188875
2017    22      0.26197002      63.82655625
2017    23      0.31264078      72.34009625
2017    24      0.60174726      118.26979
2017    25      0.35596919      82.78584875
2017    26      0.41662655      91.0888875
2017    27      0.28004145      66.68053
2017    28      0.23028188      58.056985
2017    29      0.36489011      83.05787125
2017    30      0.31319706      73.933
2017    31      0.48997895      104.05539375
2018    1       0.32227085      71.274155
2018    2       0.48868204      103.0314675
2018    3       1.294074        196.3363
2018    4       1.47208696      210.05575
2018    5       0.50627304      107.74380375
2018    6       1.30333138      198.2205875
2018    7       0.56551326      117.549475
2018    8       0.39454904      89.24137125
2018    9       0.32034196      75.33096
2018    10      0.30545664      72.89385125
2018    11      0.84779702      150.24027375
2018    12      0.5727247       117.46297625
2018    13      0.38883441      86.83641125
2018    14      0.36147171      82.9011075
2018    15      0.19410386      49.0042575
2018    16      0.53128         106.83720375
2018    17      0.58996115      120.07805
2018    18      0.41038801      90.74320375
2018    19      0.52950939      110.67915125
2018    20      0.4613298       100.6526325
2018    21      0.53061179      103.7037175
2018    22      0.96720356      164.7999
2018    23      1.10095062      176.1305625
2018    24      0.19964954      50.269995
2018    25      0.34042279      77.5286925
2018    26      0.67294684      131.6055875
2018    27      0.35787724      81.260495
2018    28      0.28029353      66.2888525
2018    29      0.3437966       77.94099375
2018    30      0.35869775      81.744895
2018    31      0.23788852      58.49712625
