####################################################################################################
# Month: 04Apr                                                                                     #
# Station: SPT                                                                                     #
# Columns are: year    day     segment         RH (percent)                                        #
####################################################################################################
9       1       0       0.701082
9       1       1       0.644786
9       1       2       0.839094
9       1       3       0.939299
9       1       4       0.981931
9       1       5       0.979892
9       1       6       0.966169
9       1       7       0.956959
9       2       0       0.905952
9       2       1       0.956383
9       2       2       0.990338
9       2       3       0.985261
9       2       4       0.982334
9       2       5       0.978721
9       2       6       0.965377
9       2       7       0.95861
9       3       0       0.981171
9       3       1       0.980458
9       3       2       0.950831
9       3       3       0.94504
9       3       4       0.856058
9       3       5       0.814163
9       3       6       0.793212
9       3       7       0.816815
9       4       0       0.676765
9       4       1       0.45624
9       4       2       0.479295
9       4       3       0.750234
9       4       4       0.710127
9       4       5       0.611186
9       4       6       0.676738
9       4       7       0.783997
9       5       0       0.981676
9       5       1       1.072365
9       5       2       1.001693
9       5       3       0.963243
9       5       4       0.964895
9       5       5       0.681971
9       5       6       0.427452
9       5       7       0.480659
9       6       0       0.737347
9       6       1       0.915513
9       6       2       0.742701
9       6       3       0.667338
9       6       4       0.741313
9       6       5       0.892963
9       6       6       0.933323
9       6       7       0.920726
9       7       0       0.965138
9       7       1       0.976054
9       7       2       0.98129
9       7       3       0.988365
9       7       4       0.965011
9       7       5       0.96799
9       7       6       0.978863
9       7       7       0.981724
9       8       0       0.877388
9       8       1       0.795088
9       8       2       0.920453
9       8       3       0.999915
9       8       4       1.002536
9       8       5       1.012588
9       8       6       1.046851
9       8       7       1.097422
9       9       0       1.072128
9       9       1       1.029492
9       9       2       1.01709
9       9       3       0.946634
9       9       4       0.911108
9       9       5       0.900948
9       9       6       0.96679
9       9       7       0.985083
9       10      0       0.94958
9       10      1       0.941377
9       10      2       0.964745
9       10      3       0.970158
9       10      4       0.979355
9       10      5       0.972185
9       10      6       0.966844
9       10      7       0.969508
9       11      0       0.925638
9       11      1       0.901608
9       11      2       0.835724
9       11      3       0.774083
9       11      4       0.873296
9       11      5       0.914845
9       11      6       0.940991
9       11      7       0.952448
9       12      0       0.724136
9       12      1       0.592419
9       12      2       0.597453
9       12      3       0.551737
9       12      4       0.57156
9       12      5       0.573757
9       12      6       0.538427
9       12      7       0.577716
9       13      0       0.630607
9       13      1       0.698669
9       13      2       0.778933
9       13      3       0.742432
9       13      4       0.642697
9       13      5       0.549631
9       13      6       0.535635
9       13      7       0.672037
9       14      0       0.783487
9       14      1       0.832188
9       14      2       0.754527
9       14      3       0.520081
9       14      4       0.472131
9       14      5       0.702568
9       14      6       0.886026
9       14      7       0.72813
9       15      0       0.504499
9       15      1       0.534891
9       15      2       0.59088
9       15      3       0.72991
9       15      4       0.808127
9       15      5       0.658366
9       15      6       0.829541
9       15      7       0.958937
9       16      0       0.950372
9       16      1       0.810256
9       16      2       0.830114
9       16      3       0.816079
9       16      4       0.854083
9       16      5       0.88575
9       16      6       0.858307
9       16      7       0.811399
9       17      0       0.715768
9       17      1       0.683308
9       17      2       0.690306
9       17      3       0.716145
9       17      4       0.733142
9       17      5       0.748679
9       17      6       0.814246
9       17      7       0.876994
9       18      0       0.798203
9       18      1       0.737402
9       18      2       0.885963
9       18      3       0.950899
9       18      4       0.930269
9       18      5       0.948203
9       18      6       0.974954
9       18      7       0.971834
9       19      0       0.869931
9       19      1       0.740765
9       19      2       0.640048
9       19      3       0.592246
9       19      4       0.58636
9       19      5       0.547189
9       19      6       0.517006
9       19      7       0.538936
9       20      0       0.578456
9       20      1       0.465197
9       20      2       0.268111
9       20      3       0.146938
9       20      4       0.140963
9       20      5       0.209084
9       20      6       0.226081
9       20      7       0.192321
9       21      0       0.30395
9       21      1       0.444984
9       21      2       0.449472
9       21      3       0.434718
9       21      4       0.35764
9       21      5       0.804383
9       21      6       0.97535
9       21      7       0.939665
9       22      0       0.992766
9       22      1       1.015522
9       22      2       1.029254
9       22      3       0.886036
9       22      4       0.716853
9       22      5       0.636332
9       22      6       0.748189
9       22      7       0.924434
9       23      0       1.031543
9       23      1       1.039549
9       23      2       0.992399
9       23      3       0.955579
9       23      4       0.861275
9       23      5       0.877278
9       23      6       0.974165
9       23      7       0.98126
9       24      0       0.994614
9       24      1       0.997685
9       24      2       0.988261
9       24      3       0.98626
9       24      4       0.953691
9       24      5       0.954338
9       24      6       0.989439
9       24      7       0.990068
9       25      0       0.931898
9       25      1       0.85498
9       25      2       0.934412
9       25      3       0.99195
9       25      4       0.981375
9       25      5       0.894188
9       25      6       0.800305
9       25      7       0.815489
9       26      0       0.777502
9       26      1       0.695027
9       26      2       0.717877
9       26      3       0.710751
9       26      4       0.739939
9       26      5       0.757358
9       26      6       0.700589
9       26      7       0.617459
9       27      0       0.589963
9       27      1       0.635352
9       27      2       0.714183
9       27      3       0.730471
9       27      4       0.704031
9       27      5       0.632222
9       27      6       0.640574
9       27      7       0.967717
9       28      0       1.23531
9       28      1       1.292874
9       28      2       1.399292
9       28      3       1.420542
9       28      4       1.040238
9       28      5       0.996134
9       28      6       0.999825
9       28      7       0.992003
9       29      0       0.945191
9       29      1       0.884199
9       29      2       0.944425
9       29      3       0.985236
9       29      4       0.986111
9       29      5       0.981986
9       29      6       0.99399
9       29      7       1.001654
9       30      0       1.003772
9       30      1       1.003863
9       30      2       0.992075
9       30      3       0.985943
9       30      4       0.990464
9       30      5       0.992563
9       30      6       1.002332
9       30      7       1.357298
