####################################################################################################
# Month: 06Jun                                                                                     #
# Station: BLDR                                                                                    #
# Columns are: year    day     windspeed (m/s)                                                     #
####################################################################################################
2009    1       2.66821375
2009    2       4.96489762
2009    3       5.31900088
2009    4       6.365276
2009    5       6.815101
2009    6       13.4333425
2009    7       7.86973
2009    8       9.07298212
2009    9       8.67239788
2009    10      5.295183
2009    11      6.007001
2009    12      8.3296105
2009    13      4.60128912
2009    14      5.69788562
2009    15      4.67142325
2009    16      6.94585613
2009    17      4.58855725
2009    18      5.24206238
2009    19      4.27512525
2009    20      10.28853688
2009    21      10.204478
2009    22      7.05513725
2009    23      5.908876
2009    24      4.62109275
2009    25      3.32509188
2009    26      5.66397962
2009    27      6.583363
2009    28      3.1948405
2009    29      2.04482388
2009    30      1.62553138
