####################################################################################################
# Month: 05May                                                                                     #
# Station: YBG                                                                                     #
# Columns are: year    day     segment         RH (percent)                                        #
####################################################################################################
9       1       0       0.270389
9       1       1       0.201911
9       1       2       0.160378
9       1       3       0.150294
9       1       4       0.133085
9       1       5       0.161284
9       1       6       0.159819
9       1       7       0.148594
9       2       0       0.139738
9       2       1       0.075885
9       2       2       0.047958
9       2       3       0.042912
9       2       4       0.045412
9       2       5       0.046228
9       2       6       0.378668
9       2       7       0.792715
9       3       0       0.786235
9       3       1       0.462794
9       3       2       0.242708
9       3       3       0.125592
9       3       4       0.191934
9       3       5       0.303542
9       3       6       0.636934
9       3       7       0.773819
9       4       0       0.812692
9       4       1       0.504723
9       4       2       0.334713
9       4       3       0.391069
9       4       4       0.337921
9       4       5       0.433937
9       4       6       0.618134
9       4       7       0.778953
9       5       0       0.815919
9       5       1       0.452163
9       5       2       0.267303
9       5       3       0.349034
9       5       4       0.16414
9       5       5       0.181057
9       5       6       0.456531
9       5       7       0.762374
9       6       0       0.883578
9       6       1       0.459276
9       6       2       0.29273
9       6       3       0.378134
9       6       4       0.309062
9       6       5       0.262018
9       6       6       0.23223
9       6       7       0.14875
9       7       0       0.279594
9       7       1       0.255741
9       7       2       0.313409
9       7       3       0.163485
9       7       4       0.113507
9       7       5       0.106282
9       7       6       0.218703
9       7       7       0.200299
9       8       0       0.229451
9       8       1       0.391374
9       8       2       0.08136
9       8       3       0.067773
9       8       4       0.052481
9       8       5       0.096215
9       8       6       0.212484
9       8       7       0.11466
9       9       0       0.181853
9       9       1       0.225939
9       9       2       0.094123
9       9       3       0.048584
9       9       4       0.038274
9       9       5       0.482197
9       9       6       0.609798
9       9       7       0.669655
9       10      0       0.777953
9       10      1       0.804326
9       10      2       0.471599
9       10      3       0.25867
9       10      4       0.256143
9       10      5       0.539378
9       10      6       0.565087
9       10      7       0.622041
9       11      0       0.801637
9       11      1       0.835313
9       11      2       0.547215
9       11      3       0.092523
9       11      4       0.213529
9       11      5       0.866607
9       11      6       1.04592
9       11      7       1.103603
9       12      0       0.926366
9       12      1       0.837048
9       12      2       0.410735
9       12      3       0.699888
9       12      4       0.960316
9       12      5       0.826171
9       12      6       0.939732
9       12      7       0.854541
9       13      0       0.795028
9       13      1       0.793348
9       13      2       0.464009
9       13      3       0.37681
9       13      4       0.291701
9       13      5       0.799975
9       13      6       0.96736
9       13      7       0.954067
9       14      0       0.790605
9       14      1       0.57441
9       14      2       0.229491
9       14      3       0.102411
9       14      4       0.083155
9       14      5       0.177493
9       14      6       0.199818
9       14      7       0.287996
9       15      0       0.217536
9       15      1       0.170947
9       15      2       0.036937
9       15      3       0.167131
9       15      4       0.198594
9       15      5       0.200322
9       15      6       0.725246
9       15      7       0.859129
9       16      0       0.971899
9       16      1       0.714563
9       16      2       0.8113
9       16      3       0.809312
9       16      4       0.877239
9       16      5       0.563755
9       16      6       0.710195
9       16      7       0.710772
9       17      0       0.831202
9       17      1       0.532601
9       17      2       0.352292
9       17      3       0.372677
9       17      4       0.302605
9       17      5       0.159593
9       17      6       0.310514
9       17      7       0.521709
9       18      0       0.600953
9       18      1       0.38035
9       18      2       0.222884
9       18      3       0.113917
9       18      4       0.07975
9       18      5       0.097018
9       18      6       0.116386
9       18      7       0.128465
9       19      0       0.130166
9       19      1       0.105774
9       19      2       0.079526
9       19      3       0.074275
9       19      4       0.085
9       19      5       0.098361
9       19      6       0.103121
9       19      7       0.11027
9       20      0       0.147902
9       20      1       0.202691
9       20      2       0.170185
9       20      3       0.144115
9       20      4       0.150401
9       20      5       0.153219
9       20      6       0.472216
9       20      7       0.724592
9       21      0       0.821254
9       21      1       0.523917
9       21      2       0.297881
9       21      3       0.109542
9       21      4       0.166955
9       21      5       0.184173
9       21      6       0.371635
9       21      7       0.538516
9       22      0       0.723884
9       22      1       0.643619
9       22      2       0.47029
9       22      3       0.289809
9       22      4       0.319452
9       22      5       0.427951
9       22      6       0.724492
9       22      7       0.810235
9       23      0       0.832652
9       23      1       0.608908
9       23      2       0.40144
9       23      3       0.195786
9       23      4       0.15186
9       23      5       0.479896
9       23      6       0.952995
9       23      7       0.833859
9       24      0       0.89145
9       24      1       0.494256
9       24      2       0.454113
9       24      3       0.225554
9       24      4       0.189878
9       24      5       0.488565
9       24      6       0.827048
9       24      7       0.94204
9       25      0       0.817733
9       25      1       0.90773
9       25      2       0.911809
9       25      3       0.871791
9       25      4       0.966458
9       25      5       0.916609
9       25      6       0.96033
9       25      7       0.960841
9       26      0       0.978148
9       26      1       0.969405
9       26      2       0.775506
9       26      3       0.767768
9       26      4       0.945908
9       26      5       0.982524
9       26      6       0.975244
9       26      7       0.940634
9       27      0       0.967406
9       27      1       0.912138
9       27      2       0.543261
9       27      3       0.335703
9       27      4       0.32576
9       27      5       0.409843
9       27      6       0.393047
9       27      7       0.589518
9       28      0       0.621635
9       28      1       0.508964
9       28      2       0.529206
9       28      3       0.299243
9       28      4       0.313475
9       28      5       0.575548
9       28      6       0.861584
9       28      7       0.915541
9       29      0       0.890591
9       29      1       0.517408
9       29      2       0.279923
9       29      3       0.335449
9       29      4       0.345824
9       29      5       0.553083
9       29      6       0.892964
9       29      7       0.960036
9       30      0       0.894782
9       30      1       0.883135
9       30      2       0.594507
9       30      3       0.399763
9       30      4       0.371518
9       30      5       0.548575
9       30      6       0.902485
9       30      7       0.887509
9       31      0       0.854964
9       31      1       0.844734
9       31      2       0.517915
9       31      3       0.397488
9       31      4       0.468461
9       31      5       0.859115
9       31      6       0.972808
9       31      7       0.972296
