####################################################################################################
# Month: 06Jun                                                                                     #
# Station: LLA                                                                                     #
# Columns are: year    day     segment         windspeed (m/s)                                     #
####################################################################################################
2009    1       0       11.123904
2009    1       1       8.977164
2009    1       2       8.147735
2009    1       3       8.7537
2009    1       4       9.783094
2009    1       5       11.130051
2009    1       6       13.642691
2009    1       7       15.573953
2009    2       0       12.623757
2009    2       1       10.827026
2009    2       2       10.208373
2009    2       3       11.174911
2009    2       4       11.43786
2009    2       5       11.224169
2009    2       6       9.992999
2009    2       7       10.430719
2009    3       0       11.44168
2009    3       1       12.516725
2009    3       2       12.67471
2009    3       3       13.311347
2009    3       4       13.714477
2009    3       5       13.160751
2009    3       6       9.703434
2009    3       7       9.704669
2009    4       0       9.941601
2009    4       1       10.905532
2009    4       2       11.710441
2009    4       3       12.591446
2009    4       4       12.57741
2009    4       5       11.523739
2009    4       6       12.389889
2009    4       7       14.590137
2009    5       0       14.442834
2009    5       1       14.642175
2009    5       2       15.163106
2009    5       3       15.040085
2009    5       4       14.307934
2009    5       5       14.393363
2009    5       6       14.557239
2009    5       7       13.554192
2009    6       0       12.183849
2009    6       1       11.340379
2009    6       2       11.454751
2009    6       3       11.81558
2009    6       4       11.507784
2009    6       5       10.392985
2009    6       6       10.562495
2009    6       7       12.47869
2009    7       0       11.217898
2009    7       1       10.51482
2009    7       2       11.978882
2009    7       3       11.530479
2009    7       4       10.271108
2009    7       5       11.380875
2009    7       6       15.699562
2009    7       7       17.807722
2009    8       0       14.742269
2009    8       1       13.278841
2009    8       2       11.047745
2009    8       3       11.881155
2009    8       4       13.341931
2009    8       5       16.659913
2009    8       6       18.05192
2009    8       7       18.553186
2009    9       0       18.418086
2009    9       1       18.678748
2009    9       2       19.750517
2009    9       3       20.924543
2009    9       4       22.152903
2009    9       5       23.588879
2009    9       6       21.548775
2009    9       7       18.890333
2009    10      0       15.948708
2009    10      1       16.836935
2009    10      2       17.35691
2009    10      3       17.459076
2009    10      4       17.68193
2009    10      5       18.73515
2009    10      6       18.573338
2009    10      7       16.293947
2009    11      0       14.46976
2009    11      1       15.156626
2009    11      2       16.343909
2009    11      3       19.088359
2009    11      4       19.122999
2009    11      5       18.912003
2009    11      6       17.60337
2009    11      7       16.453718
2009    12      0       14.856858
2009    12      1       13.65889
2009    12      2       13.663733
2009    12      3       11.794266
2009    12      4       8.475027
2009    12      5       7.856257
2009    12      6       7.718643
2009    12      7       6.778996
2009    13      0       5.905546
2009    13      1       6.427601
2009    13      2       8.12629
2009    13      3       9.095473
2009    13      4       8.868671
2009    13      5       7.914493
2009    13      6       8.357474
2009    13      7       9.004344
2009    14      0       7.171276
2009    14      1       6.400413
2009    14      2       5.087077
2009    14      3       3.700672
2009    14      4       3.190773
2009    14      5       4.79501
2009    14      6       11.798116
2009    14      7       15.259832
2009    15      0       13.710858
2009    15      1       12.917359
2009    15      2       10.830414
2009    15      3       8.014319
2009    15      4       7.627098
2009    15      5       12.538044
2009    15      6       16.048353
2009    15      7       15.74059
2009    16      0       15.37432
2009    16      1       14.880693
2009    16      2       13.332701
2009    16      3       12.397179
2009    16      4       11.31841
2009    16      5       10.860342
2009    16      6       12.004115
2009    16      7       13.022141
2009    17      0       11.349859
2009    17      1       8.170847
2009    17      2       7.833606
2009    17      3       8.076835
2009    17      4       6.31544
2009    17      5       8.727535
2009    17      6       12.63938
2009    17      7       12.970407
2009    18      0       10.761552
2009    18      1       8.456464
2009    18      2       8.653455
2009    18      3       9.55958
2009    18      4       7.831537
2009    18      5       7.247912
2009    18      6       4.98092
2009    18      7       5.477648
2009    19      0       7.365169
2009    19      1       8.235536
2009    19      2       7.517634
2009    19      3       6.177414
2009    19      4       6.161525
2009    19      5       8.189726
2009    19      6       8.510958
2009    19      7       7.125116
2009    20      0       3.296071
2009    20      1       3.663782
2009    20      2       4.063448
2009    20      3       4.018378
2009    20      4       4.064649
2009    20      5       4.973716
2009    20      6       7.925264
2009    20      7       9.441992
2009    21      0       10.786945
2009    21      1       11.514278
2009    21      2       10.489324
2009    21      3       9.547979
2009    21      4       8.545479
2009    21      5       7.520918
2009    21      6       11.547141
2009    21      7       13.167335
2009    22      0       12.801849
2009    22      1       11.05198
2009    22      2       8.693619
2009    22      3       7.588464
2009    22      4       6.747999
2009    22      5       8.28302
2009    22      6       13.558688
2009    22      7       18.592835
2009    23      0       22.510971
2009    23      1       21.631577
2009    23      2       21.265415
2009    23      3       22.036834
2009    23      4       23.472566
2009    23      5       26.638446
2009    23      6       24.948248
2009    23      7       23.206985
2009    24      0       23.731166
2009    24      1       23.323022
2009    24      2       24.088957
2009    24      3       25.129733
2009    24      4       22.558189
2009    24      5       17.891138
2009    24      6       16.43897
2009    24      7       16.565463
2009    25      0       17.025202
2009    25      1       14.170355
2009    25      2       10.207405
2009    25      3       8.881333
2009    25      4       9.813008
2009    25      5       12.256968
2009    25      6       15.988706
2009    25      7       17.948358
2009    26      0       19.39436
2009    26      1       18.759846
2009    26      2       15.766793
2009    26      3       12.329648
2009    26      4       9.71189
2009    26      5       8.857594
2009    26      6       10.208696
2009    26      7       11.598046
2009    27      0       11.891314
2009    27      1       12.139045
2009    27      2       12.358325
2009    27      3       12.115908
2009    27      4       11.417971
2009    27      5       11.34537
2009    27      6       11.582264
2009    27      7       12.961228
2009    28      0       13.305344
2009    28      1       11.883187
2009    28      2       8.971194
2009    28      3       9.008219
2009    28      4       8.463866
2009    28      5       9.19784
2009    28      6       21.964272
2009    28      7       25.672863
2009    29      0       24.325964
2009    29      1       23.140899
2009    29      2       23.107012
2009    29      3       22.869861
2009    29      4       21.523807
2009    29      5       21.392796
2009    29      6       21.254623
2009    29      7       22.27508
2009    30      0       22.674771
2009    30      1       22.338947
2009    30      2       23.864983
2009    30      3       24.975769
2009    30      4       24.427831
2009    30      5       25.380133
2009    30      6       25.897656
2009    30      7       25.207668
