####################################################################################################
# Month: 06Jun                                                                                     #
# Station: GARS                                                                                    #
# Columns are: year    day     RH (percent)                                                        #
####################################################################################################
9       1       0.99366138
9       2       0.99721125
9       3       0.99127475
9       4       0.973644
9       5       0.954615
9       6       0.88291012
9       7       0.90906775
9       8       0.99516275
9       9       0.949513
9       10      0.9872595
9       11      0.96934825
9       12      1.053536
9       13      0.91571763
9       14      0.95421988
9       15      0.91421212
9       16      0.99786037
9       17      0.9703485
9       18      0.99418912
9       19      0.9926215
9       20      0.97418662
9       21      0.96063875
9       22      0.927084
9       23      0.96612738
9       24      0.927215
9       25      0.85948825
9       26      0.89500862
9       27      0.78173625
9       28      0.73724475
9       29      0.92740762
9       30      0.9838605
