####################################################################################################
# Month: 08Aug                                                                                     #
# Station: BRZ                                                                                     #
# Columns are: year    day     RH (percent)                                                        #
####################################################################################################
9       1       0.16318362
9       2       0.2164795
9       3       0.39116725
9       4       0.69006138
9       5       0.67155788
9       6       0.40008138
9       7       0.57476912
9       8       0.10720012
9       9       0.03924112
9       10      0.14604162
9       11      0.63504512
9       12      0.73165812
9       13      0.142945
9       14      0.233227
9       15      0.23590412
9       16      0.38725512
9       17      0.27554625
9       18      0.19939625
9       19      0.70626312
9       20      0.84377238
9       21      0.87290613
9       22      0.46328013
9       23      0.52675962
9       24      0.74784413
9       25      0.8503895
9       26      0.6984695
9       27      0.73048312
9       28      0.89497825
9       29      0.4781475
9       30      0.154749
9       31      0.26305525
