####################################################################################################
# Month: 06Jun                                                                                     #
# Station: ROB                                                                                     #
# Columns are: year    day     RH (percent)                                                        #
####################################################################################################
9       1       0.43313525
9       2       0.21177062
9       3       0.2414795
9       4       0.26898288
9       5       0.05149725
9       6       0.07817938
9       7       0.13740875
9       8       0.19539
9       9       0.20282562
9       10      0.163152
9       11      0.07167175
9       12      0.02820762
9       13      0.05888762
9       14      0.50999275
9       15      0.49737288
9       16      0.11890712
9       17      0.27309475
9       18      0.416823
9       19      0.539814
9       20      0.81029088
9       21      0.147726
9       22      0.06885875
9       23      0.13735475
9       24      0.25920362
9       25      0.3456275
9       26      0.44097938
9       27      0.498111
9       28      0.92086112
9       29      0.57155037
9       30      0.39265138
