####################################################################################################
# Month: 06Jun                                                                                     #
# Station: BOL                                                                                     #
# Columns are: year    day     segment         RH (percent)                                        #
####################################################################################################
9       1       0       0.168399
9       1       1       0.174318
9       1       2       0.174586
9       1       3       0.200973
9       1       4       0.161498
9       1       5       0.082067
9       1       6       0.175697
9       1       7       0.157909
9       2       0       0.112429
9       2       1       0.054163
9       2       2       0.043265
9       2       3       0.044686
9       2       4       0.052592
9       2       5       0.051007
9       2       6       0.12903
9       2       7       0.138576
9       3       0       0.118652
9       3       1       0.071709
9       3       2       0.048261
9       3       3       0.029982
9       3       4       0.033294
9       3       5       0.035097
9       3       6       0.074545
9       3       7       0.042249
9       4       0       0.031594
9       4       1       0.021286
9       4       2       0.024759
9       4       3       0.022952
9       4       4       0.018353
9       4       5       0.012384
9       4       6       0.05341
9       4       7       0.049271
9       5       0       0.020339
9       5       1       0.01952
9       5       2       0.028409
9       5       3       0.030581
9       5       4       0.024704
9       5       5       0.013807
9       5       6       0.022024
9       5       7       0.026027
9       6       0       0.027122
9       6       1       0.030864
9       6       2       0.037397
9       6       3       0.047085
9       6       4       0.046329
9       6       5       0.040831
9       6       6       0.028451
9       6       7       0.021791
9       7       0       0.028408
9       7       1       0.029342
9       7       2       0.03516
9       7       3       0.041395
9       7       4       0.040871
9       7       5       0.0401
9       7       6       0.155336
9       7       7       0.216847
9       8       0       0.21715
9       8       1       0.191235
9       8       2       0.144116
9       8       3       0.110961
9       8       4       0.057443
9       8       5       0.030774
9       8       6       0.118335
9       8       7       0.220202
9       9       0       0.09298
9       9       1       0.070683
9       9       2       0.059875
9       9       3       0.040288
9       9       4       0.039465
9       9       5       0.043027
9       9       6       0.108828
9       9       7       0.172981
9       10      0       0.066703
9       10      1       0.089194
9       10      2       0.07586
9       10      3       0.09755
9       10      4       0.048639
9       10      5       0.01357
9       10      6       0.100583
9       10      7       0.092562
9       11      0       0.10797
9       11      1       0.081395
9       11      2       0.072992
9       11      3       0.10061
9       11      4       0.075293
9       11      5       0.38406
9       11      6       0.747037
9       11      7       0.829483
9       12      0       0.931568
9       12      1       0.763331
9       12      2       0.365408
9       12      3       0.194733
9       12      4       0.132567
9       12      5       0.099561
9       12      6       0.268963
9       12      7       0.24938
9       13      0       0.194185
9       13      1       0.150184
9       13      2       0.176835
9       13      3       0.182546
9       13      4       0.171903
9       13      5       0.189237
9       13      6       0.229981
9       13      7       0.238139
9       14      0       0.274708
9       14      1       0.344217
9       14      2       0.395551
9       14      3       0.294453
9       14      4       0.256156
9       14      5       0.29854
9       14      6       0.318546
9       14      7       0.290284
9       15      0       0.306161
9       15      1       0.320117
9       15      2       0.278584
9       15      3       0.122472
9       15      4       0.086472
9       15      5       0.065576
9       15      6       0.108606
9       15      7       0.17801
9       16      0       0.121296
9       16      1       0.106009
9       16      2       0.129159
9       16      3       0.140215
9       16      4       0.196036
9       16      5       0.278395
9       16      6       0.423762
9       16      7       0.370163
9       17      0       0.240065
9       17      1       0.246382
9       17      2       0.292139
9       17      3       0.307676
9       17      4       0.242656
9       17      5       0.114925
9       17      6       0.198996
9       17      7       0.279087
9       18      0       0.156021
9       18      1       0.070017
9       18      2       0.093244
9       18      3       0.148598
9       18      4       0.165997
9       18      5       0.187019
9       18      6       0.214033
9       18      7       0.121301
9       19      0       0.111506
9       19      1       0.162117
9       19      2       0.281782
9       19      3       0.321363
9       19      4       0.303137
9       19      5       0.313802
9       19      6       0.368808
9       19      7       0.650463
9       20      0       0.967285
9       20      1       0.949081
9       20      2       0.864677
9       20      3       0.99598
9       20      4       0.568177
9       20      5       0.321526
9       20      6       0.328033
9       20      7       0.359626
9       21      0       0.29484
9       21      1       0.135577
9       21      2       0.214787
9       21      3       0.254664
9       21      4       0.259747
9       21      5       0.271607
9       21      6       0.655358
9       21      7       0.701917
9       22      0       0.597867
9       22      1       0.57526
9       22      2       0.649525
9       22      3       0.769523
9       22      4       0.887254
9       22      5       0.676329
9       22      6       0.774848
9       22      7       0.75134
9       23      0       0.580492
9       23      1       0.713312
9       23      2       0.834313
9       23      3       0.969229
9       23      4       1.09581
9       23      5       0.991415
9       23      6       0.983609
9       23      7       0.958404
9       24      0       0.937197
9       24      1       0.905922
9       24      2       0.945765
9       24      3       0.956825
9       24      4       0.961346
9       24      5       0.99846
9       24      6       0.909756
9       24      7       0.766986
9       25      0       0.838294
9       25      1       0.826878
9       25      2       0.772713
9       25      3       0.712145
9       25      4       0.607702
9       25      5       0.337466
9       25      6       0.161527
9       25      7       0.139815
9       26      0       0.1507
9       26      1       0.152573
9       26      2       0.130368
9       26      3       0.128804
9       26      4       0.12169
9       26      5       0.105308
9       26      6       0.226214
9       26      7       0.217617
9       27      0       0.131103
9       27      1       0.11636
9       27      2       0.095829
9       27      3       0.09616
9       27      4       0.102126
9       27      5       0.087171
9       27      6       0.248081
9       27      7       0.189611
9       28      0       0.103857
9       28      1       0.079561
9       28      2       0.054962
9       28      3       0.040273
9       28      4       0.037233
9       28      5       0.051471
9       28      6       0.15275
9       28      7       0.201294
9       29      0       0.069955
9       29      1       0.058973
9       29      2       0.035918
9       29      3       0.029702
9       29      4       0.015654
9       29      5       0.013545
9       29      6       0.158583
9       29      7       0.145778
9       30      0       0.057827
9       30      1       0.071825
9       30      2       0.159402
9       30      3       0.2546
9       30      4       0.2778
9       30      5       0.232074
9       30      6       0.15104
9       30      7       0.19383
