####################################################################################################
# Month: 09Sep                                                                                     #
# Station: ALMA                                                                                    #
# Columns are: year    day     windspeed (m/s)                                                     #
####################################################################################################
2009    1       18.5428945
2009    2       22.3723285
2009    3       20.69336975
2009    4       11.07080925
2009    5       16.88857375
2009    6       13.96662238
2009    7       19.95518587
2009    8       24.11250775
2009    9       30.281178
2009    10      25.447643
2009    11      22.84217075
2009    12      16.90842562
2009    13      18.25384325
2009    14      15.80046425
2009    15      16.18524087
2009    16      12.85335287
2009    17      21.46536075
2009    18      16.23634175
2009    19      11.84675425
2009    20      14.78837888
2009    21      12.77732375
2009    22      14.37426913
2009    23      14.69188788
2009    24      14.16659762
2009    25      17.67133275
2009    26      22.26118725
2009    27      25.85139825
2009    28      26.66322475
2009    29      24.23910625
2009    30      25.49134175
