####################################################################################################
# Month: 04Apr                                                                                     #
# Station: LLA                                                                                     #
# Columns are: year    day     segment         windspeed (m/s)                                     #
####################################################################################################
2009    1       0       7.804528
2009    1       1       7.406626
2009    1       2       4.569831
2009    1       3       4.347402
2009    1       4       2.684653
2009    1       5       2.083246
2009    1       6       5.042569
2009    1       7       7.556635
2009    2       0       7.869155
2009    2       1       7.556225
2009    2       2       7.212922
2009    2       3       6.597794
2009    2       4       4.774193
2009    2       5       3.77249
2009    2       6       7.583635
2009    2       7       10.881826
2009    3       0       9.616994
2009    3       1       8.653843
2009    3       2       9.310831
2009    3       3       8.745518
2009    3       4       8.602267
2009    3       5       10.934959
2009    3       6       14.817224
2009    3       7       15.395796
2009    4       0       13.140697
2009    4       1       10.831638
2009    4       2       10.080156
2009    4       3       7.714361
2009    4       4       4.122722
2009    4       5       2.761998
2009    4       6       6.116199
2009    4       7       8.929317
2009    5       0       10.874994
2009    5       1       8.514287
2009    5       2       8.747085
2009    5       3       9.955323
2009    5       4       11.153357
2009    5       5       10.610516
2009    5       6       11.068794
2009    5       7       10.383673
2009    6       0       7.397818
2009    6       1       6.498536
2009    6       2       7.147658
2009    6       3       5.90475
2009    6       4       4.675268
2009    6       5       6.09743
2009    6       6       9.330152
2009    6       7       10.079795
2009    7       0       8.306715
2009    7       1       8.30568
2009    7       2       9.056526
2009    7       3       7.561703
2009    7       4       4.740217
2009    7       5       4.717943
2009    7       6       6.81673
2009    7       7       7.35147
2009    8       0       9.402279
2009    8       1       8.723049
2009    8       2       1.136391
2009    8       3       2.572911
2009    8       4       4.297462
2009    8       5       3.67681
2009    8       6       6.434356
2009    8       7       8.74277
2009    9       0       9.777659
2009    9       1       7.572892
2009    9       2       4.603199
2009    9       3       2.934809
2009    9       4       2.005602
2009    9       5       3.179447
2009    9       6       4.988259
2009    9       7       5.851146
2009    10      0       5.765051
2009    10      1       4.182121
2009    10      2       2.841912
2009    10      3       1.997293
2009    10      4       1.461521
2009    10      5       2.478303
2009    10      6       5.168678
2009    10      7       7.099085
2009    11      0       6.384126
2009    11      1       5.828005
2009    11      2       6.071635
2009    11      3       6.626495
2009    11      4       5.612755
2009    11      5       5.101165
2009    11      6       6.486787
2009    11      7       7.735494
2009    12      0       6.908488
2009    12      1       6.109888
2009    12      2       4.705109
2009    12      3       2.892742
2009    12      4       1.445522
2009    12      5       2.861218
2009    12      6       5.272057
2009    12      7       6.922312
2009    13      0       5.91505
2009    13      1       5.437991
2009    13      2       4.912309
2009    13      3       4.76644
2009    13      4       3.834609
2009    13      5       2.559237
2009    13      6       1.655601
2009    13      7       4.138244
2009    14      0       5.208833
2009    14      1       5.756884
2009    14      2       6.765494
2009    14      3       7.167638
2009    14      4       6.978583
2009    14      5       6.254513
2009    14      6       4.315503
2009    14      7       2.952845
2009    15      0       2.840366
2009    15      1       3.38309
2009    15      2       4.164429
2009    15      3       4.938171
2009    15      4       5.282003
2009    15      5       4.737139
2009    15      6       2.566758
2009    15      7       2.29177
2009    16      0       1.719909
2009    16      1       1.946833
2009    16      2       3.472342
2009    16      3       3.673373
2009    16      4       2.910795
2009    16      5       1.392169
2009    16      6       1.130782
2009    16      7       2.468794
2009    17      0       2.783684
2009    17      1       2.530179
2009    17      2       2.80729
2009    17      3       2.65033
2009    17      4       2.351332
2009    17      5       2.627197
2009    17      6       4.081002
2009    17      7       5.228989
2009    18      0       4.211821
2009    18      1       4.196894
2009    18      2       3.046597
2009    18      3       1.584553
2009    18      4       1.80466
2009    18      5       3.07432
2009    18      6       4.785281
2009    18      7       6.434016
2009    19      0       7.568099
2009    19      1       7.28676
2009    19      2       5.967728
2009    19      3       5.801633
2009    19      4       5.389507
2009    19      5       6.229201
2009    19      6       8.750098
2009    19      7       10.054852
2009    20      0       9.776643
2009    20      1       8.375264
2009    20      2       7.48597
2009    20      3       8.258116
2009    20      4       8.764866
2009    20      5       8.635803
2009    20      6       10.074458
2009    20      7       10.700713
2009    21      0       8.25524
2009    21      1       7.557448
2009    21      2       6.797638
2009    21      3       5.5924
2009    21      4       4.610776
2009    21      5       4.986636
2009    21      6       6.874437
2009    21      7       9.07778
2009    22      0       9.41675
2009    22      1       9.194874
2009    22      2       9.575509
2009    22      3       9.060512
2009    22      4       6.012085
2009    22      5       3.900993
2009    22      6       3.428134
2009    22      7       5.066896
2009    23      0       4.96037
2009    23      1       5.620036
2009    23      2       6.076949
2009    23      3       5.346321
2009    23      4       3.018401
2009    23      5       1.152896
2009    23      6       1.355783
2009    23      7       2.156131
2009    24      0       3.405229
2009    24      1       4.290721
2009    24      2       5.546176
2009    24      3       6.28965
2009    24      4       4.942287
2009    24      5       5.236224
2009    24      6       8.481812
2009    24      7       8.658969
2009    25      0       10.172089
2009    25      1       8.979624
2009    25      2       9.128991
2009    25      3       10.065129
2009    25      4       10.912052
2009    25      5       11.416224
2009    25      6       12.689881
2009    25      7       13.160031
2009    26      0       8.78225
2009    26      1       5.531776
2009    26      2       5.64225
2009    26      3       5.821177
2009    26      4       7.158165
2009    26      5       8.727739
2009    26      6       9.903593
2009    26      7       9.364699
2009    27      0       8.81928
2009    27      1       9.455735
2009    27      2       11.678825
2009    27      3       13.279217
2009    27      4       13.328879
2009    27      5       11.950965
2009    27      6       12.57321
2009    27      7       12.825124
2009    28      0       10.913396
2009    28      1       10.178744
2009    28      2       10.064256
2009    28      3       8.908191
2009    28      4       6.681972
2009    28      5       6.110853
2009    28      6       8.15344
2009    28      7       9.898098
2009    29      0       8.577685
2009    29      1       6.73518
2009    29      2       6.364989
2009    29      3       5.67989
2009    29      4       6.682437
2009    29      5       8.786888
2009    29      6       10.069538
2009    29      7       9.477732
2009    30      0       8.608604
2009    30      1       7.079949
2009    30      2       8.129928
2009    30      3       6.446601
2009    30      4       7.880306
2009    30      5       9.839147
2009    30      6       11.879809
2009    30      7       13.068144
