####################################################################################################
# Month: 03Mar                                                                                     #
# Station: KP                                                                                      #
# Columns are: year    day     RH (percent)                                                        #
####################################################################################################
9       1       0.08484038
9       2       0.08170062
9       3       0.16805688
9       4       0.357319
9       5       0.29958125
9       6       0.42081912
9       7       0.3527805
9       8       0.185973
9       9       0.59817162
9       10      0.332938
9       11      0.46965888
9       12      0.44681225
9       13      0.61609075
9       14      0.48823112
9       15      0.3931465
9       16      0.23124488
9       17      0.1657525
9       18      0.13631712
9       19      0.14369712
9       20      0.165503
9       21      0.37088738
9       22      0.29089938
9       23      0.211488
9       24      0.19022562
9       25      0.13446775
9       26      0.1791965
9       27      0.13241038
9       28      0.13127175
9       29      0.1377765
9       30      0.2653135
9       31      0.11161762
