####################################################################################################
# Month: 03Mar                                                                                     #
# Station: KP                                                                                      #
# Columns are: year    day     segment         windspeed (m/s)                                     #
####################################################################################################
2009    1       0       1.864024
2009    1       1       0.739208
2009    1       2       1.478653
2009    1       3       1.617098
2009    1       4       2.235677
2009    1       5       3.292571
2009    1       6       3.388321
2009    1       7       3.995666
2009    2       0       3.857787
2009    2       1       4.191519
2009    2       2       4.967476
2009    2       3       4.575253
2009    2       4       4.109903
2009    2       5       4.54166
2009    2       6       2.900124
2009    2       7       3.326839
2009    3       0       3.817599
2009    3       1       4.404107
2009    3       2       4.418332
2009    3       3       3.607989
2009    3       4       4.201657
2009    3       5       5.125443
2009    3       6       4.283006
2009    3       7       3.94509
2009    4       0       5.068837
2009    4       1       7.561278
2009    4       2       7.543281
2009    4       3       11.091692
2009    4       4       12.172318
2009    4       5       14.145679
2009    4       6       12.774025
2009    4       7       11.705208
2009    5       0       13.452519
2009    5       1       16.124564
2009    5       2       17.113279
2009    5       3       18.948215
2009    5       4       15.914796
2009    5       5       15.958174
2009    5       6       16.329087
2009    5       7       12.518609
2009    6       0       13.276404
2009    6       1       16.396822
2009    6       2       18.198145
2009    6       3       18.854838
2009    6       4       19.052646
2009    6       5       18.543313
2009    6       6       20.290395
2009    6       7       22.735504
2009    7       0       21.784148
2009    7       1       21.454289
2009    7       2       18.814403
2009    7       3       17.674747
2009    7       4       14.451951
2009    7       5       11.48713
2009    7       6       6.469947
2009    7       7       2.807445
2009    8       0       3.724531
2009    8       1       7.602057
2009    8       2       8.45934
2009    8       3       8.984366
2009    8       4       8.35645
2009    8       5       8.299712
2009    8       6       9.050162
2009    8       7       9.888834
2009    9       0       12.850884
2009    9       1       11.679042
2009    9       2       9.338615
2009    9       3       9.127962
2009    9       4       9.827278
2009    9       5       11.3441
2009    9       6       10.965874
2009    9       7       9.901671
2009    10      0       9.591405
2009    10      1       10.67422
2009    10      2       9.657874
2009    10      3       7.530521
2009    10      4       6.485618
2009    10      5       3.927492
2009    10      6       2.619895
2009    10      7       2.697857
2009    11      0       1.789823
2009    11      1       2.816715
2009    11      2       5.370745
2009    11      3       6.534163
2009    11      4       5.672512
2009    11      5       7.929611
2009    11      6       4.775366
2009    11      7       4.48528
2009    12      0       4.393199
2009    12      1       4.641197
2009    12      2       7.910085
2009    12      3       15.636502
2009    12      4       13.568695
2009    12      5       11.369424
2009    12      6       8.929867
2009    12      7       6.556497
2009    13      0       5.352586
2009    13      1       1.438443
2009    13      2       0.860011
2009    13      3       2.58484
2009    13      4       4.688715
2009    13      5       3.882349
2009    13      6       2.340433
2009    13      7       2.80879
2009    14      0       3.279949
2009    14      1       1.838178
2009    14      2       0.866755
2009    14      3       0.789251
2009    14      4       0.878124
2009    14      5       1.56553
2009    14      6       1.842059
2009    14      7       2.907391
2009    15      0       4.004506
2009    15      1       3.361155
2009    15      2       0.723569
2009    15      3       2.169223
2009    15      4       3.051201
2009    15      5       4.589931
2009    15      6       4.821358
2009    15      7       4.36746
2009    16      0       3.278615
2009    16      1       3.701083
2009    16      2       5.587605
2009    16      3       6.772648
2009    16      4       5.969071
2009    16      5       5.553652
2009    16      6       3.442575
2009    16      7       1.874588
2009    17      0       1.241481
2009    17      1       4.088251
2009    17      2       5.492012
2009    17      3       5.362457
2009    17      4       3.75378
2009    17      5       2.800633
2009    17      6       1.272647
2009    17      7       1.234917
2009    18      0       1.092858
2009    18      1       3.944536
2009    18      2       5.560502
2009    18      3       7.168698
2009    18      4       5.48857
2009    18      5       2.281488
2009    18      6       0.604444
2009    18      7       1.890434
2009    19      0       2.645018
2009    19      1       2.583758
2009    19      2       2.919863
2009    19      3       3.311558
2009    19      4       2.6345
2009    19      5       2.963
2009    19      6       1.403756
2009    19      7       1.546758
2009    20      0       2.625788
2009    20      1       3.582317
2009    20      2       3.452806
2009    20      3       3.863935
2009    20      4       2.950326
2009    20      5       4.423353
2009    20      6       5.961548
2009    20      7       4.881862
2009    21      0       4.739724
2009    21      1       5.833962
2009    21      2       7.818895
2009    21      3       9.44465
2009    21      4       8.845487
2009    21      5       5.746646
2009    21      6       4.109075
2009    21      7       6.968595
2009    22      0       7.391556
2009    22      1       9.015102
2009    22      2       10.753716
2009    22      3       8.99765
2009    22      4       8.744444
2009    22      5       9.15839
2009    22      6       9.53552
2009    22      7       11.038693
2009    23      0       14.402515
2009    23      1       14.953277
2009    23      2       15.083331
2009    23      3       16.801705
2009    23      4       15.186539
2009    23      5       12.479845
2009    23      6       8.241734
2009    23      7       6.727595
2009    24      0       7.52288
2009    24      1       6.955967
2009    24      2       6.576049
2009    24      3       5.861383
2009    24      4       4.648216
2009    24      5       4.703487
2009    24      6       3.67439
2009    24      7       3.519963
2009    25      0       3.763013
2009    25      1       3.634239
2009    25      2       3.485088
2009    25      3       4.098071
2009    25      4       6.118572
2009    25      5       7.078125
2009    25      6       5.465407
2009    25      7       5.770507
2009    26      0       7.15045
2009    26      1       7.326256
2009    26      2       8.646089
2009    26      3       9.570854
2009    26      4       11.055408
2009    26      5       13.275915
2009    26      6       10.839575
2009    26      7       12.074219
2009    27      0       14.144236
2009    27      1       15.609779
2009    27      2       14.59465
2009    27      3       16.463665
2009    27      4       14.260111
2009    27      5       12.698061
2009    27      6       9.956547
2009    27      7       8.050222
2009    28      0       7.912295
2009    28      1       9.278185
2009    28      2       8.909237
2009    28      3       8.076706
2009    28      4       7.842277
2009    28      5       7.325719
2009    28      6       5.128193
2009    28      7       2.10085
2009    29      0       0.286978
2009    29      1       4.088438
2009    29      2       8.033139
2009    29      3       10.353143
2009    29      4       9.588022
2009    29      5       6.772222
2009    29      6       6.716002
2009    29      7       8.964356
2009    30      0       12.007814
2009    30      1       14.329115
2009    30      2       16.247561
2009    30      3       18.685396
2009    30      4       16.900854
2009    30      5       11.49308
2009    30      6       7.997416
2009    30      7       7.479716
2009    31      0       7.148422
2009    31      1       3.9252
2009    31      2       3.357941
2009    31      3       4.241607
2009    31      4       3.466101
2009    31      5       2.667535
2009    31      6       0.41365
2009    31      7       1.321525
