####################################################################################################
# Month: 07Jul                                                                                     #
# Station: NOR                                                                                     #
# Columns are: year    day     RH (percent)                                                        #
####################################################################################################
9       1       0.78225563
9       2       0.41387188
9       3       0.8027405
9       4       0.79268138
9       5       0.75466325
9       6       0.83871188
9       7       0.79645863
9       8       0.89174475
9       9       0.7514815
9       10      0.36435388
9       11      0.38035013
9       12      0.716681
9       13      0.58607812
9       14      0.68366038
9       15      0.56367088
9       16      0.67497812
9       17      0.8883635
9       18      0.79613275
9       19      0.55774488
9       20      0.72588462
9       21      0.76252475
9       22      0.52666475
9       23      0.62109062
9       24      0.7775365
9       25      0.78297462
9       26      0.76967225
9       27      0.73724988
9       28      0.885876
9       29      0.86822025
9       30      0.81864775
9       31      0.79214038
