####################################################################################################
# Month: 10Oct                                                                                     #
# Station: ATCA                                                                                    #
# Columns are: year    day     segment         RH (percent)                                        #
####################################################################################################
9       1       0       0.421311
9       1       1       0.287912
9       1       2       0.180364
9       1       3       0.156859
9       1       4       0.19153
9       1       5       0.237174
9       1       6       0.265013
9       1       7       0.395392
9       2       0       0.511429
9       2       1       0.360664
9       2       2       0.329667
9       2       3       0.485364
9       2       4       0.343624
9       2       5       0.352178
9       2       6       0.441051
9       2       7       0.582961
9       3       0       0.602597
9       3       1       0.534594
9       3       2       0.501403
9       3       3       0.533199
9       3       4       0.682949
9       3       5       0.69829
9       3       6       0.666511
9       3       7       0.697064
9       4       0       0.556416
9       4       1       0.408058
9       4       2       0.320327
9       4       3       0.340121
9       4       4       0.433883
9       4       5       0.477856
9       4       6       0.492768
9       4       7       0.535659
9       5       0       0.517635
9       5       1       0.446114
9       5       2       0.435498
9       5       3       0.525596
9       5       4       0.586895
9       5       5       0.600833
9       5       6       0.685817
9       5       7       0.715966
9       6       0       0.548067
9       6       1       0.307537
9       6       2       0.240891
9       6       3       0.283981
9       6       4       0.309392
9       6       5       0.362701
9       6       6       0.412475
9       6       7       0.422757
9       7       0       0.422195
9       7       1       0.277151
9       7       2       0.263857
9       7       3       0.407235
9       7       4       0.582798
9       7       5       0.570367
9       7       6       0.584434
9       7       7       0.564267
9       8       0       0.419153
9       8       1       0.254691
9       8       2       0.201541
9       8       3       0.216345
9       8       4       0.328089
9       8       5       0.593613
9       8       6       0.583109
9       8       7       0.53241
9       9       0       0.455541
9       9       1       0.318057
9       9       2       0.299359
9       9       3       0.432631
9       9       4       0.61795
9       9       5       0.661722
9       9       6       0.65626
9       9       7       0.611104
9       10      0       0.57152
9       10      1       0.420179
9       10      2       0.373162
9       10      3       0.391073
9       10      4       0.456235
9       10      5       0.890228
9       10      6       0.875776
9       10      7       0.859749
9       11      0       0.859893
9       11      1       0.795315
9       11      2       0.620296
9       11      3       0.571798
9       11      4       0.524812
9       11      5       0.478034
9       11      6       0.475201
9       11      7       0.759326
9       12      0       0.663482
9       12      1       0.373401
9       12      2       0.240636
9       12      3       0.222907
9       12      4       0.28564
9       12      5       0.410423
9       12      6       0.49211
9       12      7       0.349341
9       13      0       0.298632
9       13      1       0.253074
9       13      2       0.242009
9       13      3       0.249451
9       13      4       0.299295
9       13      5       0.373106
9       13      6       0.414513
9       13      7       0.497129
9       14      0       0.463489
9       14      1       0.339944
9       14      2       0.349585
9       14      3       0.417854
9       14      4       0.447555
9       14      5       0.486536
9       14      6       0.520744
9       14      7       0.558801
9       15      0       0.480903
9       15      1       0.344344
9       15      2       0.274031
9       15      3       0.302627
9       15      4       0.387141
9       15      5       0.640736
9       15      6       0.547217
9       15      7       0.515498
9       16      0       0.426986
9       16      1       0.313776
9       16      2       0.251319
9       16      3       0.258071
9       16      4       0.361038
9       16      5       0.470231
9       16      6       0.520068
9       16      7       0.54295
9       17      0       0.401539
9       17      1       0.272558
9       17      2       0.251629
9       17      3       0.275256
9       17      4       0.302366
9       17      5       0.335707
9       17      6       0.40927
9       17      7       0.573159
9       18      0       0.523843
9       18      1       0.385504
9       18      2       0.317263
9       18      3       0.311933
9       18      4       0.318944
9       18      5       0.346926
9       18      6       0.65202
9       18      7       0.772754
9       19      0       0.681326
9       19      1       0.435233
9       19      2       0.341159
9       19      3       0.3315
9       19      4       0.340665
9       19      5       0.357518
9       19      6       0.372847
9       19      7       0.479334
9       20      0       0.615854
9       20      1       0.385226
9       20      2       0.297642
9       20      3       0.279934
9       20      4       0.281683
9       20      5       0.286252
9       20      6       0.292506
9       20      7       0.306071
9       21      0       0.364824
9       21      1       0.273822
9       21      2       0.2296
9       21      3       0.220435
9       21      4       0.219465
9       21      5       0.22511
9       21      6       0.239124
9       21      7       0.258292
9       22      0       0.307627
9       22      1       0.271022
9       22      2       0.231514
9       22      3       0.217869
9       22      4       0.228674
9       22      5       0.291031
9       22      6       0.287332
9       22      7       0.255147
9       23      0       0.326252
9       23      1       0.217395
9       23      2       0.17628
9       23      3       0.175989
9       23      4       0.193745
9       23      5       0.239065
9       23      6       0.275669
9       23      7       0.310375
