####################################################################################################
# Month: 05May                                                                                     #
# Station: PAR                                                                                     #
# Frequency: 345 GHz                                                                               #
# Columns are: year    day     tau     Tb (K)                                                      #
####################################################################################################
2009    1       0.57204286      121.9572
2009    2       0.51171358      113.168325
2009    3       0.56693742      123.076125
2009    4       0.63248268      131.9089625
2009    5       0.81750015      154.48925
2009    6       0.74714767      145.5233
2009    7       0.8025068       152.922
2009    8       0.4785998       107.67653375
2009    9       0.35356125      86.02168
2009    10      0.28875341      74.098705
2009    11      0.32886425      81.67561125
2009    12      0.41563881      97.879285
2009    13      0.72830506      138.97888
2009    14      0.90789149      164.2175875
2009    15      0.75667782      148.7453875
2009    16      0.82458426      157.8832875
2009    17      0.44886298      103.15830375
2009    18      0.20143741      55.02855875
2009    19      0.39063811      90.6734275
2009    20      0.95983035      167.97755
2009    21      0.63452574      130.1834125
2009    22      0.34164671      83.95748
2009    23      0.32669661      81.18580125
2009    24      0.47866569      107.817785
2009    25      0.55484508      119.945175
2009    26      0.4925115       110.1744375
2009    27      0.56004141      120.966825
2009    28      0.71081924      139.9220625
2009    29      0.84910466      156.08885
2009    30      0.33413052      80.63126625
2009    31      0.24750184      62.9272225
2010    1       1.64427475      223.3618625
2010    2       1.36160808      194.3149
2010    3       0.46387679      104.54318
2010    4       0.42264746      98.38467375
2010    5       0.38769208      92.3906825
2010    6       0.41877482      97.04065
2010    7       0.45280125      103.9003975
2010    8       0.16254984      46.67049
2010    9       0.1577502       44.67681
2010    10      0.15001232      42.91780125
2010    11      0.15265988      43.99227
2010    12      0.2494212       61.20483
2010    13      0.49208941      105.68415625
2010    14      1.18530514      186.3629125
2010    15      0.65756575      133.776675
2010    16      0.57129988      118.59753125
2010    17      0.25569335      64.98317125
2010    18      0.21941531      58.52903625
2010    19      0.37371898      85.84805375
2010    20      0.61044159      127.4856375
2010    21      0.45450759      103.902105
2010    22      0.48606719      107.380065
2010    23      0.38290245      89.52832
2010    24      0.33560182      80.9282125
2010    25      0.29529339      74.09773625
2010    26      0.29942126      74.59793
2010    27      0.4285545       96.95322125
2010    28      1.75912894      221.1189125
2010    29      1.06825066      161.4575425
2010    30      0.22612945      59.7691125
2010    31      0.23206201      60.8909
2011    1       0.15060124      43.5827325
2011    2       0.17540431      49.47056875
2011    3       0.13906889      41.01922
2011    4       0.17001971      47.28364375
2011    5       0.31569933      77.06915875
2011    6       0.80283209      152.069125
2011    7       1.37912562      205.2322625
2011    8       1.54216975      214.7493125
2011    9       1.50754525      212.2149375
2011    10      1.02020929      174.812575
2011    11      0.95847121      168.065775
2011    12      0.65154212      135.1000625
2011    13      0.52542922      115.4403125
2011    14      0.39134679      92.6242025
2011    15      0.39231128      93.299365
2011    16      0.34615244      84.92813125
2011    17      0.31590664      79.07416375
2011    18      0.22410101      59.9908175
2011    19      0.23295514      61.30802625
2011    20      0.30956854      77.36414125
2011    21      0.38939748      91.7453875
2011    22      0.68647218      137.6574875
2011    23      1.27354985      196.8212
2011    24      0.80656331      147.4632425
2011    25      0.28512222      72.4156575
2011    26      0.21224892      56.0588275
2011    27      0.32631602      78.79420125
2011    28      0.28177026      71.10963875
2011    29      0.43894575      98.0789825
2011    30      1.2126615       193.3664
2011    31      1.13684206      187.863775
2012    1       0.31370454      78.96946875
2012    2       0.39544014      93.699285
2012    3       0.43253952      98.87326875
2012    4       0.72077591      141.2249125
2012    5       0.59190048      125.741975
2012    6       0.51131724      114.129125
2012    7       0.45834932      105.91089625
2012    8       0.58916559      126.9935625
2012    9       0.60761449      128.39315
2012    10      0.79290384      151.71845
2012    11      0.70179849      141.0055875
2012    12      0.8156461       154.2406
2012    13      0.94241206      167.699425
2012    14      0.57696441      122.28866875
2012    15      0.41765488      95.9525725
2012    16      0.3614196       87.05209125
2012    17      0.36605952      87.9900325
2012    18      0.37325014      88.87375875
2012    19      0.30382868      76.47640625
2012    20      0.40487982      95.42276875
2012    21      0.25767752      66.73526875
2012    22      0.24681199      63.5977925
2012    23      0.22988874      60.853705
2012    24      0.38786888      89.0507225
2012    25      0.65408628      131.4374625
2012    26      0.95920242      165.2526125
2012    27      0.93450259      166.2859625
2012    28      0.50330442      111.3203275
2012    29      0.18948058      52.47416125
2012    30      0.19320109      52.89500875
2012    31      0.28195526      71.0858975
2013    1       0.5622484       120.41815
2013    2       0.57604711      122.368025
2013    3       0.44522365      101.642425
2013    4       0.36852424      88.54253
2013    5       0.18535045      51.394375
2013    6       0.12981093      38.2121875
2013    7       0.20170842      55.39583125
2013    8       0.19944894      55.10460875
2013    9       0.3156822       77.18999625
2013    10      0.79366292      150.4147
2013    11      0.61606085      128.267125
2013    12      0.44424234      102.25016
2013    13      0.48141192      107.72354125
2013    14      0.35888315      86.359865
2013    15      0.41834966      96.13773375
2013    16      0.83559335      146.490425
2013    17      2.24981125      241.8735125
2013    18      1.66041612      215.13355
2013    19      0.92024904      165.29475
2013    20      0.55152649      118.6505175
2013    21      0.64013743      132.94045
2013    22      0.53995691      116.9932375
2013    23      0.49627456      109.7786075
2013    24      0.39951962      94.207975
2013    25      0.37225721      88.21334875
2013    26      0.22636864      59.933605
2013    27      0.20935898      55.0105225
2013    28      0.42860249      97.5876025
2013    29      0.47447836      105.98613
2013    30      0.48659252      108.25975
2013    31      0.48294716      107.0526625
2014    1       0.56436921      117.51489
2014    2       0.45898855      102.6168775
2014    3       0.40805992      93.590005
2014    4       0.79940735      151.1225875
2014    5       0.75451131      145.2411
2014    6       0.43446071      100.096075
2014    7       0.56874638      122.0251
2014    8       0.52260307      116.0320875
2014    9       0.55763611      121.9913125
2014    10      0.60063961      127.118725
2014    11      0.53916409      117.01784375
2014    12      0.52181982      113.830435
2014    13      0.71460218      142.6994875
2014    14      0.40812321      95.54247125
2014    15      0.33170589      81.61591
2014    16      0.38065348      91.3308625
2014    17      0.28029915      71.11321875
2014    18      0.29547682      73.56049625
2014    19      0.22894689      60.343535
2014    20      0.2045925       54.8055475
2014    21      0.36955341      87.21521375
2014    22      0.72548095      134.9440875
2014    23      1.23509199      189.945425
2014    24      1.11670733      178.7112
2014    25      0.45346065      100.9122075
2014    26      0.30449186      75.40587875
2014    27      0.28713433      72.5497875
2014    28      0.25985949      66.90528125
2014    29      0.68811942      137.6282
2014    30      0.75484921      145.603005
2014    31      0.2539518       65.16718125
2015    1       0.4946876       111.98598125
2015    2       0.60043339      124.1427525
2015    3       0.65880487      133.4307875
2015    4       0.4327847       99.51078625
2015    5       0.4964881       109.248925
2015    6       0.73956928      144.6039125
2015    7       0.97444772      167.528125
2015    8       0.47705716      107.64170875
2015    9       0.57434027      123.4911625
2015    10      0.34600732      83.3553825
2015    11      0.39753912      93.46842375
2015    12      0.45499229      103.3630375
2015    13      0.44669315      102.39449875
2015    14      0.39527316      93.31464625
2015    15      0.43860311      98.85458
2015    16      0.35667321      85.04454125
2015    17      0.36102296      86.2750975
2015    18      0.59550166      125.637825
2015    19      0.37605272      89.82047375
2015    20      0.16586299      47.766585
2015    21      0.50879115      106.54434
2015    22      0.74489904      146.880575
2015    23      0.73019535      143.5602125
2015    24      0.76413784      148.3062375
2015    25      1.08927226      174.0764375
2015    26      1.45566989      201.5547125
2015    27      0.66656512      134.6682375
2015    28      0.48933969      108.813125
2015    29      0.38903085      91.75818
2015    30      0.40597661      93.48665125
2015    31      0.26766204      67.9661625
2016    1       0.8273908       157.1197375
2016    2       0.85345464      159.174275
2016    3       0.88769832      163.1494375
2016    4       0.96043182      171.7620875
2016    5       0.70804466      139.3394125
2016    6       1.11440511      180.8804375
2016    7       1.17382812      188.9562
2016    8       0.96655926      168.4563375
2016    9       0.90968679      162.3359375
2016    10      0.96522134      164.4563875
2016    11      0.99307816      168.863275
2016    12      0.62060419      128.6550625
2016    13      0.5269394       115.236775
2016    14      0.52433548      113.27928
2016    15      0.43912409      97.181115
2016    16      0.7509113       144.2668125
2016    17      1.0012451       173.6183375
2016    18      0.51861712      114.32490875
2016    19      0.38538154      89.5777375
2016    20      0.5590052       119.164975
2016    21      0.62135789      127.8189375
2016    22      0.90046861      162.7411125
2016    23      0.53919219      116.49265
2016    24      0.5763988       122.27735
2016    25      0.67542691      136.0328625
2016    26      0.73973469      144.174625
2016    27      1.02187644      168.1780625
2016    28      0.98491155      170.864675
2016    29      1.57874462      211.973125
2016    30      1.47984919      204.1551
2016    31      0.69682738      136.2287875
2017    1       0.37853645      89.72954875
2017    2       0.42390394      97.81429
2017    3       0.25823145      67.049145
2017    4       0.25746758      66.5888475
2017    5       0.20098308      54.83586625
2017    6       0.30971245      77.782215
2017    7       0.38511334      91.2307475
2017    8       0.36194751      86.121845
2017    9       0.32368821      78.6656925
2017    10      0.63609271      126.07406625
2017    11      0.99287555      171.9553625
2017    12      1.04656806      176.6738625
2017    13      0.79782055      149.35215
2017    14      0.50229849      109.9557275
2017    15      0.70502841      141.422675
2017    16      0.76199892      147.76195
2017    17      0.73906584      144.33415
2017    18      0.39330928      91.7213125
2017    19      0.3171062       75.95352875
2017    20      0.51233915      111.18396125
2017    21      0.20528308      55.25110875
2017    22      1.10135518      158.77686875
2017    23      0.904367        159.4504625
2017    24      1.34944724      200.585525
2017    25      1.24143435      192.188
2017    26      0.50250295      110.35296
2017    27      0.30377854      76.13267375
2017    28      0.34174682      82.87392125
2017    29      0.43201386      99.01524125
2017    30      0.36244191      86.5173925
2017    31      0.2998305       74.18961625
2018    1       0.61395386      129.0583125
2018    2       0.69395955      138.1611625
2018    3       0.29474646      74.862965
2018    4       0.50038722      112.39403
2018    5       0.34313358      84.71791125
2018    6       0.4155551       94.400945
2018    7       0.62886371      130.9242375
2018    8       0.66594049      136.3935875
2018    9       1.01385486      175.8461125
2018    10      0.41634924      96.06037625
2018    11      0.1942125       53.4551775
2018    12      0.27530026      71.34498125
2018    13      0.37345225      89.12652
2018    14      0.56997046      119.05059875
2018    15      0.63893702      131.537575
2018    16      0.59955099      126.9430375
2018    17      0.68160671      139.389925
2018    18      0.39681175      91.8545425
2018    19      0.17168734      48.02341625
2018    20      0.28896171      73.28982125
2018    21      0.24570494      63.42822125
2018    22      0.26612745      67.7681125
2018    23      0.1539194       44.15760625
2018    24      0.11393476      34.61427875
2018    25      0.1778153       49.68155
2018    26      0.30531937      76.43171625
2018    27      0.34521052      84.30179
2018    28      0.46623658      106.2170625
2018    29      0.52619366      115.03195
2018    30      0.585917        124.223025
2018    31      0.67518901      136.1729125
