####################################################################################################
# Month: 12Dec                                                                                     #
# Station: PIKE                                                                                    #
# Frequency: 230 GHz                                                                               #
# Columns are: year    day     tau     Tb (K)                                                      #
####################################################################################################
2009    1       0.05898299      18.9277175
2009    2       0.0478287       16.13290125
2009    3       0.03260305      12.2336375
2009    4       0.03396274      12.55915188
2009    5       0.0563355       18.1154225
2009    6       0.10505169      29.110375
2009    7       0.06566801      20.17670375
2009    8       0.12489269      33.50111375
2009    9       0.0300465       11.72260375
2009    10      0.03141792      12.11107912
2009    11      0.03851143      13.7676775
2009    12      0.06440335      19.98225625
2009    13      0.05662807      18.2001075
2009    14      0.03378972      12.70037962
2009    15      0.04218268      14.81614825
2009    16      0.13318514      35.78692125
2009    17      0.11196234      31.05741875
2009    18      0.03394162      12.68607875
2009    19      0.03409033      12.77080125
2009    20      0.08352507      24.73558
2009    21      0.07897883      23.4428025
2009    22      0.0986209       27.56176125
2009    23      0.1228859       33.03707125
2009    24      0.06548858      19.88655912
2009    25      0.04029489      14.14929
2009    26      0.0864307       24.99955875
2009    27      0.07042744      21.57404125
2009    28      0.04640187      15.7599775
2009    29      0.09445712      26.62947375
2009    30      0.08891133      25.3599875
2009    31      0.04733996      15.760375
2010    1       0.09310478      26.82981375
2010    2       0.08411299      24.8929975
2010    3       0.10245517      29.4299975
2010    4       0.13566776      36.80414375
2010    5       0.15565705      40.49653
2010    6       0.09273318      26.59725125
2010    7       0.09439369      27.04053625
2010    8       0.06067952      19.23974125
2010    9       0.12519941      34.3196475
2010    10      0.1294247       34.74881375
2010    11      0.07229852      21.79535375
2010    12      0.12713535      34.825605
2010    13      0.07991588      23.9916225
2010    14      0.1227816       33.7088475
2010    15      0.14022172      38.01994625
2010    16      0.0669345       20.5095375
2010    17      0.07864112      23.235345
2010    18      0.0964274       27.4690075
2010    19      0.10632596      30.0476675
2010    20      0.1020425       29.44487125
2010    21      0.13370139      36.4709525
2010    22      0.13296903      35.95831125
2010    23      0.10003668      28.529315
2010    24      0.08499896      24.619165
2010    25      0.06414087      20.0868175
2010    26      0.06570708      20.68143
2010    27      0.06443053      20.13716375
2010    28      0.07556318      22.56718
2010    29      0.10117526      28.22155875
2010    30      0.10242463      28.78013375
2010    31      0.06580902      20.00101125
2011    1       0.1031213       29.044615
2011    2       0.0478367       16.3140625
2011    3       0.15199645      39.2071075
2011    4       0.06253639      19.35505125
2011    5       0.04439502      14.98467
2011    6       0.03522249      12.972914
2011    7       0.0594308       19.2427925
2011    8       0.06975162      21.3823475
2011    9       0.04802546      16.0852245
2011    10      0.04323535      15.1039775
2011    11      0.02042343      9.358534
2011    12      0.07488881      22.29398625
2011    13      0.10145982      28.4463825
2011    14      0.07285678      21.96512
2011    15      0.04684294      15.942865
2011    16      0.02972812      11.73963238
2011    17      0.03554548      13.3605475
2011    18      0.03804964      13.89283625
2011    19      0.14958002      38.849025
2011    20      0.1487582       38.209955
2011    21      0.04858896      16.3836975
2011    22      0.12034548      32.31778375
2011    23      0.03853457      13.7914125
2011    24      0.0577606       18.58339125
2011    25      0.0650134       20.3992725
2011    26      0.05260433      17.438685
2011    27      0.08869347      25.94240125
2011    28      0.08975914      26.08822125
2011    29      0.10558903      29.74036875
2011    30      0.07727184      23.33654875
2011    31      0.04612954      15.7988745
2012    1       0.09578466      27.7914175
2012    2       0.06153125      19.52118
2012    3       0.0652985       20.78658375
2012    4       0.08869509      25.8553125
2012    5       0.1555966       41.25252
2012    6       0.21967155      54.10960625
2012    7       0.0691567       21.2956475
2012    8       0.07582517      22.9117425
2012    9       0.09155576      26.08048
2012    10      0.05468724      17.58785125
2012    11      0.05040352      16.5659275
2012    12      0.07709971      23.171545
2012    13      0.06435854      20.15834
2012    14      0.10850271      29.92715625
2012    15      0.0934708       26.65943125
2012    16      0.06413185      19.8464725
2012    17      0.04990187      16.644905
2012    18      0.06210825      19.7527225
2012    19      0.12390144      33.32446125
2012    20      0.03364215      12.58280075
2012    21      0.03690629      13.50508625
2012    22      0.04231785      14.8220775
2012    23      0.05133117      17.0083625
2012    24      0.10086983      28.2767075
2012    25      0.11044602      30.172075
2012    26      0.06815506      20.711565
2012    27      0.05754114      18.323975
2012    28      0.06143267      19.11524
2012    29      0.03492757      12.91309725
2012    30      0.07118769      21.54979625
2012    31      0.12208852      32.93806
2013    1       0.05424532      17.82727
2013    2       0.10592569      30.08673625
2013    3       0.09296844      27.0264025
2013    4       0.1439005       38.08756125
2013    5       0.02391614      10.16191062
2013    6       0.02623193      10.70775638
2013    7       0.06589004      20.17520875
2013    8       0.04454613      15.16243375
2013    9       0.02893675      11.31956638
2013    10      0.03381615      12.6487375
2013    11      0.05256948      17.17080625
2013    12      0.037375        13.8210925
2013    13      0.03237376      12.44453
2013    14      0.05977839      18.8856325
2013    15      0.07684862      23.11623875
2013    16      0.05382587      17.76768875
2013    17      0.05883227      19.13414625
2013    18      0.07375555      22.4910475
2013    19      0.1359768       36.10078875
2013    20      0.0854568       25.04552
2013    21      0.06533312      20.17896875
2013    22      0.06383967      19.6516525
2013    23      0.03964475      14.1227225
2013    24      0.08115442      24.01634375
2013    25      0.04111793      14.53662962
2013    26      0.05748107      18.48576125
2013    27      0.0629508       19.965695
2013    28      0.06451707      20.42365875
2013    29      0.11974603      32.06512125
2013    30      0.0643887       19.97080375
2013    31      0.07738453      23.12503375
2014    1       0.07185333      21.85944375
2014    2       0.04582657      15.7626775
2014    3       0.12088344      32.9636775
2014    4       0.07454528      22.33965125
2014    5       0.10444864      29.4631225
2014    6       0.09180211      26.34662375
2014    7       0.0994418       27.9180125
2014    8       0.0566296       18.34594875
2014    9       0.05779142      18.68047875
2014    10      0.08174546      24.52891125
2014    11      0.05762338      18.8199725
2014    12      0.02516974      10.68690025
2014    13      0.08176858      24.07316875
2014    14      0.09887999      28.24431625
2014    15      0.07181634      21.827845
2014    16      0.11707774      31.54996375
2014    17      0.15292681      39.48398625
2014    18      0.13518535      35.8726525
2014    19      0.07355343      22.0285875
2014    20      0.0766025       22.97481625
2014    21      0.10281678      28.904335
2014    22      0.12779974      34.29860375
2014    23      0.0585248       18.44608375
2014    24      0.05220946      17.266745
2014    25      0.0719253       21.9851125
2014    26      0.08507709      24.68228875
2014    27      0.03736835      13.4133925
2014    28      0.07109646      21.42319612
2014    29      0.0464025       15.46780875
2014    30      0.07047583      21.25985625
2014    31      0.06794174      21.00221
2015    1       0.05159084      16.8220625
2015    2       0.07365601      22.2985975
2015    3       0.08433111      24.57895625
2015    4       0.05859694      18.73280363
2015    5       0.10225575      28.86373375
2015    6       0.04999927      16.65927438
2015    7       0.0646371       20.35568875
2015    8       0.0802136       24.06435
2015    9       0.12015355      33.4699225
2015    10      0.09269211      27.041325
2015    11      0.10534475      29.94991375
2015    12      0.18449384      46.44202
2015    13      0.07759914      23.14472125
2015    14      0.05490738      18.09749375
2015    15      0.11029306      30.38414875
2015    16      0.06391593      19.77261875
2015    17      0.0410255       14.2942675
2015    18      0.08293929      24.60537
2015    19      0.04380189      15.3013425
2015    20      0.08864053      25.65921625
2015    21      0.06128102      19.279645
2015    22      0.08384454      24.81385375
2015    23      0.06920421      21.17562375
2015    24      0.040025        14.0073465
2015    25      0.06658236      20.51283125
2015    26      0.03374028      12.7068325
2015    27      0.04903314      16.46391125
2015    28      0.04570462      15.7257475
2015    29      0.05295525      17.35828625
2015    30      0.05805433      18.402985
2015    31      0.05214307      17.0478475
2016    1       0.07539725      22.5714125
2016    2       0.08775179      25.4151875
2016    3       0.06469814      20.04439625
2016    4       0.06379714      20.03443125
2016    5       0.07308372      22.42476375
2016    6       0.05252558      16.85342875
2016    7       0.0681968       20.43718788
2016    8       0.05002999      16.43259388
2016    9       0.09111832      26.364155
2016    10      0.09901953      28.47709
2016    11      0.08127608      24.1531405
2016    12      0.06141876      19.34951
2016    13      0.05841245      18.708675
2016    14      0.1096265       30.8128375
2016    15      0.12729077      35.13446625
2016    16      0.16110523      42.77844125
2016    17      0.200209        49.38280625
2016    18      0.03040346      11.72353625
2016    19      0.03416034      12.82419125
2016    20      0.11253498      31.412185
2016    21      0.10079346      28.93676
2016    22      0.17834228      45.85003125
2016    23      0.10330394      28.96088125
2016    24      0.0450335       15.57162625
2016    25      0.10991918      30.462085
2016    26      0.02628117      10.89172388
2016    27      0.03135243      12.20136
2016    28      0.05319165      17.72207
2016    29      0.04832978      16.50132
2016    30      0.04322068      15.23524875
2016    31      0.06716573      20.9228775
2017    1       0.0779345       23.5234725
2017    2       0.0765143       23.1703775
2017    3       0.06908189      21.34439375
2017    4       0.05198304      17.09319525
2017    5       0.03238403      12.33477463
2017    6       0.05245272      17.2247725
2017    7       0.04251027      14.59215312
2017    8       0.10940184      30.42784375
2017    9       0.04953192      16.611
2017    10      0.05240118      17.31687125
2017    11      0.04908972      16.70866125
2017    12      0.0841329       25.253955
2017    13      0.07464818      22.5106875
2017    14      0.17500679      43.97770625
2017    15      0.07290744      22.20483875
2017    16      0.09653045      27.8815625
2017    17      0.10898189      30.28396625
2017    18      0.04658341      15.984545
2017    19      0.09859635      28.2775375
2017    20      0.10700348      30.35118375
2017    21      0.09462067      27.3646775
2017    22      0.04661568      15.91349125
2017    23      0.08787213      25.733805
2017    24      0.03925926      13.94950775
2017    25      0.11873904      32.41492625
2017    26      0.05239892      17.38053
2017    27      0.04980958      16.70527125
2017    28      0.0698627       21.67514375
2017    29      0.0825248       24.7134475
2017    30      0.05817819      18.85257375
2017    31      0.0752917       22.79078
2018    1       0.07622558      22.44562125
2018    2       0.04541972      15.402925
