####################################################################################################
# Month: 02Feb                                                                                     #
# Station: DomeA                                                                                   #
# Columns are: year    day     windspeed (m/s)                                                     #
####################################################################################################
2009    1       10.92090913
2009    2       2.86373512
2009    3       3.14677763
2009    4       8.918421
2009    5       12.86010612
2009    6       7.39652125
2009    7       4.2436075
2009    8       7.41694375
2009    9       3.59718462
2009    10      2.70500488
2009    11      8.721312
2009    12      4.75976437
2009    13      13.47788912
2009    14      16.54436212
2009    15      7.34608612
2009    16      5.12904962
2009    17      4.13924362
2009    18      2.73860362
2009    19      5.71793788
2009    20      14.0983
2009    21      20.77292225
2009    22      12.86456838
2009    23      6.74991512
2009    24      7.98930387
2009    25      7.36833612
2009    26      2.45116025
2009    27      4.08828288
2009    28      4.08959475
