####################################################################################################
# Month: 02Feb                                                                                     #
# Station: DomeA                                                                                   #
# Columns are: year    day     segment         RH (percent)                                        #
####################################################################################################
9       1       0       0.988273
9       1       1       0.991148
9       1       2       0.99385
9       1       3       0.988464
9       1       4       0.994722
9       1       5       0.997169
9       1       6       0.996792
9       1       7       0.994238
9       2       0       0.979539
9       2       1       0.973917
9       2       2       0.962946
9       2       3       0.951758
9       2       4       0.973694
9       2       5       0.984511
9       2       6       0.97015
9       2       7       0.969924
9       3       0       0.988255
9       3       1       0.984024
9       3       2       0.943115
9       3       3       0.932127
9       3       4       0.945945
9       3       5       0.916291
9       3       6       0.846302
9       3       7       0.833693
9       4       0       0.972875
9       4       1       0.98672
9       4       2       0.977446
9       4       3       0.817086
9       4       4       0.676867
9       4       5       0.788765
9       4       6       0.604804
9       4       7       0.545586
9       5       0       0.470807
9       5       1       0.379892
9       5       2       0.644064
9       5       3       0.978661
9       5       4       0.99458
9       5       5       0.998712
9       5       6       0.999629
9       5       7       1.001557
9       6       0       1.007093
9       6       1       1.002221
9       6       2       0.993529
9       6       3       0.991399
9       6       4       0.990417
9       6       5       0.983091
9       6       6       0.994801
9       6       7       0.989505
9       7       0       0.947725
9       7       1       0.912272
9       7       2       0.909043
9       7       3       0.895637
9       7       4       0.858604
9       7       5       0.825875
9       7       6       0.892637
9       7       7       0.924322
9       8       0       0.891978
9       8       1       0.913664
9       8       2       0.884401
9       8       3       0.865458
9       8       4       0.865797
9       8       5       0.871377
9       8       6       0.913813
9       8       7       0.94058
9       9       0       0.942938
9       9       1       0.953966
9       9       2       0.958768
9       9       3       0.964647
9       9       4       0.963729
9       9       5       0.956678
9       9       6       0.95545
9       9       7       0.94985
9       10      0       0.928117
9       10      1       0.913442
9       10      2       0.902438
9       10      3       0.902872
9       10      4       0.938433
9       10      5       0.949773
9       10      6       0.921514
9       10      7       0.949016
9       11      0       0.986319
9       11      1       0.976961
9       11      2       0.981289
9       11      3       0.984955
9       11      4       0.989921
9       11      5       0.98762
9       11      6       0.989752
9       11      7       0.999804
9       12      0       0.998153
9       12      1       0.984033
9       12      2       0.974595
9       12      3       0.976737
9       12      4       0.977245
9       12      5       0.980387
9       12      6       0.98779
9       12      7       0.955276
9       13      0       0.915184
9       13      1       0.896227
9       13      2       0.768948
9       13      3       0.680411
9       13      4       0.704182
9       13      5       0.739405
9       13      6       0.74422
9       13      7       0.763381
9       14      0       0.83295
9       14      1       0.876363
9       14      2       0.834223
9       14      3       0.8326
9       14      4       0.922914
9       14      5       0.958231
9       14      6       0.940721
9       14      7       0.933102
9       15      0       0.840471
9       15      1       0.834515
9       15      2       0.903553
9       15      3       0.92348
9       15      4       0.95009
9       15      5       0.981617
9       15      6       0.974893
9       15      7       0.962466
9       16      0       0.957544
9       16      1       0.954656
9       16      2       0.93191
9       16      3       0.912037
9       16      4       0.929869
9       16      5       0.945172
9       16      6       0.95972
9       16      7       0.983522
9       17      0       0.982779
9       17      1       0.973811
9       17      2       0.964999
9       17      3       0.961689
9       17      4       0.955648
9       17      5       0.947246
9       17      6       0.921774
9       17      7       0.919295
9       18      0       0.934304
9       18      1       0.943021
9       18      2       0.983278
9       18      3       0.994374
9       18      4       0.977426
9       18      5       0.968187
9       18      6       0.962861
9       18      7       0.953696
9       19      0       0.938684
9       19      1       0.942851
9       19      2       0.953111
9       19      3       0.95831
9       19      4       0.985473
9       19      5       0.977472
9       19      6       0.956823
9       19      7       0.959872
9       20      0       0.965719
9       20      1       0.942235
9       20      2       0.947824
9       20      3       0.99189
9       20      4       0.98542
9       20      5       0.986769
9       20      6       0.981238
9       20      7       1.080409
9       21      0       1.011911
9       21      1       0.994522
9       21      2       0.997517
9       21      3       0.989986
9       21      4       0.89914
9       21      5       0.904347
9       21      6       0.922986
9       21      7       0.940364
9       22      0       0.836282
9       22      1       0.826687
9       22      2       0.875402
9       22      3       0.957475
9       22      4       0.836997
9       22      5       0.773785
9       22      6       0.710297
9       22      7       0.606124
9       23      0       0.465451
9       23      1       0.377639
9       23      2       0.384295
9       23      3       0.409212
9       23      4       0.566449
9       23      5       0.796277
9       23      6       0.946604
9       23      7       0.976659
9       24      0       0.979538
9       24      1       0.973963
9       24      2       0.961871
9       24      3       0.955532
9       24      4       0.943618
9       24      5       0.908713
9       24      6       0.861751
9       24      7       0.774214
9       25      0       0.6204
9       25      1       0.707627
9       25      2       0.883149
9       25      3       0.960268
9       25      4       0.973657
9       25      5       0.91913
9       25      6       0.76451
9       25      7       0.583877
9       26      0       0.453699
9       26      1       0.41519
9       26      2       0.430246
9       26      3       0.396213
9       26      4       0.338929
9       26      5       0.367402
9       26      6       0.49917
9       26      7       0.703778
9       27      0       0.736175
9       27      1       0.697951
9       27      2       0.821874
9       27      3       0.935599
9       27      4       0.899974
9       27      5       0.852053
9       27      6       0.916371
9       27      7       0.966188
9       28      0       1.004128
9       28      1       1.059925
9       28      2       1.058544
9       28      3       1.028228
9       28      4       0.980616
9       28      5       0.971108
9       28      6       0.966118
9       28      7       0.950575
