####################################################################################################
# Month: 08Aug                                                                                     #
# Station: SPX                                                                                     #
# Columns are: year    day     segment         RH (percent)                                        #
####################################################################################################
9       1       0       0.261396
9       1       1       0.25721
9       1       2       0.255375
9       1       3       0.214158
9       1       4       0.322643
9       1       5       0.421371
9       1       6       0.543253
9       1       7       0.799165
9       2       0       1.007969
9       2       1       0.911783
9       2       2       0.437676
9       2       3       0.690231
9       2       4       0.987343
9       2       5       0.842058
9       2       6       0.667457
9       2       7       0.667082
9       3       0       0.603589
9       3       1       0.569851
9       3       2       0.659816
9       3       3       0.848712
9       3       4       0.975177
9       3       5       0.982367
9       3       6       0.943271
9       3       7       0.769295
9       4       0       0.554088
9       4       1       0.482969
9       4       2       0.399634
9       4       3       0.314853
9       4       4       0.251242
9       4       5       0.212242
9       4       6       0.125857
9       4       7       0.082575
9       5       0       0.09643
9       5       1       0.1407
9       5       2       0.231624
9       5       3       0.31724
9       5       4       0.39168
9       5       5       0.470797
9       5       6       0.473297
9       5       7       0.432816
9       6       0       0.41246
9       6       1       0.423795
9       6       2       0.417418
9       6       3       0.416538
9       6       4       0.412065
9       6       5       0.424316
9       6       6       0.50496
9       6       7       0.598967
9       7       0       0.61403
9       7       1       0.633654
9       7       2       0.620751
9       7       3       0.588069
9       7       4       0.570256
9       7       5       0.592077
9       7       6       0.693601
9       7       7       0.75313
9       8       0       0.860903
9       8       1       0.979257
9       8       2       0.988256
9       8       3       0.980304
9       8       4       0.971274
9       8       5       0.965557
9       8       6       0.898726
9       8       7       0.832969
9       9       0       0.755486
9       9       1       0.692462
9       9       2       0.575908
9       9       3       0.443327
9       9       4       0.336144
9       9       5       0.370869
9       9       6       0.616339
9       9       7       0.952876
9       10      0       0.965856
9       10      1       0.917495
9       10      2       0.971473
9       10      3       0.903264
9       10      4       0.828752
9       10      5       0.763664
9       10      6       0.944127
9       10      7       0.954649
9       11      0       0.462689
9       11      1       0.447347
9       11      2       0.56071
9       11      3       0.091442
9       11      4       0.08285
9       11      5       0.170539
9       11      6       0.256171
9       11      7       0.290159
9       12      0       0.253848
9       12      1       0.208066
9       12      2       0.18434
9       12      3       0.237971
9       12      4       0.270776
9       12      5       0.311675
9       12      6       0.601235
9       12      7       0.678761
9       13      0       0.725394
9       13      1       0.630227
9       13      2       0.514704
9       13      3       0.609194
9       13      4       0.845274
9       13      5       0.932652
9       13      6       0.72505
9       13      7       0.712876
9       14      0       0.449826
9       14      1       0.211017
9       14      2       0.133356
9       14      3       0.138349
9       14      4       0.165782
9       14      5       0.219653
9       14      6       0.295315
9       14      7       0.354208
9       15      0       0.347565
9       15      1       0.322204
9       15      2       0.278519
9       15      3       0.209777
9       15      4       0.200494
9       15      5       0.191485
9       15      6       0.200456
9       15      7       0.195072
9       16      0       0.239055
9       16      1       0.327562
9       16      2       0.38833
9       16      3       0.303226
9       16      4       0.277233
9       16      5       0.35311
9       16      6       0.571342
9       16      7       0.630152
9       17      0       0.538866
9       17      1       0.437418
9       17      2       0.445505
9       17      3       0.406253
9       17      4       0.613471
9       17      5       0.79158
9       17      6       0.565269
9       17      7       0.544732
9       18      0       0.447423
9       18      1       0.328504
9       18      2       0.253343
9       18      3       0.370489
9       18      4       0.376456
9       18      5       0.271849
9       18      6       0.24661
9       18      7       0.332124
9       19      0       0.371894
9       19      1       0.305152
9       19      2       0.294297
9       19      3       0.368679
9       19      4       0.513602
9       19      5       0.627454
9       19      6       0.543178
9       19      7       0.428568
9       20      0       0.55297
9       20      1       0.672062
9       20      2       0.652223
9       20      3       0.571299
9       20      4       0.37836
9       20      5       0.410587
9       20      6       0.747033
9       20      7       0.975975
9       21      0       0.95937
9       21      1       0.940077
9       21      2       0.520898
9       21      3       0.47472
9       21      4       0.926079
9       21      5       0.552107
9       21      6       0.439779
9       21      7       0.443186
9       22      0       0.510546
9       22      1       0.60296
9       22      2       0.8137
9       22      3       0.914189
9       22      4       0.734288
9       22      5       0.643734
9       22      6       0.434134
9       22      7       0.149284
9       23      0       0.109054
9       23      1       0.113231
9       23      2       0.119975
9       23      3       0.132745
9       23      4       0.119646
9       23      5       0.130635
9       23      6       0.140285
9       23      7       0.152342
9       24      0       0.195496
9       24      1       0.19919
9       24      2       0.203013
9       24      3       0.221677
9       24      4       0.241921
9       24      5       0.277684
9       24      6       0.667992
9       24      7       0.755237
9       25      0       0.684959
9       25      1       0.636015
9       25      2       0.789003
9       25      3       0.907828
9       25      4       0.793691
9       25      5       0.946214
9       25      6       0.950625
9       25      7       0.888777
9       26      0       0.876846
9       26      1       0.835708
9       26      2       0.830776
9       26      3       0.83545
9       26      4       0.836159
9       26      5       0.891413
9       26      6       0.946173
9       26      7       0.87434
9       27      0       0.647052
9       27      1       0.371351
9       27      2       0.3479
9       27      3       0.373076
9       27      4       0.313857
9       27      5       0.266546
9       27      6       0.242774
9       27      7       0.244424
9       28      0       0.309466
9       28      1       0.380979
9       28      2       0.318347
9       28      3       0.285111
9       28      4       0.625058
9       28      5       0.622163
9       28      6       0.46459
9       28      7       0.359466
9       29      0       0.213373
9       29      1       0.252703
9       29      2       0.373308
9       29      3       0.075765
9       29      4       0.04213
9       29      5       0.055013
9       29      6       0.054232
9       29      7       0.064669
9       30      0       0.106593
9       30      1       0.218617
9       30      2       0.425729
9       30      3       0.511511
9       30      4       0.529228
9       30      5       0.579062
9       30      6       0.437111
9       30      7       0.293426
9       31      0       0.210163
9       31      1       0.177625
9       31      2       0.189228
9       31      3       0.216265
9       31      4       0.250725
9       31      5       0.329562
9       31      6       0.41154
9       31      7       0.349982
