####################################################################################################
# Month: 03Mar                                                                                     #
# Station: BOL                                                                                     #
# Frequency: 230 GHz                                                                               #
# Columns are: year    day     tau     Tb (K)                                                      #
####################################################################################################
2009    1       0.27408425      65.87102125
2009    2       0.27194495      65.1871175
2009    3       0.34327858      78.5092225
2009    4       0.18997518      49.08174875
2009    5       0.23613624      57.6320575
2009    6       0.20829525      52.316825
2009    7       0.13293368      35.87266125
2009    8       0.27796718      66.61947
2009    9       0.13226147      36.31279875
2009    10      0.17946013      46.40359875
2009    11      0.18358431      47.4802275
2009    12      0.2329176       57.45931375
2009    13      0.36037818      81.6485925
2009    14      0.27632635      66.349795
2009    15      0.11091678      30.953455
2009    16      0.12664481      34.3079575
2009    17      0.0808021       24.36842
2009    18      0.23422635      56.0013
2009    19      0.17868048      46.63543875
2009    20      0.2217154       55.43917875
2009    21      0.19365118      49.9591075
2009    22      0.25447746      62.24610875
2009    23      0.23717775      58.70248375
2009    24      0.34270082      78.91710625
2009    25      0.2143817       54.16701
2009    26      0.20659261      52.3129375
2009    27      0.23524805      57.97826875
2009    28      0.1837524       47.076075
2009    29      0.33800719      77.88746
2009    30      0.26791256      64.48645
2009    31      0.17668627      44.54803125
2010    1       0.29457721      70.16916375
2010    2       0.24042768      59.740415
2010    3       0.21534946      53.98173625
2010    4       0.33079095      74.8220875
2010    5       0.31743794      74.039815
2010    6       0.14818556      40.1015175
2010    7       0.17888587      46.531805
2010    8       0.0786667       24.11883875
2010    9       0.0785097       23.959025
2010    10      0.06255879      19.90309
2010    11      0.25738741      61.2444375
2010    12      0.25164025      61.14920625
2010    13      0.25948382      63.561405
2010    14      0.21367225      53.94316875
2010    15      0.27023713      64.63850625
2010    16      0.30467955      71.40073875
2010    17      0.20591076      52.16812625
2010    18      0.1393472       38.08005
2010    19      0.16692503      43.993305
2010    20      0.18740201      48.2752225
2010    21      0.15141145      40.568
2010    22      0.16119206      42.57662
2010    23      0.19846096      50.104865
2010    24      0.32709606      75.77067125
2010    25      0.2479863       60.74874125
2010    26      0.19193258      49.36168125
2010    27      0.19775514      50.91566
2010    28      0.18699292      48.59938625
2010    29      0.23053956      57.32466125
2010    30      0.16582789      43.77554875
2010    31      0.19097796      49.16236
2011    1       0.28447279      67.51119625
2011    2       0.24719645      60.7460125
2011    3       0.26235365      63.65487
2011    4       0.24615382      60.3574025
2011    5       0.24766191      60.94797875
2011    6       0.22200279      55.623065
2011    7       0.21770688      54.82959375
2011    8       0.18789164      48.21306625
2011    9       0.25619435      62.7058725
2011    10      0.27839979      66.93314875
2011    11      0.19002698      48.54436875
2011    12      0.20489181      51.369065
2011    13      0.24576194      59.47588375
2011    14      0.31131381      72.5201075
2011    15      0.23586709      58.07289
2011    16      0.21961646      55.1655025
2011    17      0.15418105      41.58205625
2011    18      0.17843992      45.7721375
2011    19      0.40183671      87.950305
2011    20      0.22113492      55.50965125
2011    21      0.17102699      45.1676575
2011    22      0.38357399      86.1825325
2011    23      0.17162498      45.28989125
2011    24      0.23222794      57.5745125
2011    25      0.2919869       69.49736375
2011    26      0.13984946      37.9298825
2011    27      0.34930867      79.07520375
2011    28      0.3396931       78.2919875
2011    29      0.31096583      72.76913125
2011    30      0.20101625      51.0566375
2011    31      0.22800395      57.21899875
2012    1       0.30485204      71.14708125
2012    2       0.3891617       85.9227675
2012    3       0.23847901      59.0451175
2012    4       0.18753188      48.6436
2012    5       0.21197494      53.56985375
2012    6       0.22761216      56.649525
2012    7       0.2445911       60.00379125
2012    8       0.27379124      65.25396
2012    9       0.2008714       50.88090625
2012    10      0.14832757      39.44762375
2012    11      0.17214981      44.6472
2012    12      0.16351898      42.83687375
2012    13      0.21870869      54.432645
2012    14      0.24301656      59.58856375
2012    15      0.13594114      37.10306875
2012    16      0.14699339      39.60071875
2012    17      0.1476418       39.93393125
2012    18      0.12386361      34.6866125
2012    19      0.12039003      33.47299125
2012    20      0.19324925      49.1983375
2012    21      0.09917636      28.83857375
2012    22      0.15395274      41.16025125
2012    23      0.21090089      52.75728625
2012    24      0.13011996      35.65838875
2012    25      0.10778868      30.5027175
2012    26      0.2189703       54.20683375
2012    27      0.32559337      74.267085
2012    28      0.20370445      51.68015625
2012    29      0.13733668      37.46340875
2012    30      0.18457311      47.47407625
2012    31      0.20544179      52.0022675
2013    1       0.17877768      46.47723625
2013    2       0.16098165      42.71310625
2013    3       0.23017022      56.6998175
2013    4       0.22715259      55.79015125
2013    5       0.1699172       44.5584125
2013    6       0.16228766      42.87784
2013    7       0.17441433      44.43355375
2013    8       0.35131228      78.64016
2013    9       0.28230691      66.7766275
2013    10      0.21480825      54.19150875
2013    11      0.35104292      79.8361475
2013    12      0.28857905      68.05601125
2013    13      0.27027224      65.08610625
2013    14      0.31507386      72.987255
2013    15      0.27285333      64.8004975
2013    16      0.32217872      75.07884375
2013    17      0.19472978      49.9535625
2013    18      0.20280484      51.56266375
2013    19      0.17801966      46.13319375
2013    20      0.13978694      37.96182625
2013    21      0.08328904      25.1376225
2013    22      0.19289702      48.90466375
2013    23      0.23410472      57.51528125
2013    24      0.2128965       53.53041875
2013    25      0.24951141      60.80112625
2013    26      0.25798711      62.72059125
2013    27      0.23036998      57.0290825
2013    28      0.16904449      44.74573375
2013    29      0.17458944      45.81963125
2013    30      0.12181705      34.3676325
2013    31      0.1204465       33.7475775
2014    1       0.10981028      31.3220025
2014    2       0.12809044      35.2933225
2014    3       0.17465169      45.150935
2014    4       0.23966818      58.3022275
2014    5       0.2345809       57.6345175
2014    6       0.2396161       58.1778525
2014    7       0.16176065      42.45007375
2014    8       0.20883538      52.1983975
2014    9       0.13225659      35.922555
2014    10      0.16343696      43.07925875
2014    11      0.2003966       50.58861375
2014    12      0.37688606      84.21370375
2014    13      0.21844813      55.19658375
2014    14      0.23688828      58.6957025
2014    15      0.2093536       52.52202375
2014    16      0.14941255      39.624045
2014    17      0.22201099      54.77361625
2014    18      0.39077858      86.74395625
2014    19      0.2957543       69.93298375
2014    20      0.21665231      54.34621
2014    21      0.17701876      45.85089375
2014    22      0.21177225      52.90232375
2014    23      0.21812448      53.7044775
2014    24      0.09660759      28.187825
2014    25      0.14940268      40.31692
2014    26      0.1645634       43.328915
2014    27      0.21562045      54.0221275
2014    28      0.23963593      58.92076625
2014    29      0.09169279      26.421565
2014    30      0.09077447      26.09304875
2014    31      0.2014491       50.26014625
2015    1       0.2263366       56.4559425
2015    2       0.16099694      42.5940725
2015    3       0.26426044      63.2274775
2015    4       0.27741635      65.5120275
2015    5       0.38936392      86.8513425
2015    6       0.31564316      73.2752525
2015    7       0.29986294      70.7295075
2015    8       0.29489205      69.5940125
2015    9       0.14454634      39.32074875
2015    10      0.15133121      40.43130875
2015    11      0.26166828      63.55501125
2015    12      0.18468985      47.6542875
2015    13      0.16890124      44.42457125
2015    14      0.16614948      43.4138975
2015    15      0.23195439      56.49072125
2015    16      0.29146889      68.2793175
2015    17      0.23269232      57.206585
2015    18      0.32290661      73.19612375
2015    19      0.1826215       47.4834775
2015    20      0.189584        48.99293125
2015    21      0.19201772      49.1962025
2015    22      0.12835628      35.09435375
2015    23      0.07416627      22.85591625
2015    24      0.11216555      31.41015
2015    25      0.18696619      48.19097875
2015    26      0.21815009      54.48638125
2015    27      0.2155173       53.88066375
2015    28      0.19833401      49.820175
2015    29      0.11716685      32.6819325
2015    30      0.2163822       53.35616625
2015    31      0.33671046      77.09782875
2016    1       0.16252725      42.79195375
2016    2       0.32181994      73.04185125
2016    3       0.11838399      33.21659
2016    4       0.26861159      64.28441125
2016    5       0.25368877      61.13436625
2016    6       0.36089689      81.58838125
2016    7       0.2240728       55.87578875
2016    8       0.22574099      55.707055
2016    9       0.2099337       52.4303975
2016    10      0.38800853      84.68027
2016    11      0.21314964      53.72612
2016    12      0.17765238      46.38396875
2016    13      0.13581041      37.36517
2016    14      0.08615078      25.87806625
2016    15      0.06216157      20.00284
2016    16      0.05593424      18.6890925
2016    17      0.03269769      12.76851488
2016    18      0.03173407      12.512803
2016    19      0.08729034      25.745225
2016    20      0.13104862      35.86436625
2016    21      0.11583618      32.7944975
2016    22      0.14524942      39.28429375
2016    23      0.2036612       51.87471
2016    24      0.13444042      36.859765
2016    25      0.16533466      42.89892625
2016    26      0.05453235      18.3306625
2016    27      0.08341598      25.09780125
2016    28      0.1189055       33.2430125
2016    29      0.13697054      37.23676625
2016    30      0.09563718      27.94644
2016    31      0.07499864      23.30484
2017    1       0.34824338      79.70637375
2017    2       0.38320124      86.32429125
2017    3       0.38111251      85.87559
2017    4       0.37414759      84.3092
2017    5       0.37976307      85.29864625
2017    6       0.28475171      67.99628
2017    7       0.34251656      77.9788375
2017    8       0.29915415      70.25155
2017    9       0.18450039      47.77080375
2017    10      0.13134175      35.999355
2017    11      0.19625518      49.4138775
2017    12      0.24979174      60.033115
2017    13      0.39555908      87.12153125
2017    14      0.24561288      60.49046375
2017    15      0.18043841      47.1388225
2017    16      0.2617715       63.01261625
2017    17      0.30948505      72.5667925
2017    18      0.13392663      36.9062725
2017    19      0.08703072      26.27678875
2017    20      0.02994         12.15358162
2017    21      0.08472435      25.03638125
2017    22      0.31682342      74.29308875
2017    23      0.2697882       65.17436875
2017    24      0.30296434      71.0463675
2017    25      0.25659186      62.68550375
2017    26      0.2420354       59.5981975
2017    27      0.26103908      63.04452625
2017    28      0.41917046      91.30734625
2017    29      0.3006336       71.05694875
2017    30      0.24188622      59.663235
2017    31      0.29000864      68.89032375
2018    1       0.3020639       70.68759625
2018    2       0.29468545      69.900155
2018    3       0.24451534      60.442715
2018    4       0.2437519       59.644655
2018    5       0.26729178      64.38082
2018    6       0.29039786      68.13129625
2018    7       0.31899496      74.44707625
2018    8       0.23522345      58.3267525
2018    9       0.25714854      62.74746875
2018    10      0.31184304      73.02234375
2018    11      0.2752457       65.614825
2018    12      0.25147951      61.18992625
2018    13      0.40729335      89.197585
2018    14      0.4121471       90.09423375
2018    15      0.2670778       64.50038
2018    16      0.3999682       88.5311475
2018    17      0.3277555       75.6936675
2018    18      0.20799696      52.75977125
2018    19      0.24705298      59.39996875
2018    20      0.4667484       99.85951125
2018    21      0.32100211      73.83389125
2018    22      0.20559491      52.2584925
2018    23      0.13626356      37.3587625
2018    24      0.10186793      29.10104
2018    25      0.2324918       56.46342375
2018    26      0.29825325      70.55840125
2018    27      0.11203996      32.13499125
2018    28      0.14705037      39.74302
2018    29      0.14750844      39.8386625
2018    30      0.17098358      44.47391375
2018    31      0.25226095      61.45550875
