####################################################################################################
# Month: 02Feb                                                                                     #
# Station: PER                                                                                     #
# Frequency: 230 GHz                                                                               #
# Columns are: year    day     tau     Tb (K)                                                      #
####################################################################################################
2009    1       0.7621983       148.992825
2009    2       1.05542602      180.6169875
2009    3       0.90989066      167.02105
2009    4       0.72656285      146.561975
2009    5       0.59278949      128.5459875
2009    6       0.51359406      115.05257375
2009    7       0.81439405      156.0977
2009    8       0.80605306      154.8521125
2009    9       0.4856565       97.78861
2009    10      0.28931655      72.24625125
2009    11      0.45332774      100.00515375
2009    12      0.60830971      120.1267425
2009    13      0.29755019      73.27673375
2009    14      0.40132048      91.30186625
2009    15      0.47900435      100.48449625
2009    16      0.29275021      71.70038125
2009    17      0.5101375       109.32286125
2009    18      0.68113979      134.9892375
2009    19      0.48734558      106.1992825
2009    20      0.61682882      120.5162375
2009    21      0.35486342      85.32587375
2009    22      0.30141929      75.32464
2009    23      0.34920092      84.55723125
2009    24      0.1452001       40.97499125
2009    25      0.20284234      54.129295
2009    26      0.32132488      78.9797625
2009    27      0.56332897      118.35119875
2009    28      0.25558339      63.61464125
2010    1       0.63166445      123.6715525
2010    2       0.29649921      73.7898325
2010    3       0.85848481      158.7263125
2010    4       1.56656862      217.918675
2010    5       1.22438038      193.78975
2010    6       1.04862176      180.93215
2010    7       1.417743        211.2465125
2010    8       1.25537045      195.008925
2010    9       1.23999974      197.2472125
2010    10      1.45361862      212.278075
2010    11      1.54534225      219.201675
2010    12      1.47118438      211.5811375
2010    13      1.84150225      232.5533
2010    14      1.298218        200.2026625
2010    15      0.93164644      161.226745
2010    16      0.25645115      64.8287725
2010    17      0.41367614      95.23773
2010    18      0.2957019       73.9570075
2010    19      0.37682334      89.96214
2010    20      0.74078276      146.284475
2010    21      1.00177465      176.337225
2010    22      0.77731307      131.6378525
2010    23      0.13237184      38.10928875
2010    24      0.32016259      78.28707625
2010    25      0.31813983      78.20335125
2010    26      0.44472868      99.7352675
2010    27      0.81846011      152.913525
2010    28      0.68640504      130.71875
2011    1       0.90654593      157.2608125
2011    2       1.79693638      231.6279
2011    3       1.22355375      196.2764875
2011    4       1.80822388      232.340875
2011    5       2.000915        239.6657375
2011    6       0.31453329      59.95247125
2011    7       0.23247821      60.47811375
2011    8       0.32299552      79.658585
2011    9       0.55932684      119.9337675
2011    10      1.2123739       189.4956
2011    11      1.21034246      184.26339875
2011    12      0.4053706       90.862535
2011    13      0.35990864      86.13537875
2011    14      0.4800948       107.75078375
2011    15      0.79937296      147.416775
2011    16      1.2733928       196.98795
2011    17      0.97722634      169.004275
2011    18      1.52971288      212.39665
2011    19      0.70513946      107.35565
2011    20      0.17207102      47.1622675
2011    21      0.30970015      76.369455
2011    22      0.28486033      70.71338
2011    23      0.11778037      34.28332
2011    24      0.17816019      46.07161375
2011    25      0.65226253      132.5584
2011    26      0.97890426      166.85815
2011    27      1.21151047      191.86725
2011    28      1.06002136      177.3169
2012    1       0.44349265      101.48430625
2012    2       0.71993894      138.81628375
2012    3       0.80173225      149.687375
2012    4       0.51000032      112.25102125
2012    5       0.82240253      139.26329125
2012    6       0.19008248      51.47485125
2012    7       0.36745325      87.4907
2012    8       0.75205006      146.42845
2012    9       1.12009619      181.3704
2012    10      0.6852738       131.97906375
2012    11      0.55044881      116.710175
2012    12      0.54302845      114.2916525
2012    13      0.51649241      112.232085
2012    14      0.62860922      129.4521375
2012    15      0.68371021      136.675975
2012    16      0.879074        159.8414125
2012    17      0.79661326      149.84315
2012    18      0.79230574      152.429275
2012    19      0.91254674      162.870925
2012    20      1.12017669      181.635675
2012    21      0.8965643       161.5118
2012    22      0.845459        152.744075
2012    23      0.4019643       94.039665
2012    24      0.32141982      79.73859625
2012    25      0.50654733      96.5120975
2012    26      1.55104212      214.2522375
2012    27      1.532691        215.8525625
2012    28      1.44276588      208.5467
2012    29      1.64816538      221.541525
2013    1       0.74950901      142.60466875
2013    2       0.32861006      79.86841375
2013    3       0.3545772       85.22139375
2013    4       0.4051128       94.20161375
2013    5       0.39177245      91.8242525
2013    6       0.4167586       96.5349525
2013    7       0.77000211      148.3020125
2013    8       0.71427968      141.6664875
2013    9       0.83084338      156.3146125
2013    10      0.58767692      123.4165075
2013    11      0.52973448      115.43182125
2013    12      0.54309612      117.83935375
2013    13      0.73290032      144.03105
2013    14      0.91948078      162.20305
2013    15      0.70245365      138.984625
2013    16      0.67771072      136.045375
2013    17      0.71138056      141.2639
2013    18      0.72891379      142.949775
2013    19      0.79175116      150.653475
2013    20      0.7496431       147.4765375
2013    21      0.91438452      158.82051625
2013    22      0.40108854      91.03561625
2013    23      1.16953125      190.247325
2013    24      1.32115271      196.9906875
2013    25      0.994931        173.2561
2013    26      1.30291554      197.0879
2013    27      1.709543        224.621375
2013    28      0.55852815      110.820435
2014    1       0.5358945       119.45215
2014    2       0.39724874      95.5422425
2014    3       0.83138761      153.5936
2014    4       0.55118817      119.9773225
2014    5       0.31810929      79.1522925
2014    6       0.34350518      84.22494
2014    7       0.53253841      116.81393625
2014    8       0.53891555      118.2445475
2014    9       0.42879515      100.1884775
2014    10      0.29372675      74.07704125
2014    11      0.30909616      77.84308375
2014    12      0.58593048      125.04207625
2014    13      1.04959686      178.788575
2014    14      1.44476688      207.61895
2014    15      1.43072578      203.970775
2014    16      0.44817139      91.57812375
2014    17      0.31019134      76.8580975
2014    18      0.67204688      137.8227625
2014    19      0.544666        113.41917125
2014    20      0.20248708      52.7503625
2014    21      0.22896231      59.91300125
2014    22      0.2254086       59.56623125
2014    23      0.33623491      82.1755625
2014    24      0.42177177      97.860485
2014    25      0.6734332       132.76249
2014    26      0.73373655      125.0438375
2014    27      0.26016357      66.11044
2014    28      1.11362104      182.1024
2015    1       0.86089654      156.293925
2015    2       0.4196087       92.9810475
2015    3       0.3692664       87.75450875
2015    4       0.54805166      116.5978625
2015    5       0.56135049      121.3030375
2015    6       0.57866106      124.5485875
2015    7       0.67218732      137.0271625
2015    8       0.55175372      118.92509625
2015    9       0.62904059      131.9027625
2015    10      0.80483958      154.6957875
2015    11      0.99277752      170.3525875
2015    12      0.8213252       150.8079375
2015    13      0.75335824      144.4011125
2015    14      0.79783576      143.7384025
2015    15      0.74974672      145.8154125
2015    16      0.81633235      155.55105
2015    17      1.03773036      176.9391375
2015    18      1.09028059      180.09465
2015    19      0.85747016      157.1588
2015    20      0.83383058      155.6010625
2015    21      0.6007258       123.76084125
2015    22      0.59873434      126.71581375
2015    23      0.57912578      122.46030125
2015    24      0.79628621      150.5352
2015    25      0.7300172       140.40857
2015    26      0.56224419      118.59265
2015    27      0.58584106      120.35836375
2015    28      0.80450701      149.5659375
2016    1       0.5810363       121.68892625
2016    2       0.72971384      141.4107225
2016    3       0.86270158      150.85689375
2016    4       0.21243656      56.524975
2016    5       0.27386448      69.18614
2016    6       0.4425506       100.52309
2016    7       0.45375899      103.25968
2016    8       0.48513496      110.1077
2016    9       0.44327474      102.63643
2016    10      0.37159034      88.77199625
2016    11      0.52366524      112.65975625
2016    12      0.44538958      102.06919125
2016    13      0.73396159      144.1778875
2016    14      0.34518912      82.25751
2016    15      0.29369186      72.67746625
2016    16      0.3822797       89.49488875
2016    17      0.46531631      104.74286125
2016    18      0.33494461      80.45765125
2016    19      0.45984829      102.52839375
2016    20      0.25572712      64.944635
2016    21      0.34638254      84.20717375
2016    22      0.76481923      148.17437
2016    23      0.84950699      160.9119
2016    24      0.77181748      151.054475
2016    25      0.69879706      125.7803525
2016    26      0.15140126      42.98238375
2016    27      0.46290094      105.28424375
2016    28      0.4762648       107.22953625
2016    29      0.48489879      108.1884775
2017    1       1.03154501      164.42582375
2017    2       0.14373517      40.73410875
2017    3       0.1909173       51.8128925
2017    4       0.90433424      159.0497325
2017    5       1.64868         224.5238625
2017    6       1.38615618      203.5597375
2017    7       0.75871018      146.983925
2017    8       0.47969076      109.72361875
2017    9       0.97836879      177.50805
2017    10      0.91298056      170.262075
2017    11      1.17057422      193.6780125
2017    12      0.50039332      91.87431875
2017    13      0.28104824      69.46341
2017    14      0.21699159      56.71664625
2017    15      0.32139538      77.85219125
2017    16      0.52527338      114.98344375
2017    17      0.85504838      157.7284
2017    18      0.26264948      63.3226225
2017    19      0.3395808       77.12283625
2017    20      0.25312676      62.5708875
2017    21      0.22685075      59.22102
2017    22      0.3061082       76.74783625
2017    23      0.36014315      86.40778875
2017    24      0.30524168      75.41516625
2017    25      0.58845216      123.3413375
2017    26      0.50552423      111.44931625
2017    27      0.54170034      117.0240575
2017    28      0.72345082      143.002325
2018    1       0.33283452      80.3344875
2018    2       0.568174        119.8412375
2018    3       0.55984031      118.14045625
2018    4       0.33986051      82.9853725
2018    5       0.49199121      108.62463625
2018    6       0.68227946      137.922875
2018    7       0.64884776      134.198125
2018    8       0.95406458      170.850825
2018    9       0.69395708      134.93628125
2018    10      0.67331299      129.97574125
2018    11      0.13168053      37.97367125
2018    12      0.21245391      55.85377875
2018    13      0.23697505      61.27487125
2018    14      0.25934854      65.23444875
2018    15      0.46425289      102.77145375
2018    16      0.24694729      63.32152625
2018    17      0.31690611      78.01034
2018    18      0.52336961      112.4430925
2018    19      0.63774264      121.7207225
2018    20      0.13217501      38.13138125
2018    21      0.37386414      85.9938375
2018    22      0.7066631       138.003225
2018    23      1.18804712      192.794275
2018    24      1.39260952      202.0761125
2018    25      0.87944899      156.9679875
2018    26      0.26792914      65.39612125
2018    27      0.19738875      52.3872325
2018    28      0.27939004      70.47407375
