####################################################################################################
# Month: 02Feb                                                                                     #
# Station: PER                                                                                     #
# Columns are: year    day     segment         windspeed (m/s)                                     #
####################################################################################################
2009    1       0       2.952865
2009    1       1       1.468515
2009    1       2       0.637553
2009    1       3       1.458215
2009    1       4       2.68779
2009    1       5       3.356945
2009    1       6       5.319378
2009    1       7       3.993454
2009    2       0       4.411386
2009    2       1       8.572857
2009    2       2       6.928044
2009    2       3       7.070099
2009    2       4       5.397603
2009    2       5       3.710417
2009    2       6       4.940806
2009    2       7       4.380774
2009    3       0       3.284551
2009    3       1       2.395125
2009    3       2       0.96421
2009    3       3       1.867409
2009    3       4       5.375311
2009    3       5       5.534253
2009    3       6       6.078709
2009    3       7       5.639151
2009    4       0       4.475716
2009    4       1       5.165608
2009    4       2       2.885319
2009    4       3       2.027419
2009    4       4       5.86329
2009    4       5       9.539741
2009    4       6       10.57813
2009    4       7       11.583057
2009    5       0       9.652313
2009    5       1       6.050058
2009    5       2       4.65634
2009    5       3       2.464906
2009    5       4       3.387259
2009    5       5       6.353019
2009    5       6       7.542732
2009    5       7       8.154019
2009    6       0       11.542753
2009    6       1       7.975332
2009    6       2       5.04996
2009    6       3       2.109139
2009    6       4       2.980123
2009    6       5       5.733531
2009    6       6       6.822803
2009    6       7       8.72852
2009    7       0       12.515867
2009    7       1       12.814348
2009    7       2       14.083353
2009    7       3       15.666033
2009    7       4       14.937485
2009    7       5       15.794234
2009    7       6       16.572736
2009    7       7       16.930252
2009    8       0       16.752425
2009    8       1       12.084675
2009    8       2       8.815216
2009    8       3       7.628086
2009    8       4       10.799232
2009    8       5       13.107828
2009    8       6       11.945314
2009    8       7       11.187481
2009    9       0       12.342222
2009    9       1       8.651472
2009    9       2       6.330461
2009    9       3       4.780386
2009    9       4       9.467547
2009    9       5       12.659492
2009    9       6       11.11882
2009    9       7       7.244927
2009    10      0       5.014262
2009    10      1       3.983419
2009    10      2       3.651183
2009    10      3       2.318411
2009    10      4       5.309719
2009    10      5       6.548116
2009    10      6       3.701616
2009    10      7       0.784461
2009    11      0       2.658437
2009    11      1       2.000287
2009    11      2       3.220213
2009    11      3       4.691987
2009    11      4       3.422732
2009    11      5       1.739702
2009    11      6       2.542067
2009    11      7       2.321573
2009    12      0       1.996726
2009    12      1       2.799941
2009    12      2       6.972319
2009    12      3       9.821673
2009    12      4       8.416765
2009    12      5       4.849222
2009    12      6       2.677364
2009    12      7       4.63008
2009    13      0       7.469742
2009    13      1       7.827102
2009    13      2       6.064041
2009    13      3       3.202561
2009    13      4       3.851488
2009    13      5       2.869406
2009    13      6       1.08311
2009    13      7       2.542072
2009    14      0       4.16645
2009    14      1       3.656012
2009    14      2       2.163931
2009    14      3       2.526917
2009    14      4       5.59537
2009    14      5       6.385355
2009    14      6       5.981194
2009    14      7       6.530555
2009    15      0       7.062157
2009    15      1       5.595264
2009    15      2       6.16047
2009    15      3       5.239623
2009    15      4       6.877969
2009    15      5       7.388885
2009    15      6       6.490736
2009    15      7       5.539554
2009    16      0       6.409554
2009    16      1       5.396394
2009    16      2       4.478413
2009    16      3       1.183599
2009    16      4       3.724503
2009    16      5       6.301937
2009    16      6       6.853308
2009    16      7       6.73395
2009    17      0       2.534035
2009    17      1       2.639007
2009    17      2       4.069323
2009    17      3       4.604431
2009    17      4       4.251067
2009    17      5       4.033974
2009    17      6       6.400437
2009    17      7       6.767369
2009    18      0       3.976015
2009    18      1       1.33843
2009    18      2       1.765518
2009    18      3       2.400779
2009    18      4       3.422808
2009    18      5       5.275739
2009    18      6       7.882851
2009    18      7       9.99923
2009    19      0       10.59069
2009    19      1       7.306056
2009    19      2       7.111394
2009    19      3       8.040691
2009    19      4       9.249415
2009    19      5       11.394345
2009    19      6       8.910506
2009    19      7       7.75642
2009    20      0       9.55158
2009    20      1       10.370733
2009    20      2       10.349379
2009    20      3       10.743756
2009    20      4       9.053207
2009    20      5       7.451111
2009    20      6       6.294773
2009    20      7       4.498252
2009    21      0       0.924612
2009    21      1       1.191458
2009    21      2       1.990497
2009    21      3       1.761623
2009    21      4       5.547558
2009    21      5       6.093954
2009    21      6       6.707496
2009    21      7       5.820736
2009    22      0       5.191921
2009    22      1       4.104626
2009    22      2       3.712562
2009    22      3       4.434615
2009    22      4       7.781381
2009    22      5       10.921372
2009    22      6       12.965092
2009    22      7       15.003096
2009    23      0       16.802804
2009    23      1       13.689138
2009    23      2       11.665361
2009    23      3       11.535169
2009    23      4       13.272568
2009    23      5       15.600406
2009    23      6       19.176142
2009    23      7       19.984154
2009    24      0       18.932199
2009    24      1       12.949838
2009    24      2       10.317698
2009    24      3       9.270328
2009    24      4       8.603764
2009    24      5       9.578049
2009    24      6       10.979516
2009    24      7       12.340529
2009    25      0       12.51162
2009    25      1       7.861494
2009    25      2       4.963342
2009    25      3       3.533813
2009    25      4       2.629895
2009    25      5       4.583881
2009    25      6       5.411198
2009    25      7       4.623035
2009    26      0       3.980924
2009    26      1       1.034902
2009    26      2       2.4285
2009    26      3       1.550449
2009    26      4       3.812998
2009    26      5       4.579057
2009    26      6       5.269359
2009    26      7       5.470671
2009    27      0       4.552873
2009    27      1       5.743402
2009    27      2       4.806801
2009    27      3       5.011196
2009    27      4       7.515781
2009    27      5       10.953003
2009    27      6       10.250085
2009    27      7       12.072977
2009    28      0       17.097243
2009    28      1       10.804451
2009    28      2       5.781732
2009    28      3       2.928834
2009    28      4       2.273199
2009    28      5       6.33227
2009    28      6       8.698569
2009    28      7       8.946908
