####################################################################################################
# Month: 01Jan                                                                                     #
# Station: NOEMA                                                                                   #
# Frequency: 230 GHz                                                                               #
# Columns are: year    day     tau     Tb (K)                                                      #
####################################################################################################
2009    1       0.09221194      26.4642325
2009    2       0.07200487      22.12934
2009    3       0.06638802      20.91647375
2009    4       0.07995899      23.94284375
2009    5       0.11621964      31.39088125
2009    6       0.24737449      59.2100375
2009    7       0.27643462      64.89959625
2009    8       0.12416761      34.15847375
2009    9       0.18205572      46.5567325
2009    10      0.15104956      39.99677
2009    11      0.07129858      22.10842625
2009    12      0.05324865      17.899575
2009    13      0.06506543      20.57576625
2009    14      0.06596212      20.80892625
2009    15      0.06539663      20.91944625
2009    16      0.07931041      24.07895375
2009    17      0.27727376      65.99739375
2009    18      0.20523935      50.48173875
2009    19      0.37496946      84.47176125
2009    20      0.20735416      51.31431875
2009    21      0.07118715      21.92380625
2009    22      0.17197113      43.60937625
2009    23      0.49353961      101.73236125
2009    24      0.39371125      87.1371725
2009    25      0.10747767      30.5321225
2009    26      0.27751881      65.18320375
2009    27      0.15302635      40.15143
2009    28      0.06739975      21.30749375
2009    29      0.11247503      31.919955
2009    30      0.06787881      21.52213125
2009    31      0.13239946      35.4983625
2010    1       0.29021505      67.82212375
2010    2       0.07391491      22.425565
2010    3       0.31522656      72.07863625
2010    4       0.31740018      72.4849725
2010    5       0.15941804      42.19851
2010    6       0.08952749      26.17304375
2010    7       0.2161598       51.83976
2010    8       0.42126648      91.15737625
2010    9       0.29538959      69.08425375
2010    10      0.23504381      56.672665
2010    11      0.0749011       23.07079125
2010    12      0.17059514      42.46715875
2010    13      0.28902962      65.27419125
2010    14      0.34627589      77.3829975
2010    15      0.23061264      56.56523875
2010    16      0.28470946      63.55041
2010    17      0.20456167      48.5977175
2010    18      0.07621162      23.4045
2010    19      0.07262356      22.50865375
2010    20      0.22019006      52.93837625
2010    21      0.08005419      24.1477125
2010    22      0.14495384      39.02217
2010    23      0.10104579      29.23706875
2010    24      0.209089        51.60425625
2010    25      0.2171625       53.659955
2010    26      0.16075243      41.71731625
2010    27      0.11448591      31.93808875
2010    28      0.16831582      44.49115125
2010    29      0.23467931      57.48972125
2010    30      0.12774123      34.48521625
2010    31      0.04770421      16.03762125
2011    1       0.12226421      34.16669
2011    2       0.1162889       32.60911375
2011    3       0.05701483      18.521785
2011    4       0.10654768      30.06441
2011    5       0.17002189      44.1446475
2011    6       0.46173896      99.60368875
2011    7       0.36339414      83.17377
2011    8       0.20677269      51.32651875
2011    9       0.38355792      84.539905
2011    10      0.23573678      57.42117625
2011    11      0.22266309      53.6513975
2011    12      0.25871402      62.36665625
2011    13      0.30313069      71.88836375
2011    14      0.06826282      21.7927425
2011    15      0.10456091      30.40156
2011    16      0.08040144      24.73347625
2011    17      0.15903756      42.7838175
2011    18      0.18516671      48.07487625
2011    19      0.11082204      30.26919375
2011    20      0.07064047      21.4588425
2011    21      0.08381794      24.5324925
2011    22      0.08461531      24.89962625
2011    23      0.08585091      25.26035
2011    24      0.10458948      29.6356525
2011    25      0.08903341      26.178945
2011    26      0.07911197      23.9732475
2011    27      0.09270562      26.859555
2011    28      0.12604837      34.3398
2011    29      0.2536245       60.3034
2011    30      0.27293276      64.67196
2011    31      0.17743534      45.5963675
2012    1       0.21130516      54.00062125
2012    2       0.31859295      73.406275
2012    3       0.18464906      47.30487125
2012    4       0.18190016      46.00696375
2012    5       0.34333908      78.8656275
2012    6       0.11398112      31.244165
2012    7       0.07938325      24.2661375
2012    8       0.13932335      38.05896375
2012    9       0.13689641      37.4134475
2012    10      0.0887098       26.4658125
2012    11      0.13458999      37.42416625
2012    12      0.08326036      25.18653
2012    13      0.07521582      23.2695125
2012    14      0.07859159      24.03494875
2012    15      0.07976409      24.4100025
2012    16      0.09868112      28.55224
2012    17      0.07338552      22.56928375
2012    18      0.08169977      24.560145
2012    19      0.18557925      47.98616875
2012    20      0.19218585      49.0974425
2012    21      0.16269669      43.69208375
2012    22      0.14273915      39.03352
2012    23      0.15671241      41.44180875
2012    24      0.15066129      40.22519625
2012    25      0.21926055      55.39106625
2012    26      0.14378356      39.2986375
2012    27      0.19558654      49.1660175
2012    28      0.18417282      46.0995725
2012    29      0.20507905      50.36027375
2012    30      0.17816829      45.3484275
2012    31      0.23032152      55.091145
2013    1       0.24720562      59.58206375
2013    2       0.10278319      29.55001125
2013    3       0.16531802      44.11206875
2013    4       0.12806666      35.95948
2013    5       0.14638999      40.1300075
2013    6       0.1794332       47.451875
2013    7       0.18339018      47.7717125
2013    8       0.11612601      32.83341625
2013    9       0.07353617      23.1037475
2013    10      0.15326262      40.53282
2013    11      0.14602693      38.98425
2013    12      0.14660506      37.9136975
2013    13      0.25643476      61.18731
2013    14      0.13793694      36.99642
2013    15      0.14925274      38.74216625
2013    16      0.04922948      16.56468375
2013    17      0.0634501       19.9916725
2013    18      0.18567899      45.158395
2013    19      0.54061401      111.85898375
2013    20      0.39462999      87.59181
2013    21      0.18612675      47.61624625
2013    22      0.10169868      28.75270125
2013    23      0.21842095      53.530055
2013    24      0.14159509      37.757855
2013    25      0.05679434      18.40073125
2013    26      0.06871042      21.30565625
2013    27      0.35069649      78.580555
2013    28      0.20447925      48.61777125
2013    29      0.23573049      58.5165425
2013    30      0.19486934      49.311735
2013    31      0.10803912      29.97476125
2014    1       0.18215386      47.26783625
2014    2       0.30541652      69.8437425
2014    3       0.36294309      80.90327125
2014    4       0.48809104      102.18215
2014    5       0.22750861      54.50630125
2014    6       0.33899334      79.62529625
2014    7       0.37978688      86.5330475
2014    8       0.36849575      84.09966625
2014    9       0.23839556      59.50328375
2014    10      0.29285347      70.430535
2014    11      0.31386525      73.20787
2014    12      0.25056686      62.01368125
2014    13      0.35646519      80.0732125
2014    14      0.20422755      50.99531
2014    15      0.25109315      60.29687125
2014    16      0.48345941      102.58775625
2014    17      0.3132918       69.90128625
2014    18      0.29105455      66.39766
2014    19      0.40704895      89.89117875
2014    20      0.32095691      74.35886
2014    21      0.2026224       51.32179375
2014    22      0.14483754      38.68059
2014    23      0.19344111      48.462935
2014    24      0.17175366      43.87399625
2014    25      0.12118741      33.3492575
2014    26      0.27027748      63.5022
2014    27      0.20097592      50.000825
2014    28      0.12620172      34.07202625
2014    29      0.2393194       57.69497625
2014    30      0.27886141      65.18181125
2014    31      0.17753806      45.1044575
2015    1       0.19910201      51.66073125
2015    2       0.19400109      49.28350125
2015    3       0.29756766      71.09503
2015    4       0.07285627      22.91392625
2015    5       0.07741351      23.86143875
2015    6       0.09918954      29.05700125
2015    7       0.12416557      34.44852625
2015    8       0.12838081      35.3905625
2015    9       0.16645421      43.95270125
2015    10      0.1961378       51.6094775
2015    11      0.13983273      37.73744
2015    12      0.07088243      21.95528125
2015    13      0.1613766       41.865525
2015    14      0.19403996      49.143615
2015    15      0.17583205      45.71775125
2015    16      0.39611945      87.49688125
2015    17      0.15954898      41.05053875
2015    18      0.09936503      27.504545
2015    19      0.3270453       74.8056925
2015    20      0.29969773      70.08314125
2015    21      0.27348129      64.93769875
2015    22      0.19821862      49.50464375
2015    23      0.10060171      29.03375
2015    24      0.10223994      29.1533575
2015    25      0.07461377      22.65915375
2015    26      0.23594469      57.6771925
2015    27      0.15482474      41.10124625
2015    28      0.15713814      41.83294
2015    29      0.36510385      81.93103125
2015    30      0.25062702      59.1804175
2015    31      0.22552076      54.7160175
2016    1       0.20889934      52.94960625
2016    5       0.20477915      51.49178
2016    6       0.1538874       40.6539
2016    7       0.41158905      88.75053625
2016    8       0.3552541       81.283675
2016    9       0.39324203      85.93947625
2016    10      0.37950506      84.839275
2016    11      0.42338639      92.1633475
2016    12      0.32232016      73.46082
2016    13      0.09528205      27.22410375
2016    14      0.33266486      74.007095
2016    15      0.06944901      21.248315
2016    16      0.06209445      19.52117
2016    17      0.06649896      20.75871375
2016    18      0.21121482      51.65288
2016    19      0.18847116      47.9799875
2016    20      0.15572922      41.2747875
2016    21      0.0495505       16.91643625
2016    22      0.19752108      48.431505
2016    23      0.11154014      30.65471875
2016    24      0.17532696      45.86842625
2016    25      0.17061975      45.82106
2016    26      0.19185828      50.14508375
2016    27      0.15457417      42.01466125
2016    28      0.19782981      50.97048875
2016    29      0.20101154      51.48285
2016    30      0.1719033       44.15853
2016    31      0.40287162      90.63188625
2017    1       0.07658025      23.63950625
2017    2       0.11680389      32.4027775
2017    3       0.09617348      28.2027175
2017    4       0.15378806      41.24036
2017    5       0.05065844      17.2159075
2017    6       0.09877079      28.39763625
2017    7       0.13994455      37.9675625
2017    8       0.13532986      36.8335275
2017    9       0.07583434      23.24146
2017    10      0.24565312      58.74363875
2017    11      0.14979439      40.1881425
2017    12      0.40415344      88.696225
2017    13      0.24849261      59.30952625
2017    14      0.12312287      33.5261625
2017    15      0.06141964      19.36228875
2017    16      0.05648822      18.3235175
2017    17      0.0925132       26.651245
2017    18      0.09993507      28.696595
2017    19      0.11885949      33.01373375
2017    20      0.13890296      37.539695
2017    21      0.12438501      34.0412775
2017    22      0.2997389       69.1407475
2017    23      0.23368079      56.77719625
2017    24      0.07128478      22.068215
2017    25      0.2104892       52.3142825
2017    26      0.27835229      66.03719625
2017    27      0.26688909      63.90849875
2017    28      0.29457095      68.9402725
2017    29      0.19338508      49.315045
2017    30      0.34103512      78.56809125
2017    31      0.39598722      89.0414275
2018    1       0.26416134      62.45432625
2018    2       0.22368658      54.58514375
2018    3       0.3683884       82.717085
2018    4       0.45085879      97.5329625
2018    5       0.29274125      69.97566625
2018    6       0.18037082      46.46175375
2018    7       0.2203317       55.1811
2018    8       0.31562778      73.3346275
2018    9       0.30595571      70.26211125
2018    10      0.23049589      56.58679
2018    11      0.17533762      45.384135
2018    12      0.16499         43.207585
2018    13      0.1092184       30.99934125
2018    14      0.26098767      62.14825375
2018    15      0.22708166      55.77933875
2018    16      0.22825973      57.35771125
2018    17      0.175727        45.15985625
2018    18      0.22705464      56.88374875
2018    19      0.12962591      35.65941125
2018    20      0.30060732      69.21217
2018    21      0.30769471      73.4037925
2018    22      0.35372255      81.087295
2018    23      0.13404904      36.5469125
2018    24      0.19052369      49.74176875
2018    25      0.20802775      52.608675
2018    26      0.36398957      82.01990875
2018    27      0.23890784      58.69790375
2018    28      0.09333733      27.645915
2018    29      0.17543478      46.66962125
2018    30      0.09729469      28.71480375
2018    31      0.11333963      32.2206225
2019    1       0.0924756       27.58414375
