####################################################################################################
# Month: 01Jan                                                                                     #
# Station: NOEMA                                                                                   #
# Columns are: year    day     segment         RH (percent)                                        #
####################################################################################################
9       1       0       0.887546
9       1       1       0.439033
9       1       2       0.084608
9       1       3       0.055638
9       1       4       0.053324
9       1       5       0.058639
9       1       6       0.065284
9       1       7       0.074878
9       2       0       0.085206
9       2       1       0.102063
9       2       2       0.107468
9       2       3       0.118122
9       2       4       0.144445
9       2       5       0.134711
9       2       6       0.099692
9       2       7       0.095821
9       3       0       0.119223
9       3       1       0.196647
9       3       2       0.262597
9       3       3       0.28337
9       3       4       0.319653
9       3       5       0.283257
9       3       6       0.128387
9       3       7       0.082605
9       4       0       0.088963
9       4       1       0.084491
9       4       2       0.159585
9       4       3       0.227876
9       4       4       0.267879
9       4       5       0.331275
9       4       6       0.216365
9       4       7       0.079095
9       5       0       0.038613
9       5       1       0.040224
9       5       2       0.030659
9       5       3       0.028233
9       5       4       0.108246
9       5       5       0.380102
9       5       6       0.592416
9       5       7       0.726061
9       6       0       0.797171
9       6       1       0.882769
9       6       2       0.946494
9       6       3       0.969527
9       6       4       0.947228
9       6       5       0.759243
9       6       6       0.502412
9       6       7       0.943844
9       7       0       0.975299
9       7       1       0.95264
9       7       2       0.901307
9       7       3       0.940348
9       7       4       0.955903
9       7       5       0.934397
9       7       6       0.897054
9       7       7       0.714368
9       8       0       0.692004
9       8       1       0.837231
9       8       2       0.825876
9       8       3       0.802163
9       8       4       0.768743
9       8       5       0.741274
9       8       6       0.574177
9       8       7       0.511262
9       9       0       0.642665
9       9       1       0.846891
9       9       2       0.912475
9       9       3       0.945568
9       9       4       0.888247
9       9       5       0.887069
9       9       6       0.9289
9       9       7       0.827913
9       10      0       0.605337
9       10      1       0.603054
9       10      2       0.583301
9       10      3       0.553331
9       10      4       0.509732
9       10      5       0.460724
9       10      6       0.429825
9       10      7       0.405737
9       11      0       0.394848
9       11      1       0.362606
9       11      2       0.272218
9       11      3       0.232607
9       11      4       0.197624
9       11      5       0.155672
9       11      6       0.143654
9       11      7       0.190284
9       12      0       0.253719
9       12      1       0.231052
9       12      2       0.269845
9       12      3       0.285965
9       12      4       0.270683
9       12      5       0.261116
9       12      6       0.193331
9       12      7       0.154115
9       13      0       0.158291
9       13      1       0.130944
9       13      2       0.114383
9       13      3       0.11396
9       13      4       0.176005
9       13      5       0.207932
9       13      6       0.194344
9       13      7       0.20412
9       14      0       0.24665
9       14      1       0.249914
9       14      2       0.21668
9       14      3       0.266321
9       14      4       0.286293
9       14      5       0.214071
9       14      6       0.155356
9       14      7       0.189194
9       15      0       0.465614
9       15      1       0.648944
9       15      2       0.499894
9       15      3       0.390858
9       15      4       0.343558
9       15      5       0.259431
9       15      6       0.172006
9       15      7       0.154245
9       16      0       0.166194
9       16      1       0.165142
9       16      2       0.142882
9       16      3       0.129654
9       16      4       0.111187
9       16      5       0.098425
9       16      6       0.122354
9       16      7       0.268389
9       17      0       0.668056
9       17      1       0.702001
9       17      2       0.557276
9       17      3       0.626452
9       17      4       0.582848
9       17      5       0.466155
9       17      6       0.442135
9       17      7       0.389275
9       18      0       0.346783
9       18      1       0.277373
9       18      2       0.239612
9       18      3       0.566318
9       18      4       0.856953
9       18      5       0.988209
9       18      6       0.588757
9       18      7       0.328093
9       19      0       0.559329
9       19      1       0.85615
9       19      2       0.797646
9       19      3       0.915195
9       19      4       0.924782
9       19      5       0.950527
9       19      6       0.9285
9       19      7       0.938998
9       20      0       1.016021
9       20      1       0.983551
9       20      2       0.712784
9       20      3       0.732723
9       20      4       0.741768
9       20      5       0.604964
9       20      6       0.525787
9       20      7       0.499632
9       21      0       0.472436
9       21      1       0.480932
9       21      2       0.421531
9       21      3       0.297152
9       21      4       0.279446
9       21      5       0.454674
9       21      6       0.43713
9       21      7       0.323951
9       22      0       0.200239
9       22      1       0.12237
9       22      2       0.071931
9       22      3       0.145402
9       22      4       0.407891
9       22      5       0.818385
9       22      6       0.952899
9       22      7       0.889954
9       23      0       0.912401
9       23      1       0.984244
9       23      2       0.98697
9       23      3       0.989263
9       23      4       0.986367
9       23      5       0.939122
9       23      6       0.586658
9       23      7       0.135945
9       24      0       0.592318
9       24      1       0.985305
9       24      2       0.946076
9       24      3       0.938393
9       24      4       0.987058
9       24      5       0.902028
9       24      6       0.867062
9       24      7       0.78705
9       25      0       0.646251
9       25      1       0.403233
9       25      2       0.260042
9       25      3       0.216551
9       25      4       0.216172
9       25      5       0.231519
9       25      6       0.316571
9       25      7       0.438469
9       26      0       0.486782
9       26      1       0.720239
9       26      2       0.92964
9       26      3       0.881199
9       26      4       0.820512
9       26      5       0.732352
9       26      6       0.776173
9       26      7       0.818426
9       27      0       0.809203
9       27      1       0.767231
9       27      2       0.652835
9       27      3       0.489344
9       27      4       0.370821
9       27      5       0.331778
9       27      6       0.283664
9       27      7       0.24897
9       28      0       0.294568
9       28      1       0.277085
9       28      2       0.229066
9       28      3       0.209588
9       28      4       0.208184
9       28      5       0.186393
9       28      6       0.138128
9       28      7       0.143406
9       29      0       0.189215
9       29      1       0.286417
9       29      2       0.322758
9       29      3       0.320071
9       29      4       0.294035
9       29      5       0.293677
9       29      6       0.270234
9       29      7       0.288206
9       30      0       0.290473
9       30      1       0.309113
9       30      2       0.281641
9       30      3       0.2521
9       30      4       0.232392
9       30      5       0.166184
9       30      6       0.11982
9       30      7       0.096141
9       31      0       0.106977
9       31      1       0.092566
9       31      2       0.10675
9       31      3       0.156664
9       31      4       0.233673
9       31      5       0.363952
9       31      6       0.530655
9       31      7       0.67094
