####################################################################################################
# Month: 04Apr                                                                                     #
# Station: CAT                                                                                     #
# Columns are: year    day     windspeed (m/s)                                                     #
####################################################################################################
2009    1       12.8707065
2009    2       27.50328688
2009    3       23.680731
2009    4       19.47143562
2009    5       30.79686312
2009    6       23.1299635
2009    7       10.42674025
2009    8       10.43954925
2009    9       9.34661088
2009    10      10.6996505
2009    11      5.47951312
2009    12      12.41096712
2009    13      8.19664887
2009    14      4.31198388
2009    15      12.9848625
2009    16      8.58995875
2009    17      13.33788562
2009    18      7.07548638
2009    19      4.634313
2009    20      10.19770288
2009    21      9.28675175
2009    22      23.19113612
2009    23      21.8996365
2009    24      13.43545875
2009    25      17.94729975
2009    26      8.33470775
2009    27      14.760012
2009    28      4.745777
2009    29      4.55100025
2009    30      7.7754795
