####################################################################################################
# Month: 04Apr                                                                                     #
# Station: CAT                                                                                     #
# Columns are: year    day     RH (percent)                                                        #
####################################################################################################
9       1       0.67242362
9       2       0.77597038
9       3       0.840126
9       4       0.77022588
9       5       0.76521675
9       6       0.64533575
9       7       0.1601315
9       8       0.24219212
9       9       0.32676638
9       10      0.13560838
9       11      0.056076
9       12      0.347392
9       13      0.6489515
9       14      0.369952
9       15      0.32759862
9       16      0.4075365
9       17      0.39159475
9       18      0.12958812
9       19      0.16606888
9       20      0.73773475
9       21      0.39685238
9       22      0.75319875
9       23      0.62702625
9       24      0.29225463
9       25      0.30900562
9       26      0.2156885
9       27      0.26365425
9       28      0.49434462
9       29      0.439742
9       30      0.56311675
