####################################################################################################
# Month: 01Jan                                                                                     #
# Station: LOS                                                                                     #
# Columns are: year    day     windspeed (m/s)                                                     #
####################################################################################################
2009    1       19.913161
2009    2       14.75783625
2009    3       17.709131
2009    4       14.54735013
2009    5       14.55614625
2009    6       16.28092088
2009    7       23.83142212
2009    8       14.31529762
2009    9       14.54970288
2009    10      4.86488412
2009    11      10.36101712
2009    12      19.85089325
2009    13      13.01245012
2009    14      6.20317075
2009    15      8.35841287
2009    16      5.9314415
2009    17      6.52678462
2009    18      3.23845413
2009    19      6.19406238
2009    20      5.116391
2009    21      2.99319988
2009    22      9.56177913
2009    23      9.99389838
2009    24      11.27305438
2009    25      18.94785175
2009    26      20.78750275
2009    27      15.4239175
2009    28      19.48447625
2009    29      15.190174
2009    30      10.3602465
2009    31      7.31818387
