####################################################################################################
# Month: 09Sep                                                                                     #
# Station: DomeF                                                                                   #
# Frequency: 230 GHz                                                                               #
# Columns are: year    day     tau     Tb (K)                                                      #
####################################################################################################
2009    1       0.0240985       9.64910888
2009    2       0.02326684      9.4345665
2009    3       0.02501309      9.89148812
2009    4       0.02470811      9.83834162
2009    5       0.0224818       9.27750738
2009    6       0.02233039      9.2212115
2009    7       0.02259021      9.27449725
2009    8       0.02265404      9.280794
2009    9       0.02331118      9.46059075
2009    10      0.02595604      10.11811762
2009    11      0.02728733      10.45419862
2009    12      0.02772402      10.55451625
2009    13      0.02843155      10.7694725
2009    14      0.03159047      11.62248
2009    15      0.03081891      11.3941375
2009    16      0.03046335      11.2870925
2009    17      0.02687001      10.38989
2009    18      0.02599352      10.15687212
2009    19      0.02912353      10.92662875
2009    20      0.02662579      10.3261625
2009    21      0.02643947      10.2890325
2009    22      0.02510892      9.97254362
2009    23      0.02516265      9.97322725
2009    24      0.02561049      10.05957962
2009    25      0.02435724      9.78703925
2009    26      0.02429553      9.7964555
2009    27      0.02788683      10.70424038
2009    28      0.02794381      10.711815
2009    29      0.02590116      10.2198875
2009    30      0.02338885      9.602566
2010    1       0.02649695      10.2578675
2010    2       0.02556753      10.00561862
2010    3       0.02466802      9.805208
2010    4       0.02597029      10.16525238
2010    5       0.02958809      11.0959525
2010    6       0.02500417      9.95340575
2010    7       0.02412226      9.69612138
2010    8       0.02265725      9.34477775
2010    9       0.02112653      9.00305375
2010    10      0.02193907      9.19352612
2010    11      0.02423147      9.737588
2010    12      0.02332545      9.50121875
2010    13      0.02533306      9.99109988
2010    14      0.02594537      10.15174125
2010    15      0.02362094      9.61492875
2010    16      0.02616897      10.30280162
2010    17      0.02760618      10.65082125
2010    18      0.03044458      11.37798625
2010    19      0.04160123      14.0886575
2010    20      0.0354478       12.57628875
2010    21      0.02970285      11.09961625
2010    22      0.02690647      10.39303125
2010    23      0.02757546      10.55621762
2010    24      0.02537097      10.02622075
2010    25      0.02536251      10.04114537
2010    26      0.02491441      9.9281685
2010    27      0.02532905      10.01117037
2010    28      0.02976784      11.1198325
2010    29      0.02741577      10.52513488
2010    30      0.02502987      9.93619875
2011    1       0.02831044      10.71605625
2011    2       0.03273785      11.81902625
2011    3       0.03056217      11.33697125
2011    4       0.02859088      10.8733225
2011    5       0.02652863      10.40634375
2011    6       0.02466252      9.92397075
2011    7       0.02664618      10.37870025
2011    8       0.02853361      10.819335
2011    9       0.02643181      10.3474405
2011    10      0.02373316      9.67202513
2011    11      0.02453206      9.84929037
2011    12      0.02422088      9.77145525
2011    13      0.02549537      10.09664063
2011    14      0.02407424      9.70535612
2011    15      0.02148218      9.03956725
2011    16      0.0212599       8.95794213
2011    17      0.02108977      8.89618825
2011    18      0.02127783      8.93906163
2011    19      0.02081218      8.82036262
2011    20      0.0205449       8.77016238
2011    21      0.02073621      8.841878
2011    22      0.02213069      9.21581062
2011    23      0.02239605      9.289245
2011    24      0.02247737      9.33157062
2011    25      0.02306812      9.48318725
2011    26      0.02567732      10.10826625
2011    27      0.02890583      10.92027
2011    28      0.02851093      10.81446375
2011    29      0.02848028      10.86587875
2011    30      0.0265145       10.4328425
2012    1       0.02547649      10.00740988
2012    2       0.02419548      9.66483612
2012    3       0.02485365      9.849028
2012    4       0.02650855      10.26659725
2012    5       0.0255022       10.00881925
2012    6       0.02471859      9.82676312
2012    7       0.02484131      9.85638612
2012    8       0.02616101      10.19289625
2012    9       0.0232695       9.46089862
2012    10      0.02445678      9.74721412
2012    11      0.02503578      9.90651388
2012    12      0.0247042       9.80538513
2012    13      0.02490201      9.86073538
2012    14      0.02471599      9.81083675
2012    15      0.02202049      9.15742925
2012    16      0.02208508      9.20653988
2012    17      0.0212922       9.00207912
2012    18      0.02082898      8.87639137
2012    19      0.02118764      8.98462562
2012    20      0.02144014      9.04326312
2012    21      0.02612773      10.17994912
2012    22      0.02540388      10.04118175
2012    23      0.02843857      10.80542125
2012    24      0.02769572      10.65631125
2012    25      0.02975197      11.17429988
2012    26      0.02761174      10.60938875
2012    27      0.02573253      10.18439525
2012    28      0.02462095      9.97962862
2012    29      0.0232263       9.6388805
2012    30      0.02768955      10.71912662
2013    1       0.02344496      9.51658375
2013    2       0.0267373       10.3611585
2013    3       0.02299322      9.50156225
2013    4       0.03179663      11.63376
2013    5       0.02967143      11.09855
2013    6       0.03186152      11.6493275
2013    7       0.02539986      10.10517662
2013    8       0.02563299      10.11730712
2013    9       0.02907876      10.93589625
2013    10      0.02602425      10.15929
2013    11      0.02842433      10.8058575
2013    12      0.02860575      10.94031275
2013    13      0.03331715      12.04317
2013    14      0.03260634      11.85422625
2013    15      0.03419237      12.26389375
2013    16      0.02909584      11.00100375
2013    17      0.028917        10.94716875
2013    18      0.03699649      12.92479125
2013    19      0.03816555      13.21359125
2013    20      0.03272464      11.94595875
2013    21      0.02463355      9.99401962
2013    22      0.02701273      10.55460875
2013    23      0.02984243      11.21418375
2013    24      0.03009968      11.2495525
2013    25      0.03104149      11.50779375
2013    26      0.03455068      12.34910625
2013    27      0.03408763      12.2394275
2013    28      0.03329258      12.02800125
2013    29      0.03097924      11.42911625
2013    30      0.03113002      11.48512125
2014    1       0.02662148      10.29736875
2014    2       0.02948063      11.018925
2014    3       0.02867755      10.81991125
2014    4       0.02744023      10.51772
2014    5       0.02909746      10.93897625
2014    6       0.02893846      10.89020375
2014    7       0.0336882       12.0917075
2014    8       0.03424155      12.222775
2014    9       0.02957221      11.11286875
2014    10      0.03223025      11.73108
2014    11      0.02818857      10.7144375
2014    12      0.02617322      10.17482162
2014    13      0.02511334      9.91664662
2014    14      0.02544036      10.006967
2014    15      0.02588895      10.15506925
2014    16      0.02542775      10.0349795
2014    17      0.02882742      10.86478
2014    18      0.02883585      10.85797125
2014    19      0.02848998      10.77280875
2014    20      0.02829616      10.73108625
2014    21      0.02871065      10.84896625
2014    22      0.0273142       10.48427875
2014    23      0.02722493      10.5016175
2014    24      0.02631508      10.325682
2014    25      0.02564588      10.16132762
2014    26      0.02638298      10.313785
2014    27      0.02604098      10.20503637
2014    28      0.02493647      9.92075962
2014    29      0.02640757      10.30415188
2014    30      0.0297065       11.10786875
2015    1       0.02613683      10.16696938
2015    2       0.02449245      9.73361425
2015    3       0.02482699      9.82464475
2015    4       0.02757319      10.52600138
2015    5       0.0280246       10.625965
2015    6       0.0256222       10.03397363
2015    7       0.02433122      9.71421425
2015    8       0.02485967      9.84903362
2015    9       0.02316863      9.4319995
2015    10      0.0216808       9.04443775
2015    11      0.02166976      9.04570425
2015    12      0.0204952       8.752017
2015    13      0.02163884      9.0498165
2015    14      0.02196575      9.12487812
2015    15      0.02189923      9.0821075
2015    16      0.02280895      9.29998388
2015    17      0.0215966       9.01358738
2015    18      0.02121045      8.92217212
2015    19      0.02036505      8.70865225
2015    20      0.0204822       8.75447662
2015    21      0.02067103      8.7956525
2015    22      0.0219344       9.111938
2015    23      0.02252763      9.27996962
2015    24      0.02538056      10.00100538
2015    25      0.025247        9.97601775
2015    26      0.02337716      9.50741412
2015    27      0.02420483      9.733734
2015    28      0.0255605       10.11115
2015    29      0.03389679      12.24699625
2015    30      0.05301892      16.86870625
2016    1       0.02450413      9.808722
2016    2       0.02242265      9.2701065
2016    3       0.02222538      9.21778075
2016    4       0.02156528      9.02136975
2016    5       0.02101952      8.88386938
2016    6       0.02120969      8.94534038
2016    7       0.02123065      8.959464
2016    8       0.02030907      8.72603538
2016    9       0.019886        8.62120088
2016    10      0.0219702       9.17578
2016    11      0.02084419      8.88236175
2016    12      0.02340422      9.52535488
2016    13      0.02228622      9.26746125
2016    14      0.02367076      9.6206315
2016    15      0.02802941      10.73069325
2016    16      0.02757216      10.64204538
2016    17      0.02914804      11.00325125
2016    18      0.03461156      12.33477625
2016    19      0.0291928       10.99483375
2016    20      0.02825029      10.78839375
2016    21      0.0259268       10.20313038
2016    22      0.02386751      9.68228925
2016    23      0.02359079      9.59515175
2016    24      0.02545334      10.04728538
2016    25      0.02548107      10.06958512
2016    26      0.02364514      9.63383738
2016    27      0.02608034      10.20617
2016    28      0.02601984      10.18929712
2016    29      0.02880057      10.89912125
2016    30      0.02671721      10.43414375
2017    1       0.02376852      9.61446713
2017    2       0.02883538      10.85977125
2017    3       0.02597991      10.1585425
2017    4       0.02620194      10.2330475
2017    5       0.02495553      9.89114912
2017    6       0.02474411      9.8361425
2017    7       0.025632        10.06173963
2017    8       0.02598718      10.14604363
2017    9       0.02660159      10.324235
2017    10      0.02605768      10.21741375
2017    11      0.0257766       10.15769212
2017    12      0.02870051      10.83213
2017    13      0.02976882      11.11164
2017    14      0.02739739      10.53663862
2017    15      0.02482569      9.9064625
2017    16      0.02423354      9.74955275
2017    17      0.02371114      9.60863388
2017    18      0.02334866      9.515775
2017    19      0.02224552      9.26911212
2017    20      0.02287407      9.41124475
2017    21      0.02320421      9.46579938
2017    22      0.02157814      9.06848637
2017    23      0.02265559      9.37309237
2017    24      0.02622601      10.26549
2017    25      0.02456224      9.82940162
2017    26      0.02356946      9.58518038
2017    27      0.02267378      9.38435675
2017    28      0.02022331      8.8100195
2017    29      0.02568204      10.1920875
2017    30      0.03309243      11.9890725
2018    1       0.02529848      9.975903
2018    2       0.02479415      9.87638137
2018    3       0.02390264      9.66405338
2018    4       0.02408999      9.67638575
2018    5       0.02448841      9.79494838
2018    6       0.02390346      9.659629
2018    7       0.02662824      10.3562275
2018    8       0.0281494       10.71073875
2018    9       0.02496428      9.89894875
2018    10      0.0245964       9.801541
2018    11      0.02427821      9.7172635
2018    12      0.02340447      9.48619175
2018    13      0.02459715      9.78031825
2018    14      0.02338905      9.48486963
2018    15      0.02330729      9.47418263
2018    16      0.02463479      9.83473538
2018    17      0.02316959      9.49128488
2018    18      0.02291747      9.449588
2018    19      0.02231176      9.28723213
2018    20      0.02320842      9.533089
2018    21      0.03342881      12.073235
2018    22      0.03486706      12.42118625
2018    23      0.0277896       10.6766725
2018    24      0.02656513      10.3842525
2018    25      0.02630602      10.29968475
2018    26      0.02685155      10.40224
2018    27      0.02594593      10.15634588
2018    28      0.02564162      10.09957813
2018    29      0.02393886      9.68241125
2018    30      0.02636679      10.29938625
