####################################################################################################
# Month: 02Feb                                                                                     #
# Station: GLT                                                                                     #
# Columns are: year    day     RH (percent)                                                        #
####################################################################################################
9       1       0.88049238
9       2       0.54229638
9       3       0.44160662
9       4       0.39690562
9       5       0.56239375
9       6       0.78658925
9       7       0.76969775
9       8       0.68790262
9       9       0.66985012
9       10      0.74359638
9       11      0.54889688
9       12      0.45910188
9       13      0.48295962
9       14      0.58328525
9       15      0.82558775
9       16      0.89816888
9       17      0.95042812
9       18      0.94437012
9       19      0.95232038
9       20      0.76069775
9       21      0.76458112
9       22      0.90793375
9       23      0.57764488
9       24      0.5609505
9       25      0.57889762
9       26      0.5785325
9       27      0.711847
9       28      0.58858587
