####################################################################################################
# Month: 10Oct                                                                                     #
# Station: DomeF                                                                                   #
# Frequency: 345 GHz                                                                               #
# Columns are: year    day     tau     Tb (K)                                                      #
####################################################################################################
2009    1       0.05830132      18.935095
2009    2       0.0567101       18.5452275
2009    3       0.06944199      21.38542125
2009    4       0.06355725      20.0289825
2009    5       0.05786122      18.74458875
2009    6       0.06034574      19.34708
2009    7       0.06044032      19.3897575
2009    8       0.06278949      19.89109875
2009    9       0.06498192      20.3519775
2009    10      0.06373682      20.0681375
2009    11      0.06384404      20.12545375
2009    12      0.06892374      21.20437875
2009    13      0.08341625      24.4513475
2009    14      0.07799412      23.3655275
2009    15      0.08183827      24.3069725
2009    16      0.10569983      29.57061875
2009    17      0.11940125      32.4997625
2009    18      0.15550486      40.10188125
2009    19      0.14453091      38.0500725
2009    20      0.12885018      34.675945
2009    21      0.09884145      28.24996625
2009    22      0.10276178      28.96871875
2009    23      0.10046936      28.500865
2009    24      0.10499511      29.39662
2009    25      0.10164839      28.71783
2009    26      0.0838858       24.95342375
2009    27      0.0898252       26.0664425
2009    28      0.07766255      23.524845
2009    29      0.09594727      27.45812125
2009    30      0.0934182       26.83745875
2009    31      0.0914669       26.39528125
2010    1       0.0722321       21.96107
2010    2       0.06908507      21.343525
2010    3       0.07190614      22.00506625
2010    4       0.07420101      22.50208375
2010    5       0.08096216      23.97168
2010    6       0.07708074      23.0808625
2010    7       0.06656926      20.85802875
2010    8       0.06928989      21.40146625
2010    9       0.06512417      20.4653875
2010    10      0.06793483      21.05046375
2010    11      0.08123023      24.06280375
2010    12      0.09275976      26.62242125
2010    13      0.07217196      22.1173325
2010    14      0.07263302      22.21393375
2010    15      0.10146124      28.47242125
2010    16      0.08701146      25.33555125
2010    17      0.09558288      27.19930125
2010    18      0.08615559      25.16947
2010    19      0.07449978      22.85655875
2010    20      0.08300798      24.5483
2010    21      0.07859023      23.52596
2010    22      0.07435123      22.61400125
2010    23      0.07341092      22.3468675
2010    24      0.07137327      21.91095875
2010    25      0.06689718      20.91203125
2010    26      0.06489862      20.404715
2010    27      0.06333542      20.055075
2010    28      0.06581755      20.65712125
2010    29      0.07209505      22.02757
2010    30      0.10636563      29.58353875
2010    31      0.07846305      23.5370925
2011    1       0.08021851      23.8431
2011    2       0.06119702      19.60256875
2011    3       0.06851372      21.248945
2011    4       0.07407342      22.49381125
2011    5       0.08693048      25.3579025
2011    6       0.08266964      24.45216125
2011    7       0.0883081       25.5866325
2011    8       0.07385937      22.44410875
2011    9       0.07333846      22.28055625
2011    10      0.06375293      20.1636175
2011    11      0.06689524      20.8538225
2011    12      0.06062538      19.452895
2011    13      0.05723838      18.7260675
2011    14      0.05786373      18.89581875
2011    15      0.06059813      19.48680875
2011    16      0.06860237      21.25846125
2011    17      0.06217405      19.82543375
2011    18      0.06375528      20.21348125
2011    19      0.06538689      20.5666725
2011    20      0.06867792      21.27277
2011    21      0.06824773      21.2498175
2011    22      0.07351582      22.3876525
2011    23      0.0731448       22.34484
2011    24      0.07453358      22.70114125
2011    25      0.08042609      23.96986125
2011    26      0.07587027      22.9919225
2011    27      0.08503541      25.01227375
2011    28      0.08602599      25.25092375
2011    29      0.09171494      26.40672125
2011    30      0.08335028      24.66288375
2011    31      0.07917174      23.721375
2012    1       0.0898134       26.1227025
2012    2       0.09143899      26.3136575
2012    3       0.07747297      23.333685
2012    4       0.06905103      21.55277125
2012    5       0.07955652      23.7953025
2012    6       0.08130066      24.175205
2012    7       0.07889334      23.624695
2012    8       0.0748162       22.71695875
2012    9       0.06780317      21.22208625
2012    10      0.06823587      21.27449625
2012    11      0.06745126      21.13457375
2012    12      0.07263884      22.31930625
2012    13      0.08336703      24.69678875
2012    14      0.07661688      23.21292
2012    15      0.06763876      21.2987275
2012    16      0.06308614      20.25822875
2012    17      0.07439087      22.67239125
2012    18      0.09087083      26.3041025
2012    19      0.08314528      24.569975
2012    20      0.07731258      23.27697
2012    21      0.07518603      22.9519025
2012    22      0.08498202      25.00807
2012    23      0.08269872      24.5857375
2012    24      0.084119        24.91302
2012    25      0.09634216      27.5620675
2012    26      0.09789681      27.913465
2012    27      0.09560168      27.3621075
2012    28      0.09501216      27.41238125
2012    29      0.17161089      43.710325
2012    30      0.14825549      38.78040625
2012    31      0.13489678      35.84009625
2013    1       0.10075892      28.33605
2013    2       0.11454612      31.43114875
2013    3       0.0917376       26.677455
2013    4       0.08442357      24.90853875
2013    5       0.09071267      26.224015
2013    6       0.08352033      24.5378175
2013    7       0.07720676      23.09348
2013    8       0.07613752      22.85253125
2013    9       0.07289005      22.1438875
2013    10      0.07426661      22.4736075
2013    11      0.07394124      22.4367025
2013    12      0.071482        21.92682
2013    13      0.05650285      18.76539875
2013    14      0.07564129      22.8876225
2013    15      0.07685505      23.1177275
2013    16      0.07262731      22.23703875
2013    17      0.10353674      28.9546225
2013    18      0.08233288      24.37514625
2013    19      0.09225777      26.605925
2013    20      0.07747573      23.40960875
2013    21      0.07440559      22.7175175
2013    22      0.07562555      22.93037375
2013    23      0.06889961      21.5074375
2013    24      0.07320287      22.4784175
2013    25      0.0694944       21.60629125
2013    26      0.07168874      22.05984875
2013    27      0.06693926      21.10951125
2013    28      0.06701512      21.0945125
2013    29      0.07802182      23.5044975
2013    30      0.07377638      22.49135625
2013    31      0.0586674       19.1896675
2014    1       0.0849332       24.85165
2014    2       0.07952479      23.6485675
2014    3       0.07609983      22.94639375
2014    4       0.07644625      22.992525
2014    5       0.06382045      20.23671875
2014    6       0.06237689      19.9015275
2014    7       0.06602735      20.60957625
2014    8       0.06489212      20.32598
2014    9       0.06284513      19.8787625
2014    10      0.06456207      20.30932125
2014    11      0.06117939      19.57896
2014    12      0.05628597      18.56265375
2014    13      0.06623711      20.8148075
2014    14      0.07665199      23.07663375
2014    15      0.0736819       22.41625
2014    16      0.06700157      20.95955125
2014    17      0.07552393      22.82981875
2014    18      0.07116215      21.8781075
2014    19      0.06822556      21.21947
2014    20      0.06857328      21.3015775
2014    21      0.07556483      22.83733375
2014    22      0.07271319      22.2238575
2014    23      0.07027478      21.67402125
2014    24      0.07483883      22.6697825
2014    25      0.0748596       22.67247625
2014    26      0.07254314      22.17846375
2014    27      0.08083934      23.97415375
2014    28      0.08771095      25.54008125
2014    29      0.07455191      22.80981625
2014    30      0.14160218      37.3711125
2014    31      0.17047119      43.43490125
2015    1       0.14870975      38.93104
2015    2       0.13284905      35.72754
2015    3       0.12897151      34.736405
2015    4       0.10701597      30.1492175
2015    5       0.09748637      28.045785
2015    6       0.07697534      23.5439075
2015    7       0.08876388      25.86610875
2015    8       0.0843343       24.80076875
2015    9       0.07928952      23.6847
2015    10      0.07219222      22.0975775
2015    11      0.09165954      26.2968125
2015    12      0.0954249       27.15020875
2015    13      0.09127611      26.26512125
2015    14      0.08794117      25.61206125
2015    15      0.09180941      26.4270575
2015    16      0.08469647      24.7968675
2015    17      0.07852809      23.44103375
2015    18      0.07146313      21.8790225
2015    19      0.06340924      20.11676
2015    20      0.06573531      20.6904075
2015    21      0.06984555      21.6163175
2015    22      0.09065678      26.11059375
2015    23      0.07340459      22.289135
2015    24      0.06369408      20.18875875
2015    25      0.07156209      21.979055
2015    26      0.07044462      21.77984625
2015    27      0.06737499      21.0821875
2015    28      0.07219157      22.09892625
2015    29      0.07446175      22.52799
2015    30      0.06665926      20.78066875
2015    31      0.07188225      22.0455775
2016    1       0.07174103      21.96000375
2016    2       0.07414765      22.4969025
2016    3       0.09533974      27.1304325
2016    4       0.08958843      25.8499
2016    5       0.09190746      26.311985
2016    6       0.09491154      27.0951375
2016    7       0.073658        22.54780625
2016    8       0.0827377       24.53740875
2016    9       0.07289622      22.4899375
2016    10      0.07542694      22.8463425
2016    11      0.06838448      21.30996875
2016    12      0.08828982      25.580245
2016    13      0.07705563      23.12885875
2016    14      0.06723138      21.0593825
2016    15      0.06944261      21.5829925
2016    16      0.07285565      22.22570375
2016    17      0.07733297      23.258435
2016    18      0.07710394      23.26280625
2016    19      0.07656624      23.01972625
2016    20      0.07261438      22.19517875
2016    21      0.06785634      21.18380375
2016    22      0.06390164      20.3773625
2016    23      0.06136649      19.82922
2016    24      0.05979071      19.4903775
2016    25      0.06830631      21.3373375
2016    26      0.07457306      22.71553875
2016    27      0.07809878      23.57024
2016    28      0.07138274      22.11581
2016    29      0.07420063      22.7250725
2016    30      0.09157472      26.47077
2016    31      0.10823115      30.03286625
2017    1       0.07536233      22.8948325
2017    2       0.07989579      23.93329375
2017    3       0.07419866      22.6563225
2017    4       0.08154448      24.17413875
2017    5       0.0721282       22.05940375
2017    6       0.07251263      22.06295125
2017    7       0.07925418      23.51302375
2017    8       0.08418505      24.66051125
2017    9       0.07955861      23.62419
2017    10      0.07766988      23.16688875
2017    11      0.0814338       24.06292625
2017    12      0.08151523      24.2074525
2017    13      0.07828309      23.61778375
2017    14      0.07147524      22.224965
2017    15      0.07062727      21.99969125
2017    16      0.08049028      23.99498875
2017    17      0.07799382      23.50369
2017    18      0.09000358      26.1447925
2017    19      0.08918061      26.01099
2017    20      0.0799164       23.97774125
2017    21      0.07900063      23.747995
2017    22      0.08176615      24.37658125
2017    23      0.09117153      26.36695625
2017    24      0.08588957      25.26221
2017    25      0.07670317      23.247145
2017    26      0.0724773       22.37919375
2017    27      0.08494261      25.17539625
2017    28      0.08057287      24.0816425
2017    29      0.08089939      24.0982375
2017    30      0.08291489      24.54790625
2017    31      0.08790218      25.672795
2018    1       0.06777825      20.9863275
2018    2       0.0679526       21.04437
2018    3       0.06552164      20.510045
2018    4       0.06588002      20.60865375
2018    5       0.06221618      19.76858375
2018    6       0.06200975      19.65541625
2018    7       0.07539154      22.62113875
2018    8       0.07526281      22.62341125
2018    9       0.08150291      23.990045
2018    10      0.07578844      22.73863125
2018    11      0.07111689      21.74374625
2018    12      0.06910697      21.2822
2018    13      0.06658208      20.73673
2018    14      0.06585928      20.6309475
2018    15      0.07142884      21.83166625
2018    16      0.06631954      20.74286875
2018    17      0.06566247      20.58621
2018    18      0.09833945      27.780875
2018    19      0.11349401      31.2816075
2018    20      0.11079564      30.56645375
2018    21      0.09613669      27.53980125
2018    22      0.09263545      26.7460575
2018    23      0.09700312      27.61562625
2018    24      0.08507628      25.06227
2018    25      0.08352996      24.7162225
2018    26      0.08727072      25.53491875
2018    27      0.08184182      24.38939625
2018    28      0.08766144      25.55935375
2018    29      0.08193592      24.2528175
2018    30      0.07995732      23.8408775
2018    31      0.08607842      25.233675
