####################################################################################################
# Month: 10Oct                                                                                     #
# Station: CAT                                                                                     #
# Columns are: year    day     RH (percent)                                                        #
####################################################################################################
9       1       0.37636388
9       2       0.202855
9       3       0.325781
9       4       0.45094437
9       5       0.85901562
9       6       0.34724612
9       7       0.15748137
9       8       0.518351
9       9       0.70449263
9       10      0.85891288
9       11      0.7015145
9       12      0.40853362
9       13      0.65419338
9       14      0.77184
9       15      0.5026435
9       16      0.380924
9       17      0.48545925
9       18      0.31679675
9       19      0.47312588
9       20      0.39075662
9       21      0.48275075
9       22      0.88425675
9       23      0.879292
