####################################################################################################
# Month: 10Oct                                                                                     #
# Station: CAT                                                                                     #
# Columns are: year    day     segment         RH (percent)                                        #
####################################################################################################
9       1       0       0.531312
9       1       1       0.224005
9       1       2       0.092352
9       1       3       0.071143
9       1       4       0.097752
9       1       5       0.235517
9       1       6       0.924895
9       1       7       0.833935
9       2       0       0.135585
9       2       1       0.032735
9       2       2       0.036765
9       2       3       0.03236
9       2       4       0.045273
9       2       5       0.155202
9       2       6       0.52616
9       2       7       0.65876
9       3       0       0.223376
9       3       1       0.134583
9       3       2       0.146121
9       3       3       0.151271
9       3       4       0.1642
9       3       5       0.468056
9       3       6       0.737679
9       3       7       0.580962
9       4       0       0.23825
9       4       1       0.220864
9       4       2       0.141583
9       4       3       0.14567
9       4       4       0.126034
9       4       5       0.860336
9       4       6       0.938611
9       4       7       0.936207
9       5       0       0.876951
9       5       1       0.817706
9       5       2       0.877687
9       5       3       0.771638
9       5       4       0.760121
9       5       5       0.902171
9       5       6       0.922745
9       5       7       0.943106
9       6       0       0.563744
9       6       1       0.160914
9       6       2       0.137754
9       6       3       0.277596
9       6       4       0.255368
9       6       5       0.321387
9       6       6       0.537375
9       6       7       0.523831
9       7       0       0.392259
9       7       1       0.124352
9       7       2       0.056716
9       7       3       0.024169
9       7       4       0.043221
9       7       5       0.103758
9       7       6       0.22798
9       7       7       0.287396
9       8       0       0.574377
9       8       1       0.685933
9       8       2       0.423002
9       8       3       0.354768
9       8       4       0.153813
9       8       5       0.46487
9       8       6       0.640559
9       8       7       0.849486
9       9       0       0.935106
9       9       1       0.661413
9       9       2       0.372172
9       9       3       0.343105
9       9       4       0.534759
9       9       5       0.901372
9       9       6       0.955248
9       9       7       0.932766
9       10      0       0.673833
9       10      1       1.001045
9       10      2       0.910888
9       10      3       0.817136
9       10      4       0.784656
9       10      5       0.774068
9       10      6       0.971636
9       10      7       0.938041
9       11      0       0.862478
9       11      1       0.864231
9       11      2       0.822517
9       11      3       0.892256
9       11      4       0.627024
9       11      5       0.359373
9       11      6       0.534299
9       11      7       0.649938
9       12      0       0.460791
9       12      1       0.1771
9       12      2       0.09336
9       12      3       0.119246
9       12      4       0.22702
9       12      5       0.633687
9       12      6       0.911458
9       12      7       0.645607
9       13      0       0.507279
9       13      1       0.553287
9       13      2       0.403353
9       13      3       0.410029
9       13      4       0.59765
9       13      5       0.910288
9       13      6       0.917063
9       13      7       0.934598
9       14      0       0.544446
9       14      1       0.621395
9       14      2       0.75689
9       14      3       0.735466
9       14      4       0.717948
9       14      5       0.922043
9       14      6       0.962184
9       14      7       0.914348
9       15      0       0.910926
9       15      1       0.782241
9       15      2       0.549419
9       15      3       0.395451
9       15      4       0.255373
9       15      5       0.178233
9       15      6       0.344885
9       15      7       0.60462
9       16      0       0.555411
9       16      1       0.514862
9       16      2       0.243409
9       16      3       0.203554
9       16      4       0.149586
9       16      5       0.176788
9       16      6       0.524201
9       16      7       0.679581
9       17      0       0.422303
9       17      1       0.464041
9       17      2       0.448628
9       17      3       0.391759
9       17      4       0.314065
9       17      5       0.620275
9       17      6       0.587328
9       17      7       0.635275
9       18      0       0.434117
9       18      1       0.318496
9       18      2       0.282209
9       18      3       0.244288
9       18      4       0.290846
9       18      5       0.270049
9       18      6       0.468001
9       18      7       0.226368
9       19      0       0.18972
9       19      1       -0.152118
9       19      2       0.514579
9       19      3       0.567608
9       19      4       0.380864
9       19      5       0.504494
9       19      6       0.851469
9       19      7       0.928391
9       20      0       0.758957
9       20      1       0.555433
9       20      2       0.139343
9       20      3       0.115089
9       20      4       0.125085
9       20      5       0.488372
9       20      6       0.462084
9       20      7       0.48169
9       21      0       0.513439
9       21      1       0.370367
9       21      2       0.301905
9       21      3       0.151753
9       21      4       0.09863
9       21      5       0.452282
9       21      6       0.955761
9       21      7       1.017869
9       22      0       0.902802
9       22      1       0.800035
9       22      2       0.863132
9       22      3       0.889544
9       22      4       0.863406
9       22      5       0.912766
9       22      6       0.877564
9       22      7       0.964805
9       23      0       0.905333
9       23      1       0.827111
9       23      2       0.858174
9       23      3       0.767855
9       23      4       0.793548
9       23      5       0.957078
9       23      6       0.967479
9       23      7       0.957758
