####################################################################################################
# Month: 08Aug                                                                                     #
# Station: NOR                                                                                     #
# Frequency: 345 GHz                                                                               #
# Columns are: year    day     tau     Tb (K)                                                      #
####################################################################################################
2009    1       3.30621675      265.9089625
2009    2       2.92877188      251.922875
2009    3       1.1572506       192.26445
2009    4       2.397224        248.2561
2009    5       2.77347388      260.4207625
2009    6       4.09559375      273.5685875
2009    7       3.63796412      269.6381125
2009    8       3.01149088      262.6801
2009    9       3.1883475       263.8760375
2009    10      3.82880325      272.813275
2009    11      2.32648631      236.711875
2009    12      3.70591462      273.2020125
2009    13      3.8080655       274.8654
2009    14      2.34849738      253.320175
2009    15      3.28646187      261.8864
2009    16      1.02032084      176.1844125
2009    17      0.7997191       153.77525
2009    18      2.03063702      231.7766125
2009    19      1.63842575      221.8442375
2009    20      1.73542981      215.0661875
2009    21      3.63916712      268.830775
2009    22      2.75171163      256.9234
2009    23      1.02972689      133.2224525
2009    24      0.47537565      105.07260125
2009    25      0.73729308      139.763545
2009    26      1.3290609       193.8764375
2009    27      2.6273225       249.4635125
2009    28      2.862268        255.55085
2009    29      2.85309688      258.5413875
2009    30      2.32507288      243.927725
2009    31      2.60793625      253.052975
2010    1       3.7147015       274.5682625
2010    2       2.55482813      256.88525
2010    3       3.4289205       264.75655
2010    4       1.948266        237.7567375
2010    5       1.91795862      237.2873125
2010    6       2.9591486       235.8946
2010    7       2.4228935       240.402675
2010    8       2.72656938      256.7266875
2010    9       2.76425538      258.9532
2010    10      3.81061038      271.5896625
2010    11      3.309445        266.76865
2010    12      3.57251662      268.89895
2010    13      3.76390125      271.8739375
2010    14      4.24819812      274.8005875
2010    15      3.29897825      264.2333125
2010    16      2.12927787      244.084325
2010    17      1.81357062      232.390575
2010    18      2.16690812      245.0474375
2010    19      2.2222845       247.56885
2010    20      1.65831962      223.8309875
2010    21      1.55700888      218.86625
2010    22      1.14304         189.869875
2010    23      1.695498        224.5700875
2010    24      2.83154612      258.8992375
2010    25      1.9637285       236.4040125
2010    26      2.39615862      251.2129
2010    27      2.3374305       249.659475
2010    28      1.36088675      204.5950875
2010    29      1.41704588      208.0249
2010    30      1.87300925      233.146375
2010    31      2.443293        252.6750125
2011    1       2.92548275      261.3641625
2011    2       4.654804        275.473875
2011    3       4.321019        274.684675
2011    4       3.05642675      265.0298375
2011    5       3.63998438      270.1256625
2011    6       3.41024462      268.5011625
2011    7       3.11734488      265.3170125
2011    8       2.72561625      259.7494875
2011    9       2.89240175      263.733025
2011    10      2.51045025      256.5897
2011    11      2.250577        237.4941875
2011    12      1.33390251      200.329175
2011    13      3.06628475      259.6512375
2011    14      2.47882475      249.8920625
2011    15      3.465177        266.4887625
2011    16      2.54354162      251.2409875
2011    17      3.8180385       272.140825
2011    18      3.66011775      271.158275
2011    19      4.109787        272.858175
2011    20      3.62715175      268.0944375
2011    21      3.84661175      270.177175
2011    22      3.63731188      268.4604875
2011    23      2.42428862      245.1336125
2011    24      2.50843712      246.118425
2011    25      3.490047        267.5213875
2011    26      4.17441075      272.51525
2011    27      3.3173185       265.3465375
2011    28      2.9746175       263.2800625
2011    29      1.59106962      221.545175
2011    30      1.98476988      237.7210875
2011    31      3.539899        270.7558875
2012    1       2.14730125      242.927675
2012    2       1.83801188      232.528125
2012    3       1.34751209      199.3837875
2012    4       0.96528844      171.0701125
2012    5       1.92286838      223.6287
2012    6       2.4706384       233.3471375
2012    7       0.81975939      154.24775
2012    8       0.87513411      162.6458125
2012    9       0.66741119      135.6338125
2012    10      2.17948825      230.8240125
2012    11      3.46602338      266.7745375
2012    12      2.91806713      260.5431
2012    13      3.726422        269.8922625
2012    14      2.22784088      244.0633875
2012    15      3.10125938      264.6093125
2012    16      3.2755425       266.1209875
2012    17      3.4127215       266.11115
2012    18      2.64823562      254.209625
2012    19      1.00854766      173.24035
2012    20      1.23318065      189.1414
2012    21      2.21198113      243.4133375
2012    22      1.9932515       235.1249875
2012    23      1.51262508      206.7456625
2012    24      1.28148551      195.301375
2012    25      0.91566526      167.1146875
2012    26      0.873109        163.3672875
2012    27      0.97039439      170.95935
2012    28      1.14677729      187.9643625
2012    29      3.02113562      262.0731
2012    30      4.22198438      274.3086625
2012    31      1.82923552      221.2704
2013    1       1.32591636      192.2398875
2013    2       1.03726648      178.4644875
2013    3       1.85916438      227.9345625
2013    4       3.7267265       269.08025
2013    5       3.6568165       269.9439
2013    6       2.4902812       230.546725
2013    7       1.98279825      237.4257625
2013    8       2.54301588      254.3239625
2013    9       2.26372725      248.6498375
2013    10      2.426546        255.05595
2013    11      2.188897        247.9760375
2013    12      1.29479575      201.6008125
2013    13      1.89250675      233.5654625
2013    14      2.20864012      247.9409625
2013    15      2.5934265       255.4401
2013    16      2.0615865       237.1371625
2013    17      1.42014438      211.7830375
2013    18      1.58451312      211.849575
2013    19      2.34667412      242.0409375
2013    20      3.6974545       271.526875
2013    21      3.14568162      263.1643125
2013    22      2.68425738      256.4970875
2013    23      3.57175188      270.073025
2013    24      2.21341013      237.0040875
2013    25      1.05527389      157.82365125
2013    26      1.976916        229.203925
2013    27      0.9576112       166.108475
2013    28      1.36326712      202.5698625
2013    29      2.21065425      246.493325
2013    30      3.17053112      266.943525
2013    31      2.83771525      262.0162375
2014    1       2.58480788      253.4911875
2014    2       2.88901775      260.217325
2014    3       3.72092375      269.8514
2014    4       3.68790275      270.1526125
2014    5       2.59272962      257.31495
2014    6       2.19104875      243.6416875
2014    7       1.9475385       229.0959
2014    8       3.7933415       269.3379375
2014    9       3.26635538      265.7502125
2014    10      3.72263762      269.14485
2014    11      1.37207251      194.3218125
2014    12      2.28824052      220.2196375
2014    13      2.91340162      253.26105
2014    14      2.9254865       257.6703875
2014    15      3.62568825      272.3427
2014    16      3.2199          266.5227125
2014    17      2.33678012      249.0255
2014    18      2.3284405       248.2145125
2014    19      2.43324088      252.3314375
2014    20      2.34895562      249.7986
2014    21      2.714559        255.1719875
2014    22      2.361083        247.792975
2014    23      2.23124037      239.107375
2014    24      3.751908        269.0581625
2014    25      3.9420815       271.749075
2014    26      2.25029662      237.805075
2014    27      2.67310825      250.63645
2014    28      1.52721434      198.3970125
2014    29      2.452861        246.5085125
2014    30      2.56480138      252.7234625
2014    31      2.74325912      254.1681875
2015    1       1.49890188      215.8033875
2015    2       1.85230288      232.7643125
2015    3       2.06160988      241.62385
2015    4       2.43403938      252.535925
2015    5       2.240352        245.442625
2015    6       2.55824562      254.0168375
2015    7       1.25508025      195.104725
2015    8       1.00927818      175.7027375
2015    9       1.14628288      190.577775
2015    10      1.70183212      220.5173625
2015    11      2.91449925      258.9171
2015    12      2.99626638      260.0748
2015    13      2.5947455       254.2388
2015    14      1.95348816      216.0429375
2015    15      0.89972756      160.42665
2015    16      2.43735429      215.07945
2015    17      3.38798975      255.5883375
2015    18      1.07639851      174.0145875
2015    19      2.41872587      227.9909625
2015    20      3.741212        269.0196625
2015    21      3.9696445       272.0267875
2015    22      2.38789262      251.77745
2015    23      2.48354837      251.3412875
2015    24      1.91252975      234.2986125
2015    25      2.44718312      249.0716625
2015    26      1.56211338      218.7264125
2015    27      2.07046412      240.198625
2015    28      3.714656        267.593925
2015    29      3.56198725      267.2433875
2015    30      3.39591588      265.8661375
2015    31      2.80365225      256.566425
2016    1       3.60523425      269.158375
2016    2       3.97927625      271.41595
2016    3       3.45915988      266.6605
2016    4       3.34551163      267.7634625
2016    5       2.47478925      254.1186125
2016    6       1.42015512      209.8003
2016    7       1.68861288      227.038425
2016    8       1.53571788      217.9686
2016    9       1.14142392      177.343725
2016    10      2.28976361      237.446425
2016    11      2.45606163      250.9131375
2016    12      1.65059087      226.92905
2016    13      2.32010212      250.3657125
2016    14      3.04391238      264.7864
2016    15      3.5768525       271.500425
2016    16      2.94273712      262.353625
2016    17      2.6606475       253.1543625
2016    18      3.39602975      268.088475
2016    19      2.54292662      251.5459625
2016    20      4.02296975      274.266075
2016    21      3.23449325      265.3361625
2016    22      2.51492412      245.2498
2016    23      2.72192012      257.0120875
2016    24      2.9540745       259.7227
2016    25      2.432023        252.3139875
2016    26      3.24219225      262.4503375
2016    27      3.7568015       271.3120375
2016    28      2.78088625      258.1667
2016    29      3.28677612      267.0494875
2016    30      1.50892917      156.67907
2016    31      0.96179925      162.8885
2017    1       2.78533413      246.25815
2017    2       2.08293437      234.326075
2017    3       2.54608862      254.7567625
2017    4       3.96836637      270.1213625
2017    5       3.04083112      263.2625375
2017    6       3.639168        268.622
2017    7       4.3248915       273.1976875
2017    8       2.87727988      251.7711125
2017    9       2.88106125      258.7133
2017    10      4.32160938      276.51885
2017    11      2.85070725      260.1803375
2017    12      3.31521888      267.3066125
2017    13      4.18561525      273.1431125
2017    14      3.12284725      261.1739375
2017    15      4.32276075      275.6121375
2017    16      3.06187612      261.6097125
2017    17      3.07205325      262.1733875
2017    18      3.43004375      266.1671875
2017    19      2.29844737      247.0260625
2017    20      3.3184095       265.3551125
2017    21      2.70482238      250.2391
2017    22      2.5791435       251.465975
2017    23      2.62280988      252.0525625
2017    24      2.8368675       258.5027125
2017    25      3.14526738      264.1940125
2017    26      1.48261091      187.8081375
2017    27      0.80576918      138.14290375
2017    28      2.44531787      247.414225
2017    29      2.42256688      251.333125
2017    30      2.5009525       253.0431125
2017    31      1.96318226      223.2713
2018    1       2.03888762      230.92745
2018    2       1.92248862      235.48645
2018    3       1.90762412      238.769125
2018    4       1.67531588      225.068825
2018    5       2.08143889      237.8174625
2018    6       2.47453875      255.16545
2018    7       2.34591362      252.0632625
2018    8       3.14350725      269.326575
2018    9       2.57213275      261.2252
2018    10      3.32493825      267.8024125
2018    11      2.58013562      252.319775
2018    12      3.27658812      268.7183625
2018    13      3.93366038      273.2209375
2018    14      3.509609        270.4875
2018    15      3.97400212      273.489675
2018    16      2.23118692      201.19643125
2018    17      0.23632941      60.68234
2018    18      0.29886546      72.2206925
2018    19      0.43316917      94.92367375
2018    20      2.64699975      258.5413375
2018    21      2.80088862      260.7853
2018    22      1.60594325      220.9738125
2018    23      3.302407        266.98155
2018    24      2.5065815       257.3136625
2018    25      3.21414962      266.2061
2018    26      2.11164662      240.2972625
2018    27      2.13408375      242.0141125
2018    28      2.67062412      253.99225
2018    29      2.20461275      238.590275
2018    30      2.64226262      255.3434
2018    31      2.76431412      256.642725
