####################################################################################################
# Month: 03Mar                                                                                     #
# Station: NOR                                                                                     #
# Columns are: year    day     RH (percent)                                                        #
####################################################################################################
9       1       0.26452088
9       2       0.10499738
9       3       0.76718375
9       4       0.42876275
9       5       0.52429825
9       6       0.47674775
9       7       0.07018475
9       8       0.49621838
9       9       0.63361475
9       10      0.16297025
9       11      0.23899587
9       12      0.13989725
9       13      0.82018412
9       14      0.31964012
9       15      0.22760762
9       16      0.62270487
9       17      0.40411488
9       18      0.28772575
9       19      0.4856605
9       20      0.208261
9       21      0.31471912
9       22      0.66178475
9       23      0.07892562
9       24      0.27242275
9       25      0.49946012
9       26      0.83418162
9       27      0.28861462
9       28      0.31116612
9       29      0.141935
9       30      0.21885588
9       31      0.48568562
