####################################################################################################
# Month: 02Feb                                                                                     #
# Station: TRL                                                                                     #
# Frequency: 230 GHz                                                                               #
# Columns are: year    day     tau     Tb (K)                                                      #
####################################################################################################
2009    1       0.1510346       38.793055
2009    2       0.10084692      27.72188125
2009    3       0.11320994      30.76498625
2009    4       0.09699893      27.16171
2009    5       0.16296821      41.21170375
2009    6       0.16485951      41.48358625
2009    7       0.14157426      36.50119875
2009    8       0.09139926      25.60270875
2009    9       0.10999122      29.7107525
2009    10      0.08395951      23.85113375
2009    11      0.07327132      21.4820775
2009    12      0.06522521      19.82343875
2009    13      0.09277087      26.04915125
2009    14      0.08968525      25.3439
2009    15      0.06195428      19.0378575
2009    16      0.12495248      32.983925
2009    17      0.09377014      26.05272125
2009    18      0.06015946      18.47623
2009    19      0.0692879       20.54163625
2009    20      0.06515209      19.8147225
2009    21      0.09804484      27.4407925
2009    22      0.2015973       49.6696975
2009    23      0.12952387      34.39365625
2009    24      0.07680813      22.42397125
2009    25      0.12275996      32.46773125
2009    26      0.117263        31.22355875
2009    27      0.09924593      27.3047475
2009    28      0.06527756      19.6115375
2010    1       0.15044474      38.88135125
2010    2       0.19580835      48.87323625
2010    3       0.11860721      32.2816125
2010    4       0.19636288      47.4527375
2010    5       0.26070022      60.9596075
2010    6       0.17126044      43.56846375
2010    7       0.14321529      37.59662125
2010    8       0.32058265      72.8117
2010    9       0.18422804      45.9035225
2010    10      0.21036698      52.04526125
2010    11      0.21920586      53.78242625
2010    12      0.20056515      50.00107875
2010    13      0.19328378      48.14939125
2010    14      0.17529754      44.05372375
2010    15      0.13621746      35.47053
2010    16      0.12340946      32.95158625
2010    17      0.09669473      26.94665875
2010    18      0.09775384      26.95531375
2010    19      0.10723225      28.81922375
2010    20      0.11466696      30.46449125
2010    21      0.1092646       29.1014175
2010    22      0.09192093      25.36989625
2010    23      0.07631491      22.17267875
2010    24      0.05901028      18.16061
2010    25      0.07876251      22.82141125
2010    26      0.12547785      33.32953125
2010    27      0.19886968      48.3089375
2010    28      0.09312201      25.973035
2011    1       0.2099004       51.10534125
2011    2       0.28645205      65.71756875
2011    3       0.38808051      84.429955
2011    4       0.20019964      49.25060625
2011    5       0.09890463      27.277085
2011    6       0.0893837       25.59552875
2011    7       0.21161052      50.36368875
2011    8       0.20726719      50.71860875
2011    9       0.16312696      41.535495
2011    10      0.0948918       26.693715
2011    11      0.12918201      34.03458875
2011    12      0.16627794      41.78187125
2011    13      0.175438        43.18105
2011    14      0.26973409      62.2839775
2011    15      0.18008524      45.52490625
2011    16      0.21529052      53.405025
2011    17      0.18331314      45.75619
2011    18      0.20763016      49.661165
2011    19      0.09742074      27.08469375
2011    20      0.082648        23.7968
2011    21      0.23214148      55.34470125
2011    22      0.13972317      36.0244275
2011    23      0.07644707      22.50907875
2011    24      0.06357569      19.37002125
2011    25      0.08400888      23.91247375
2011    26      0.06088098      18.7117075
2011    27      0.07619739      22.13721
2011    28      0.07145214      21.11617375
2012    1       0.1715785       42.36283625
2012    2       0.18883191      46.40629125
2012    3       0.13659389      35.1882225
2012    4       0.07257084      21.64416625
2012    5       0.24214486      56.1644025
2012    6       0.08232749      23.8400225
2012    7       0.1485658       38.07075375
2012    8       0.12421961      32.7149725
2012    9       0.09692328      26.393035
2012    10      0.18843808      45.583875
2012    11      0.13685135      35.91376875
2012    12      0.2601702       61.10725
2012    13      0.18880092      46.55816375
2012    14      0.5019619       99.8574825
2012    15      0.34791605      75.56677875
2012    16      0.28972176      66.06242875
2012    17      0.30536804      69.1947625
2012    18      0.25403771      58.13111625
2012    19      0.23705431      55.98986625
2012    20      0.23118735      54.91530875
2012    21      0.20516076      49.72198375
2012    22      0.14411399      37.16644125
2012    23      0.07412452      21.660515
2012    24      0.07194484      21.16941
2012    25      0.08116992      23.29127
2012    26      0.08687235      24.45498625
2012    27      0.1301395       34.613765
2012    28      0.16082506      40.44170375
2012    29      0.13529654      35.20497625
2013    1       0.08228534      23.52679375
2013    2       0.10297028      28.234365
2013    3       0.13032984      33.975875
2013    4       0.13352689      35.0530025
2013    5       0.18371806      45.592385
2013    6       0.15790729      40.143845
2013    7       0.14160245      36.480575
2013    8       0.0750316       21.91916375
2013    9       0.13392574      35.05605375
2013    10      0.10539541      28.89280625
2013    11      0.12859769      33.74131625
2013    12      0.16264557      40.61193875
2013    13      0.13435576      34.99228875
2013    14      0.12008516      31.74254875
2013    15      0.13031668      33.8717975
2013    16      0.08545835      24.239585
2013    17      0.06517093      19.55468125
2013    18      0.08373165      23.80205625
2013    19      0.13270319      34.412845
2013    20      0.13768309      35.3318075
2013    21      0.0608248       18.719645
2013    22      0.08114348      23.19116875
2013    23      0.10956704      29.60907125
2013    24      0.08172516      23.4543725
2013    25      0.10840717      29.5919075
2013    26      0.14194194      37.31982625
2013    27      0.17163548      43.5086725
2013    28      0.12101672      32.4439625
2014    1       0.10269425      28.1079625
2014    2       0.08792935      24.8241925
2014    3       0.08298597      23.82992625
2014    4       0.10220191      28.269795
2014    5       0.21564744      50.87591125
2014    6       0.20483436      49.75528125
2014    7       0.1968318       47.943265
2014    8       0.15955815      40.17343375
2014    9       0.19086701      46.92529125
2014    10      0.20077518      49.4565975
2014    11      0.08650069      24.844265
2014    12      0.09397711      26.532405
2014    13      0.12666944      33.74804125
2014    14      0.14861725      37.920385
2014    15      0.11272174      30.182105
2014    16      0.10355363      28.2915175
2014    17      0.09216446      25.95318
2014    18      0.10067522      27.87863
2014    19      0.1082158       29.36516
2014    20      0.0615046       18.776885
2014    21      0.08572898      24.36582375
2014    22      0.12107525      32.58077
2014    23      0.1230545       32.56929875
2014    24      0.16225388      40.77223
2014    25      0.1041264       28.51896875
2014    26      0.08776235      24.874895
2014    27      0.05855241      18.09114375
2014    28      0.05772848      17.91411125
2015    1       0.13367533      35.29614625
2015    2       0.12060624      32.5324025
2015    3       0.13331227      35.061165
2015    4       0.13124109      34.4794225
2015    5       0.13994465      36.44668875
2015    6       0.16632852      41.8990025
2015    7       0.10876319      29.55762375
2015    8       0.1798856       44.6406375
2015    9       0.11613436      31.2838475
2015    10      0.08881172      25.457785
2015    11      0.09781549      27.37913625
2015    12      0.15729146      39.6394325
2015    13      0.108181        29.298245
2015    14      0.07904675      22.7804075
2015    15      0.06792098      20.58182625
2015    16      0.09986103      27.66855375
2015    17      0.22868308      54.38093
2015    18      0.13587409      35.17180375
2015    19      0.08104188      23.36741625
2015    20      0.07863368      22.79504875
2015    21      0.06350317      19.28321125
2015    22      0.07969609      23.14018
2015    23      0.07508468      22.13097
2015    24      0.12531082      33.28056625
2015    25      0.2919747       66.02157
2015    26      0.16329195      40.64187625
2015    27      0.12472782      32.8222975
2015    28      0.19125668      46.90271
2016    1       0.26941979      62.15052625
2016    2       0.15897885      40.64754125
2016    3       0.1611674       41.1001275
2016    4       0.17708989      44.15181375
2016    5       0.1619243       41.35729625
2016    6       0.24366802      57.3168925
2016    7       0.13574656      35.74212625
2016    8       0.17368658      43.53972375
2016    9       0.13431576      35.1897525
2016    10      0.14832794      38.0995025
2016    11      0.13247739      34.667085
2016    12      0.1884162       46.59283875
2016    13      0.18269083      44.80187125
2016    14      0.23273031      55.50966375
2016    15      0.14493992      37.37674875
2016    16      0.05863115      18.271105
2016    17      0.05680916      17.91293875
2016    18      0.05827372      18.15465625
2016    19      0.0903425       25.09487625
2016    20      0.16255936      40.88827
2016    21      0.11647028      31.2447825
2016    22      0.1036311       28.36413375
2016    23      0.12080968      32.02421
2016    24      0.12502652      33.6095375
2016    25      0.11377452      30.8411375
2016    26      0.16451036      41.77431875
2016    27      0.09960508      27.61553375
2016    28      0.12142435      32.6969525
2016    29      0.11023441      30.08880375
2017    1       0.0855709       25.30874375
2017    2       0.08830901      25.82744875
2017    3       0.12119498      32.9880475
2017    4       0.15739105      40.786885
2017    5       0.19565066      49.0516225
2017    6       0.21127649      51.8480625
2017    7       0.35873326      79.18045625
2017    8       0.30241634      68.7769575
2017    9       0.23117742      56.0774175
2017    10      0.16641104      42.65193125
2017    11      0.09587563      27.4064625
2017    12      0.11700762      32.20529375
2017    13      0.08881925      25.8551925
2017    14      0.12223459      33.3631325
2017    15      0.13683919      36.519265
2017    16      0.09200878      26.52585125
2017    17      0.08360824      24.62811875
2017    18      0.09377505      26.81419
2017    19      0.07097329      21.564085
2017    20      0.06793349      20.9879625
2017    21      0.07980126      23.50194625
2017    22      0.10035136      28.10917
2017    23      0.1024875       28.8890375
2017    24      0.08638881      25.39632625
2017    25      0.13073198      35.04346
2017    26      0.16056013      41.2530425
2017    27      0.11591146      31.6279775
2017    28      0.12937205      34.46760875
2018    1       0.34631446      76.31251375
2018    2       0.45243634      94.436895
2018    3       0.21020786      50.4272175
2018    4       0.20556449      50.26747625
2018    5       0.18256184      45.56855125
2018    6       0.14237712      37.4908975
2018    7       0.16013956      41.21886375
2018    8       0.14842752      38.66486375
2018    9       0.12456394      33.694455
2018    10      0.15168681      39.28560625
2018    11      0.2606968       60.88309
2018    12      0.11558118      31.73207125
2018    13      0.08862499      25.8084
2018    14      0.09913495      28.260495
2018    15      0.18075458      45.18077375
2018    16      0.14263314      37.42339
2018    17      0.13189289      35.19150125
2018    18      0.14167446      37.12989875
2018    19      0.15237261      39.388475
2018    20      0.15250925      39.50052875
2018    21      0.12596038      33.668475
2018    22      0.34460339      76.06140875
2018    23      0.29737662      68.263045
2018    24      0.20467386      50.42171375
2018    25      0.23564591      56.00436125
2018    26      0.14275379      37.05882125
2018    27      0.14418564      37.51625875
2018    28      0.13803372      36.1656075
