####################################################################################################
# Month: 10Oct                                                                                     #
# Station: BRZ                                                                                     #
# Columns are: year    day     segment         windspeed (m/s)                                     #
####################################################################################################
2009    1       0       9.459665
2009    1       1       10.631031
2009    1       2       11.053037
2009    1       3       10.075632
2009    1       4       9.422438
2009    1       5       9.439936
2009    1       6       9.412977
2009    1       7       9.821426
2009    2       0       9.712785
2009    2       1       8.578388
2009    2       2       7.659443
2009    2       3       7.045871
2009    2       4       6.737198
2009    2       5       6.013819
2009    2       6       5.682691
2009    2       7       5.967561
2009    3       0       5.548915
2009    3       1       3.554197
2009    3       2       2.076371
2009    3       3       1.969219
2009    3       4       0.846402
2009    3       5       1.308887
2009    3       6       1.906606
2009    3       7       1.840784
2009    4       0       1.07291
2009    4       1       1.514239
2009    4       2       2.148977
2009    4       3       1.520118
2009    4       4       1.533692
2009    4       5       0.57015
2009    4       6       2.345368
2009    4       7       2.92898
2009    5       0       2.821066
2009    5       1       1.810823
2009    5       2       1.897729
2009    5       3       2.454683
2009    5       4       2.733323
2009    5       5       2.709534
2009    5       6       1.957814
2009    5       7       1.78124
2009    6       0       2.659311
2009    6       1       3.745249
2009    6       2       3.89392
2009    6       3       4.04013
2009    6       4       2.986458
2009    6       5       1.885094
2009    6       6       2.020113
2009    6       7       2.186475
2009    7       0       1.313352
2009    7       1       2.779907
2009    7       2       2.130694
2009    7       3       3.022454
2009    7       4       4.359599
2009    7       5       3.844019
2009    7       6       3.054145
2009    7       7       2.889543
2009    8       0       5.29364
2009    8       1       5.676269
2009    8       2       5.336929
2009    8       3       5.422252
2009    8       4       5.026201
2009    8       5       5.017949
2009    8       6       6.080013
2009    8       7       8.201839
2009    9       0       9.560005
2009    9       1       7.208429
2009    9       2       3.728459
2009    9       3       3.459801
2009    9       4       5.780447
2009    9       5       6.510448
2009    9       6       7.99629
2009    9       7       7.316967
2009    10      0       7.516717
2009    10      1       6.345044
2009    10      2       5.853047
2009    10      3       6.015964
2009    10      4       5.660645
2009    10      5       5.601913
2009    10      6       4.759759
2009    10      7       4.850564
2009    11      0       5.493138
2009    11      1       5.178893
2009    11      2       4.484483
2009    11      3       4.569379
2009    11      4       5.432259
2009    11      5       5.261516
2009    11      6       2.62777
2009    11      7       4.563679
2009    12      0       6.838533
2009    12      1       7.190926
2009    12      2       6.38028
2009    12      3       6.979738
2009    12      4       6.397383
2009    12      5       4.163707
2009    12      6       5.496001
2009    12      7       4.801833
2009    13      0       7.457902
2009    13      1       8.079579
2009    13      2       5.933558
2009    13      3       5.695618
2009    13      4       4.102983
2009    13      5       1.712806
2009    13      6       0.226112
2009    13      7       1.943745
2009    14      0       3.501753
2009    14      1       3.819993
2009    14      2       3.392681
2009    14      3       3.544407
2009    14      4       3.445746
2009    14      5       1.594098
2009    14      6       0.399405
2009    14      7       2.00331
2009    15      0       2.437303
2009    15      1       2.47689
2009    15      2       3.575798
2009    15      3       4.383292
2009    15      4       4.040899
2009    15      5       4.603837
2009    15      6       4.235619
2009    15      7       2.727029
2009    16      0       2.033825
2009    16      1       3.43626
2009    16      2       4.177287
2009    16      3       4.394717
2009    16      4       4.614409
2009    16      5       4.779034
2009    16      6       4.118017
2009    16      7       4.266756
2009    17      0       5.580852
2009    17      1       5.755872
2009    17      2       6.350272
2009    17      3       6.685653
2009    17      4       5.487802
2009    17      5       2.200365
2009    17      6       3.027152
2009    17      7       6.660011
2009    18      0       5.845737
2009    18      1       4.536434
2009    18      2       4.587254
2009    18      3       5.238898
2009    18      4       6.081948
2009    18      5       5.355984
2009    18      6       4.958394
2009    18      7       4.567417
2009    19      0       3.531096
2009    19      1       4.089481
2009    19      2       5.016586
2009    19      3       5.082579
2009    19      4       6.583538
2009    19      5       4.035897
2009    19      6       3.754215
2009    19      7       2.13801
2009    20      0       2.314941
2009    20      1       7.741846
2009    20      2       10.76233
2009    20      3       10.358404
2009    20      4       9.057615
2009    20      5       8.044639
2009    20      6       6.630293
2009    20      7       5.928283
2009    21      0       6.164599
2009    21      1       6.324655
2009    21      2       5.760198
2009    21      3       5.489368
2009    21      4       5.874802
2009    21      5       5.519764
2009    21      6       3.556001
2009    21      7       3.412001
2009    22      0       2.738808
2009    22      1       4.987808
2009    22      2       6.68037
2009    22      3       6.638914
2009    22      4       10.688309
2009    22      5       14.425374
2009    22      6       15.346813
2009    22      7       11.027713
2009    23      0       11.377515
2009    23      1       10.554107
2009    23      2       9.913389
2009    23      3       9.777487
2009    23      4       9.956088
2009    23      5       9.565129
2009    23      6       6.305665
2009    23      7       4.932674
