####################################################################################################
# Month: 04Apr                                                                                     #
# Station: ALI                                                                                     #
# Columns are: year    day     windspeed (m/s)                                                     #
####################################################################################################
2009    1       13.85890775
2009    2       16.85139588
2009    3       14.16600912
2009    4       8.12842238
2009    5       9.71397138
2009    6       12.34526512
2009    7       9.19640462
2009    8       10.47763638
2009    9       8.69862912
2009    10      5.78774738
2009    11      7.16007525
2009    12      8.85024637
2009    13      5.7167695
2009    14      10.70974288
2009    15      16.35667125
2009    16      12.72350612
2009    17      8.82442838
2009    18      4.35839163
2009    19      4.77134925
2009    20      10.86481313
2009    21      9.1181615
2009    22      8.42670225
2009    23      5.84567562
2009    24      4.3411415
2009    25      7.49798788
2009    26      10.7466695
2009    27      13.82387988
2009    28      17.6995395
2009    29      13.24432575
2009    30      7.235347
