####################################################################################################
# Month: 08Aug                                                                                     #
# Station: PAM                                                                                     #
# Frequency: 230 GHz                                                                               #
# Columns are: year    day     tau     Tb (K)                                                      #
####################################################################################################
2009    1       0.17536886      46.63509875
2009    2       0.23162949      58.629705
2009    3       0.14731719      40.7507
2009    4       0.14006119      39.26224375
2009    5       0.13312874      37.36871375
2009    6       0.10416657      30.46632375
2009    7       0.20715432      52.86388625
2009    8       0.16693409      44.6695425
2009    9       0.11513674      33.04181875
2009    10      0.1158          33.38328125
2009    11      0.09723614      29.17755875
2009    12      0.12052423      34.87469875
2009    13      0.13796651      39.01863625
2009    14      0.1421197       39.8718025
2009    15      0.13299855      37.64544625
2009    16      0.24111731      59.69207
2009    17      0.17162988      45.170095
2009    18      0.23573135      58.18485875
2009    19      0.13852414      37.53804125
2009    20      0.10557068      30.21679875
2009    21      0.10923416      30.99268
2009    22      0.17347708      44.96600125
2009    23      0.15950526      42.2973825
2009    24      0.09414658      28.02311875
2009    25      0.14921038      39.99297125
2009    26      0.09048147      27.148005
2009    27      0.0459481       16.3621075
2009    28      0.0472519       16.73337625
2009    29      0.08025434      24.8156725
2009    30      0.09411731      28.06532625
2009    31      0.23732419      58.7347925
2010    1       0.08740021      26.51829625
2010    2       0.25653091      63.13329
2010    3       0.56488432      116.54485375
2010    4       0.52958455      112.6344325
2010    5       0.62188772      126.1791125
2010    6       0.53835106      114.06120875
2010    7       0.51883595      110.41197
2010    8       0.40217584      91.14870375
2010    9       0.28966269      70.1600925
2010    10      0.3684419       84.22956625
2010    11      0.23025934      58.43614125
2010    12      0.30846358      74.06493625
2010    13      0.48105779      104.20200125
2010    14      0.34048614      80.504675
2010    15      0.27608669      68.08755375
2010    16      0.24980899      62.6206925
2010    17      0.17066211      45.70647
2010    18      0.12384781      35.1975775
2010    19      0.12270798      34.914255
2010    20      0.14570865      39.917585
2010    21      0.18991293      49.13393
2010    22      0.1068665       31.03488125
2010    23      0.19091851      49.753835
2010    24      0.25629748      61.92936625
2010    25      0.29431428      69.11810375
2010    26      0.39050101      86.77526
2010    27      0.15200656      40.5058325
2010    28      0.06778914      21.5935225
2010    29      0.16610491      44.05650625
2010    30      0.12048936      34.31905375
2010    31      0.11256012      32.4121675
2011    1       0.26197166      64.27288625
2011    2       0.16873302      45.63210625
2011    3       0.107769        31.9856925
2011    4       0.0717127       23.1219225
2011    5       0.10584224      31.3359725
2011    6       0.165693        44.5492325
2011    7       0.30421683      72.60467375
2011    8       0.24354205      61.40197625
2011    9       0.24660866      61.96973
2011    10      0.19332295      50.8395975
2011    11      0.11530978      33.05739
2011    12      0.15292024      41.2190475
2011    13      0.21128998      54.0486925
2011    14      0.1943675       50.26139625
2011    15      0.26271796      63.5102875
2011    16      0.21772172      54.88175375
2011    17      0.19289866      49.74069375
2011    18      0.19225804      49.59796875
2011    19      0.20654013      52.85541
2011    20      0.10527744      30.8488225
2011    21      0.09069207      27.76387875
2011    22      0.1038933       31.06889625
2011    23      0.18380087      49.10476625
2011    24      0.25441961      63.71916875
2011    25      0.27342726      67.5302975
2011    26      0.22514664      57.79748125
2011    27      0.13139987      37.19899375
2011    28      0.1444446       39.61723
2011    29      0.29187701      70.343105
2011    30      0.32096761      75.43609625
2011    31      0.28269139      68.03676875
2012    1       0.20824093      54.00417375
2012    2       0.12839804      36.56759875
2012    3       0.21767681      54.5127225
2012    4       0.30839118      71.7710875
2012    5       0.31958335      73.83644875
2012    6       0.3851525       86.55711
2012    7       0.30034029      70.0505275
2012    8       0.09314059      27.7928
2012    9       0.13835936      37.87627
2012    10      0.27142499      65.461675
2012    11      0.3695847       83.41213625
2012    12      0.3580831       81.64239125
2012    13      0.28901549      69.14274625
2012    14      0.30107069      71.3571175
2012    15      0.30338455      71.9467875
2012    16      0.37323226      85.1148175
2012    17      0.41405038      92.81528125
2012    18      0.42345346      95.11399875
2012    19      0.34222144      80.91213125
2012    20      0.32970291      78.599645
2012    21      0.24342118      61.93019375
2012    22      0.24545969      62.01511625
2012    23      0.22722092      58.436195
2012    24      0.16797709      45.22867
2012    25      0.24786418      61.6401975
2012    26      0.20139364      52.03308625
2012    27      0.15576563      42.285755
2012    28      0.12715802      35.67076
2012    29      0.10718         31.27195875
2012    30      0.12781029      36.074025
2012    31      0.12097182      34.8010975
2013    1       0.30525568      73.41461625
2013    2       0.3453865       80.59889
2013    3       0.38363719      88.31525
2013    4       0.31738588      75.302635
2013    5       0.19038134      50.311255
2013    6       0.25331024      63.5260325
2013    7       0.19851819      52.26281125
2013    8       0.13854517      39.00585375
2013    9       0.0830873       25.86797875
2013    10      0.10883084      31.6571
2013    11      0.2471847       62.1195
2013    12      0.2219565       56.7233075
2013    13      0.44375658      96.66745875
2013    14      0.23734636      59.41525875
2013    15      0.32529383      76.102325
2013    16      0.39894735      89.4047925
2013    17      0.37025166      85.03194125
2013    18      0.37153369      84.90238625
2013    19      0.44168029      97.2116325
2013    20      0.40673742      91.159775
2013    21      0.3663136       84.39209625
2013    22      0.36380732      84.07893375
2013    23      0.33636392      79.3960875
2013    24      0.29305836      70.8926025
2013    25      0.14762694      40.2771825
2013    26      0.08204411      25.3853975
2013    27      0.10095561      29.8435125
2013    28      0.11017384      32.08690875
2013    29      0.14029078      38.73858
2013    30      0.1266375       35.426005
2013    31      0.18234039      47.6701425
2014    1       0.07026372      22.52405625
2014    2       0.08362279      25.63820375
2014    3       0.10837837      31.43509625
2014    4       0.0809796       25.003145
2014    5       0.07301634      23.0567825
2014    6       0.11652748      33.58278375
2014    7       0.1762405       47.1248925
2014    8       0.19263259      50.4504125
2014    9       0.15932454      43.01559125
2014    10      0.16820733      45.00751
2014    11      0.14375479      39.80107375
2014    12      0.1768077       47.14348125
2014    13      0.15026466      41.24851625
2014    14      0.1750397       46.48700875
2014    15      0.25255209      61.31445875
2014    16      0.25334141      60.6924
2014    17      0.12251649      33.854905
2014    18      0.07382541      22.7852925
2014    19      0.04758048      16.69825125
2014    20      0.0833173       25.27492375
2014    21      0.13829528      38.09364375
2014    22      0.18998624      49.1187475
2014    23      0.24091565      59.4084575
2014    24      0.18847289      48.9992625
2014    25      0.20538311      52.63686375
2014    26      0.37146271      83.6123
2014    27      0.38776425      86.13068125
2014    28      0.38814328      86.7333575
2014    29      0.39256374      87.223495
2014    30      0.22317251      55.38257375
2014    31      0.09036277      27.29457875
2015    1       0.71103308      137.5539625
2015    2       0.69991235      136.5595
2015    3       0.697605        136.276725
2015    4       0.57703244      119.35724
2015    5       0.36038982      84.05905625
2015    6       0.24459067      61.6469125
2015    7       0.25847905      64.24561625
2015    8       0.25826924      63.83597
2015    9       0.25142344      63.05163
2015    10      0.1899948       49.702975
2015    11      0.10677128      31.134185
2015    12      0.15222905      41.55719125
2015    13      0.11644339      33.4089025
2015    14      0.07069867      22.40173125
2015    15      0.17369451      45.7586875
2015    16      0.26644319      64.6724975
2015    17      0.2092106       53.05908625
2015    18      0.13331972      37.2262475
2015    19      0.1512382       41.0452525
2015    20      0.20962849      53.20921875
2015    21      0.20339542      51.9570425
2015    22      0.18229944      47.41332
2015    23      0.23660059      57.98122875
2015    24      0.14590118      39.45176375
2015    25      0.08995451      26.76230125
2015    26      0.21482106      53.7981325
2015    27      0.14902397      40.1112575
2015    28      0.14570019      39.6457775
2015    29      0.10017459      29.414395
2015    30      0.1469227       38.9423325
2015    31      0.13844116      37.65739875
2016    1       0.10902697      31.63005125
2016    2       0.1648192       44.1274
2016    3       0.29802411      71.6796875
2016    4       0.40926815      92.2884575
2016    5       0.47779415      103.7610825
2016    6       0.43718434      97.09541875
2016    7       0.45811442      101.0429375
2016    8       0.33506338      78.94902
2016    9       0.40569838      91.07541625
2016    10      0.38793659      88.16867625
2016    11      0.37337868      84.29329625
2016    12      0.418609        93.04351
2016    13      0.22528949      57.3064875
2016    14      0.23146972      57.7455975
2016    15      0.3764296       84.26017375
2016    16      0.17183915      45.33842875
2016    17      0.22489574      55.6824475
2016    18      0.331823        76.8582225
2016    19      0.41447265      91.70994
2016    20      0.24458842      60.00264
2016    21      0.14643108      39.72944625
2016    22      0.32534909      75.22469625
2016    23      0.13312115      36.82310125
2016    24      0.26353261      64.33734625
2016    25      0.3144046       74.5048775
2016    26      0.34308735      79.617215
2016    27      0.29441425      69.82131
2016    28      0.19839464      51.03213625
2016    29      0.26938906      64.7503275
2016    30      0.25315136      61.55844375
2016    31      0.33451651      76.20955375
2017    1       0.23780899      60.263135
2017    2       0.30889625      74.19617
2017    3       0.36343628      83.756705
2017    4       0.21791512      54.71191
2017    5       0.12183865      34.76568625
2017    6       0.19220807      50.33976625
2017    7       0.36879405      84.3252475
2017    8       0.30984972      74.10554375
2017    9       0.27921208      67.95931875
2017    10      0.33367809      77.6265825
2017    11      0.11517652      33.00317375
2017    12      0.10312228      30.0302
2017    13      0.2266677       56.12466
2017    14      0.09434803      27.5934075
2017    15      0.05852872      19.4156975
2017    16      0.09161118      27.3200125
2017    17      0.06199288      20.30956625
2017    18      0.05114699      17.568545
2017    19      0.11030154      31.59506125
2017    20      0.13626944      37.72719
2017    21      0.11714614      33.533465
2017    22      0.07285356      23.082855
2017    23      0.10462301      30.5763325
2017    24      0.13326908      36.79969125
2017    25      0.20600409      52.0606375
2017    26      0.23812255      58.34508375
2017    27      0.19543508      49.81568875
2017    28      0.22097884      55.21503125
2017    29      0.28793656      68.9190425
2017    30      0.30449234      71.87052875
2017    31      0.32139219      74.850945
2018    1       0.19017678      49.38827625
2018    2       0.12631861      35.73690875
2018    3       0.07444074      23.6361825
2018    4       0.13110918      36.884985
2018    5       0.17290049      46.692605
2018    6       0.25423801      63.756365
2018    7       0.350137        82.07454
2018    8       0.34698651      81.927805
2018    9       0.31812728      76.52251875
2018    10      0.36881136      86.06338375
2018    11      0.40754304      92.71025
2018    12      0.32163629      76.53143125
2018    13      0.24281932      60.2622775
2018    14      0.17164708      45.54638875
2018    15      0.17538508      47.2438925
2018    16      0.20027094      52.53759375
2018    17      0.30024041      71.94641375
2018    18      0.23941354      59.73804625
2018    19      0.13566345      37.827245
2018    20      0.16616431      45.0779325
2018    21      0.13712996      38.57681875
2018    22      0.11947314      34.36649875
2018    23      0.13040855      36.95578875
2018    24      0.13492826      37.75070625
2018    25      0.20175794      51.9837475
2018    26      0.1727254       45.2412325
2018    27      0.06909156      22.02742875
2018    28      0.06591524      21.2909825
2018    29      0.07632264      23.85358
2018    30      0.06412253      20.90707
2018    31      0.07408153      23.28215625
