####################################################################################################
# Month: 06Jun                                                                                     #
# Station: SAN                                                                                     #
# Columns are: year    day     windspeed (m/s)                                                     #
####################################################################################################
2009    1       3.57900188
2009    2       9.2472305
2009    3       17.65142925
2009    4       19.97480137
2009    5       16.90884988
2009    6       10.04117912
2009    7       5.05533288
2009    8       4.01668975
2009    9       2.47834237
2009    10      5.74939225
2009    11      6.7152825
2009    12      3.44788588
2009    13      5.723696
2009    14      4.99917712
2009    15      2.3344445
2009    16      2.22291487
2009    17      2.81624712
2009    18      2.95012062
2009    19      4.2420885
2009    20      8.05973512
2009    21      11.07472388
2009    22      5.4322005
2009    23      6.0629675
2009    24      8.6883125
2009    25      8.30626775
2009    26      6.28055075
2009    27      5.05025675
2009    28      4.50425525
2009    29      1.64889212
2009    30      2.6665665
