####################################################################################################
# Month: 06Jun                                                                                     #
# Station: SAN                                                                                     #
# Columns are: year    day     segment         RH (percent)                                        #
####################################################################################################
9       1       0       0.579572
9       1       1       0.465841
9       1       2       0.417793
9       1       3       0.350676
9       1       4       0.210466
9       1       5       0.15606
9       1       6       0.266124
9       1       7       0.349223
9       2       0       0.323449
9       2       1       0.240438
9       2       2       0.439841
9       2       3       0.439434
9       2       4       0.443167
9       2       5       0.401055
9       2       6       0.352692
9       2       7       0.257292
9       3       0       0.257266
9       3       1       0.19726
9       3       2       0.203263
9       3       3       0.211105
9       3       4       0.199394
9       3       5       0.217966
9       3       6       0.306092
9       3       7       0.538943
9       4       0       0.681245
9       4       1       0.693829
9       4       2       0.727404
9       4       3       0.495044
9       4       4       0.202914
9       4       5       0.12588
9       4       6       0.141142
9       4       7       0.174958
9       5       0       0.181174
9       5       1       0.095485
9       5       2       0.085157
9       5       3       0.087363
9       5       4       0.202143
9       5       5       0.191375
9       5       6       0.111194
9       5       7       0.091196
9       6       0       0.079633
9       6       1       0.109997
9       6       2       0.122899
9       6       3       0.176208
9       6       4       0.290194
9       6       5       0.550806
9       6       6       0.795723
9       6       7       0.697059
9       7       0       0.465231
9       7       1       0.366567
9       7       2       0.32756
9       7       3       0.265287
9       7       4       0.230714
9       7       5       0.236445
9       7       6       0.293787
9       7       7       0.464834
9       8       0       0.490572
9       8       1       0.389827
9       8       2       0.314835
9       8       3       0.240825
9       8       4       0.160413
9       8       5       0.189772
9       8       6       0.259044
9       8       7       0.432474
9       9       0       0.449352
9       9       1       0.413181
9       9       2       0.43357
9       9       3       0.499228
9       9       4       0.515463
9       9       5       0.399002
9       9       6       0.331638
9       9       7       0.435743
9       10      0       0.450066
9       10      1       0.337097
9       10      2       0.367149
9       10      3       0.374612
9       10      4       0.322265
9       10      5       0.367007
9       10      6       0.430797
9       10      7       0.341392
9       11      0       0.268407
9       11      1       0.477387
9       11      2       0.456491
9       11      3       0.381386
9       11      4       0.340724
9       11      5       0.296715
9       11      6       0.281009
9       11      7       0.445171
9       12      0       0.506255
9       12      1       0.302125
9       12      2       0.289034
9       12      3       0.294295
9       12      4       0.291443
9       12      5       0.2679
9       12      6       0.289423
9       12      7       0.481495
9       13      0       0.509443
9       13      1       0.266817
9       13      2       0.089171
9       13      3       0.289648
9       13      4       0.276789
9       13      5       0.22137
9       13      6       0.209993
9       13      7       0.279929
9       14      0       0.309097
9       14      1       0.31533
9       14      2       0.35189
9       14      3       0.247692
9       14      4       0.084093
9       14      5       0.083354
9       14      6       0.107254
9       14      7       0.268831
9       15      0       0.265276
9       15      1       0.154207
9       15      2       0.230403
9       15      3       0.25905
9       15      4       0.157152
9       15      5       0.132619
9       15      6       0.2058
9       15      7       0.38561
9       16      0       0.512303
9       16      1       0.708022
9       16      2       0.762405
9       16      3       0.799688
9       16      4       0.787782
9       16      5       0.761711
9       16      6       0.851678
9       16      7       0.915313
9       17      0       0.932476
9       17      1       0.83671
9       17      2       0.805022
9       17      3       0.785712
9       17      4       0.734411
9       17      5       0.737038
9       17      6       0.779815
9       17      7       0.755438
9       18      0       0.795452
9       18      1       0.795518
9       18      2       0.746797
9       18      3       0.689597
9       18      4       0.614441
9       18      5       0.586937
9       18      6       0.689991
9       18      7       0.668678
9       19      0       0.618197
9       19      1       0.553435
9       19      2       0.625627
9       19      3       0.686115
9       19      4       0.915099
9       19      5       0.65425
9       19      6       0.65703
9       19      7       0.679958
9       20      0       0.664134
9       20      1       0.582137
9       20      2       0.61999
9       20      3       0.70058
9       20      4       0.621132
9       20      5       0.420436
9       20      6       0.243516
9       20      7       0.075171
9       21      0       0.057499
9       21      1       0.060599
9       21      2       0.094451
9       21      3       0.156809
9       21      4       0.222159
9       21      5       0.276099
9       21      6       0.190581
9       21      7       0.0449
9       22      0       0.035907
9       22      1       0.015864
9       22      2       0.018061
9       22      3       0.021752
9       22      4       0.025675
9       22      5       0.024838
9       22      6       0.056355
9       22      7       0.203107
9       23      0       0.209195
9       23      1       0.202991
9       23      2       0.174269
9       23      3       0.154271
9       23      4       0.156542
9       23      5       0.150465
9       23      6       0.192004
9       23      7       0.220574
9       24      0       0.226048
9       24      1       0.199226
9       24      2       0.177844
9       24      3       0.233878
9       24      4       0.218993
9       24      5       0.343035
9       24      6       0.201001
9       24      7       0.254079
9       25      0       0.302519
9       25      1       0.279999
9       25      2       0.323958
9       25      3       0.353242
9       25      4       0.199533
9       25      5       0.337845
9       25      6       0.484695
9       25      7       0.515911
9       26      0       0.520069
9       26      1       0.500072
9       26      2       0.487538
9       26      3       0.583832
9       26      4       0.43726
9       26      5       0.177302
9       26      6       0.173022
9       26      7       0.15928
9       27      0       0.132928
9       27      1       0.148873
9       27      2       0.230009
9       27      3       0.296406
9       27      4       0.285855
9       27      5       0.371829
9       27      6       0.373447
9       27      7       0.333069
9       28      0       0.316243
9       28      1       0.32222
9       28      2       0.338544
9       28      3       0.331812
9       28      4       0.335457
9       28      5       0.366717
9       28      6       0.357099
9       28      7       0.339562
9       29      0       0.351156
9       29      1       0.332996
9       29      2       0.344033
9       29      3       0.346244
9       29      4       0.324295
9       29      5       0.306082
9       29      6       0.418163
9       29      7       0.452811
9       30      0       0.45823
9       30      1       0.499732
9       30      2       0.535492
9       30      3       0.553106
9       30      4       0.516234
9       30      5       0.510511
9       30      6       0.465034
9       30      7       0.446672
