####################################################################################################
# Month: 10Oct                                                                                     #
# Station: PER                                                                                     #
# Columns are: year    day     RH (percent)                                                        #
####################################################################################################
9       1       0.61035338
9       2       0.87315838
9       3       0.98231425
9       4       0.97851163
9       5       0.82329138
9       6       0.89300738
9       7       0.56288975
9       8       0.4510995
9       9       0.55070075
9       10      0.76084362
9       11      0.75035612
9       12      0.85681825
9       13      0.96257188
9       14      0.92787512
9       15      0.78545175
9       16      0.77113888
9       17      0.69093062
9       18      0.18759988
9       19      0.26878413
9       20      0.294118
9       21      0.410596
9       22      0.47081412
9       23      0.27016413
