####################################################################################################
# Month: 05May                                                                                     #
# Station: DomeF                                                                                   #
# Columns are: year    day     segment         RH (percent)                                        #
####################################################################################################
9       1       0       1.017587
9       1       1       0.911643
9       1       2       0.850996
9       1       3       0.869052
9       1       4       0.929548
9       1       5       0.992049
9       1       6       1.033094
9       1       7       1.032346
9       2       0       1.002228
9       2       1       0.980202
9       2       2       0.94607
9       2       3       0.984936
9       2       4       0.980025
9       2       5       0.984954
9       2       6       0.990187
9       2       7       1.002301
9       3       0       0.953651
9       3       1       0.978088
9       3       2       1.01145
9       3       3       1.002526
9       3       4       1.00056
9       3       5       0.996613
9       3       6       0.998257
9       3       7       0.998635
9       4       0       0.999513
9       4       1       0.997966
9       4       2       0.969594
9       4       3       0.834794
9       4       4       0.635601
9       4       5       0.639569
9       4       6       0.734157
9       4       7       0.906593
9       5       0       0.943833
9       5       1       0.964975
9       5       2       0.949212
9       5       3       0.940308
9       5       4       0.971102
9       5       5       1.00151
9       5       6       1.001214
9       5       7       0.978547
9       6       0       0.951262
9       6       1       0.938623
9       6       2       0.948135
9       6       3       0.955753
9       6       4       0.980534
9       6       5       0.965148
9       6       6       0.957436
9       6       7       0.968058
9       7       0       0.976294
9       7       1       0.95092
9       7       2       0.936
9       7       3       0.884701
9       7       4       0.897555
9       7       5       0.930039
9       7       6       0.891996
9       7       7       0.895793
9       8       0       0.830143
9       8       1       0.838373
9       8       2       0.959161
9       8       3       1.054787
9       8       4       0.898504
9       8       5       0.831308
9       8       6       0.748492
9       8       7       0.918285
9       9       0       0.928802
9       9       1       0.929753
9       9       2       0.897577
9       9       3       0.92045
9       9       4       0.894612
9       9       5       0.893321
9       9       6       0.957005
9       9       7       0.976457
9       10      0       0.980929
9       10      1       0.9934
9       10      2       0.986394
9       10      3       0.986744
9       10      4       0.988754
9       10      5       0.985412
9       10      6       0.981937
9       10      7       0.977996
9       11      0       0.980313
9       11      1       0.977634
9       11      2       0.904209
9       11      3       0.833147
9       11      4       0.765283
9       11      5       0.753871
9       11      6       0.82176
9       11      7       0.796147
9       12      0       0.843831
9       12      1       0.843551
9       12      2       0.874799
9       12      3       0.904746
9       12      4       0.90968
9       12      5       0.498677
9       12      6       0.450678
9       12      7       0.519831
9       13      0       0.518532
9       13      1       0.503047
9       13      2       0.596154
9       13      3       0.773938
9       13      4       0.867672
9       13      5       0.912315
9       13      6       0.95635
9       13      7       0.977125
9       14      0       0.944683
9       14      1       0.888411
9       14      2       0.900343
9       14      3       0.939425
9       14      4       0.931803
9       14      5       0.895198
9       14      6       0.896559
9       14      7       0.962159
9       15      0       0.954577
9       15      1       0.946877
9       15      2       0.954358
9       15      3       0.964982
9       15      4       0.955973
9       15      5       0.991988
9       15      6       0.994255
9       15      7       0.993328
9       16      0       0.987355
9       16      1       0.968435
9       16      2       0.961732
9       16      3       0.972249
9       16      4       0.951214
9       16      5       0.969835
9       16      6       0.978321
9       16      7       0.982184
9       17      0       0.975937
9       17      1       0.977454
9       17      2       0.970615
9       17      3       0.978038
9       17      4       0.99146
9       17      5       0.995123
9       17      6       0.996531
9       17      7       0.993808
9       18      0       0.986797
9       18      1       0.98789
9       18      2       0.987123
9       18      3       0.953162
9       18      4       0.936458
9       18      5       0.987212
9       18      6       0.999276
9       18      7       1.000566
9       19      0       0.98968
9       19      1       0.981948
9       19      2       0.980007
9       19      3       0.974697
9       19      4       0.963696
9       19      5       0.947037
9       19      6       0.970809
9       19      7       0.901333
9       20      0       0.853982
9       20      1       0.838973
9       20      2       0.880695
9       20      3       0.904659
9       20      4       0.90957
9       20      5       0.922783
9       20      6       0.903521
9       20      7       0.929822
9       21      0       0.985876
9       21      1       0.996014
9       21      2       0.984029
9       21      3       0.981391
9       21      4       0.990305
9       21      5       0.995628
9       21      6       0.983409
9       21      7       0.981661
9       22      0       0.985386
9       22      1       0.988057
9       22      2       0.979461
9       22      3       0.964759
9       22      4       0.933901
9       22      5       0.973363
9       22      6       0.951049
9       22      7       0.941596
9       23      0       0.944462
9       23      1       0.901341
9       23      2       0.870799
9       23      3       0.845082
9       23      4       0.878668
9       23      5       0.896983
9       23      6       0.884237
9       23      7       0.907805
9       24      0       0.910183
9       24      1       0.936772
9       24      2       0.940654
9       24      3       0.925917
9       24      4       0.935035
9       24      5       0.940099
9       24      6       0.756467
9       24      7       0.584637
9       25      0       0.641579
9       25      1       0.697969
9       25      2       0.85234
9       25      3       0.846108
9       25      4       0.641052
9       25      5       0.556998
9       25      6       0.924241
9       25      7       0.885306
9       26      0       0.94385
9       26      1       0.943795
9       26      2       0.953972
9       26      3       0.954838
9       26      4       0.978634
9       26      5       0.962787
9       26      6       1.041473
9       26      7       1.061561
9       27      0       0.849223
9       27      1       0.760486
9       27      2       0.684277
9       27      3       0.586551
9       27      4       0.449501
9       27      5       0.344731
9       27      6       0.433399
9       27      7       0.59544
9       28      0       0.794681
9       28      1       0.994315
9       28      2       0.984416
9       28      3       0.971705
9       28      4       0.998937
9       28      5       1.005008
9       28      6       0.99619
9       28      7       0.995314
9       29      0       0.972238
9       29      1       0.955027
9       29      2       0.830284
9       29      3       0.659276
9       29      4       0.544428
9       29      5       0.482917
9       29      6       0.511034
9       29      7       0.655536
9       30      0       0.807368
9       30      1       0.830865
9       30      2       0.923823
9       30      3       0.980183
9       30      4       0.92863
9       30      5       0.923576
9       30      6       0.97135
9       30      7       0.980216
9       31      0       0.961514
9       31      1       0.961507
9       31      2       0.934517
9       31      3       0.907081
9       31      4       0.844586
9       31      5       0.814946
9       31      6       0.757448
9       31      7       0.751781
