####################################################################################################
# Month: 08Aug                                                                                     #
# Station: BAN                                                                                     #
# Columns are: year    day     windspeed (m/s)                                                     #
####################################################################################################
2009    1       9.70497425
2009    2       10.0985325
2009    3       4.75086438
2009    4       4.82091612
2009    5       2.94443112
2009    6       3.01577188
2009    7       4.1237185
2009    8       6.93607738
2009    9       8.78350775
2009    10      12.28733338
2009    11      16.25940975
2009    12      15.26223625
2009    13      4.6751555
2009    14      4.06442788
2009    15      3.87090925
2009    16      4.30408
2009    17      9.7173265
2009    18      14.01228162
2009    19      12.1276165
2009    20      6.01713275
2009    21      10.33438363
2009    22      11.98769425
2009    23      12.423292
2009    24      11.19428588
2009    25      9.42724962
2009    26      11.54939375
2009    27      9.43078038
2009    28      6.91769788
2009    29      6.07322388
2009    30      11.98799112
2009    31      8.955138
