####################################################################################################
# Month: 05May                                                                                     #
# Station: CNI                                                                                     #
# Columns are: year    day     segment         RH (percent)                                        #
####################################################################################################
9       1       0       0.030949
9       1       1       0.039573
9       1       2       0.044087
9       1       3       -0.058154
9       1       4       0.04637
9       1       5       0.047248
9       1       6       0.069423
9       1       7       0.139763
9       2       0       0.218128
9       2       1       0.256774
9       2       2       0.27461
9       2       3       0.255298
9       2       4       0.187549
9       2       5       0.166109
9       2       6       0.111913
9       2       7       0.075855
9       3       0       0.075401
9       3       1       0.096599
9       3       2       0.122365
9       3       3       0.114697
9       3       4       0.112279
9       3       5       0.117877
9       3       6       0.124917
9       3       7       0.116886
9       4       0       0.115261
9       4       1       0.137405
9       4       2       0.140277
9       4       3       0.125486
9       4       4       0.117594
9       4       5       0.111603
9       4       6       0.092095
9       4       7       0.085531
9       5       0       0.088572
9       5       1       0.090571
9       5       2       0.082766
9       5       3       0.07758
9       5       4       0.075318
9       5       5       0.079991
9       5       6       0.080346
9       5       7       0.072116
9       6       0       0.066695
9       6       1       0.067983
9       6       2       0.068651
9       6       3       0.062392
9       6       4       0.062514
9       6       5       0.071251
9       6       6       0.081354
9       6       7       0.100888
9       7       0       0.127823
9       7       1       0.167895
9       7       2       0.227217
9       7       3       0.455239
9       7       4       0.595311
9       7       5       0.518687
9       7       6       0.465365
9       7       7       0.480986
9       8       0       0.519424
9       8       1       0.356242
9       8       2       0.20767
9       8       3       0.168981
9       8       4       0.138
9       8       5       0.196264
9       8       6       0.162457
9       8       7       0.101785
9       9       0       0.098173
9       9       1       0.111257
9       9       2       0.099729
9       9       3       0.107455
9       9       4       0.115071
9       9       5       0.110294
9       9       6       0.10345
9       9       7       0.09868
9       10      0       0.094071
9       10      1       0.087002
9       10      2       0.080181
9       10      3       0.068948
9       10      4       0.069628
9       10      5       0.090787
9       10      6       0.204535
9       10      7       0.380498
9       11      0       0.434249
9       11      1       0.408334
9       11      2       0.381899
9       11      3       0.331673
9       11      4       0.286733
9       11      5       0.269101
9       11      6       0.225773
9       11      7       0.16712
9       12      0       0.089769
9       12      1       0.03381
9       12      2       0.007182
9       12      3       0.002553
9       12      4       0.004531
9       12      5       0.008394
9       12      6       0.021275
9       12      7       0.072932
9       13      0       0.243215
9       13      1       0.40341
9       13      2       0.309264
9       13      3       0.243039
9       13      4       0.280127
9       13      5       0.249273
9       13      6       0.155336
9       13      7       0.084657
9       14      0       0.064622
9       14      1       0.129239
9       14      2       0.302755
9       14      3       0.30601
9       14      4       0.203305
9       14      5       0.140206
9       14      6       0.138823
9       14      7       0.191197
9       15      0       0.276037
9       15      1       0.335164
9       15      2       0.29294
9       15      3       0.229202
9       15      4       0.242175
9       15      5       0.282929
9       15      6       0.325475
9       15      7       0.324468
9       16      0       0.339083
9       16      1       0.355681
9       16      2       0.337737
9       16      3       0.359148
9       16      4       0.382741
9       16      5       0.371146
9       16      6       0.353348
9       16      7       0.331923
9       17      0       0.33444
9       17      1       0.354047
9       17      2       0.337432
9       17      3       0.3107
9       17      4       0.287885
9       17      5       0.272176
9       17      6       0.248526
9       17      7       0.211384
9       18      0       0.201778
9       18      1       0.208439
9       18      2       0.226545
9       18      3       0.251983
9       18      4       0.252859
9       18      5       0.234834
9       18      6       0.192756
9       18      7       0.128356
9       19      0       0.090017
9       19      1       0.079518
9       19      2       0.067094
9       19      3       0.055575
9       19      4       0.050414
9       19      5       0.048013
9       19      6       0.045333
9       19      7       0.044299
9       20      0       0.06334
9       20      1       0.096711
9       20      2       0.130351
9       20      3       0.180891
9       20      4       0.209152
9       20      5       0.193352
9       20      6       0.244312
9       20      7       0.346609
9       21      0       0.442519
9       21      1       0.51867
9       21      2       0.566554
9       21      3       0.541458
9       21      4       0.449503
9       21      5       0.366036
9       21      6       0.057991
9       21      7       0.039678
9       22      0       0.139177
9       22      1       0.180152
9       22      2       0.190525
9       22      3       0.146398
9       22      4       0.065695
9       22      5       0.070884
9       22      6       0.059472
9       22      7       0.046109
9       23      0       0.033953
9       23      1       0.030424
9       23      2       0.02433
9       23      3       0.021157
9       23      4       0.03081
9       23      5       0.075213
9       23      6       0.173105
9       23      7       0.186975
9       24      0       0.144076
9       24      1       0.136933
9       24      2       0.163717
9       24      3       0.232138
9       24      4       0.361719
9       24      5       0.482993
9       24      6       0.461575
9       24      7       0.329843
9       25      0       0.272626
9       25      1       0.293026
9       25      2       0.379491
9       25      3       0.419315
9       25      4       0.370897
9       25      5       0.268423
9       25      6       0.205234
9       25      7       0.164334
9       26      0       0.159458
9       26      1       0.148148
9       26      2       0.109572
9       26      3       0.106581
9       26      4       0.143967
9       26      5       0.187759
9       26      6       0.197879
9       26      7       0.165344
9       27      0       0.154981
9       27      1       0.175064
9       27      2       0.155261
9       27      3       0.122676
9       27      4       0.101883
9       27      5       0.094105
9       27      6       0.089962
9       27      7       0.086928
9       28      0       0.091194
9       28      1       0.090436
9       28      2       0.080254
9       28      3       0.081042
9       28      4       0.089723
9       28      5       0.106181
9       28      6       0.132962
9       28      7       0.131291
9       29      0       0.12743
9       29      1       0.127703
9       29      2       0.126871
9       29      3       0.120164
9       29      4       0.104546
9       29      5       0.081089
9       29      6       0.055464
9       29      7       0.046969
9       30      0       0.047331
9       30      1       0.052382
9       30      2       0.054129
9       30      3       0.054549
9       30      4       0.055411
9       30      5       0.055563
9       30      6       0.055372
9       30      7       0.0584
9       31      0       0.064244
9       31      1       0.07171
9       31      2       0.093704
9       31      3       0.121892
9       31      4       0.144737
9       31      5       0.14821
9       31      6       0.144052
9       31      7       0.127302
