####################################################################################################
# Month: 07Jul                                                                                     #
# Station: DomeF                                                                                   #
# Columns are: year    day     segment         RH (percent)                                        #
####################################################################################################
9       1       0       0.740784
9       1       1       0.854247
9       1       2       0.898814
9       1       3       0.946765
9       1       4       0.979512
9       1       5       0.991117
9       1       6       0.937845
9       1       7       0.928144
9       2       0       0.950026
9       2       1       0.95073
9       2       2       0.959702
9       2       3       0.951619
9       2       4       1.036848
9       2       5       1.024643
9       2       6       0.940066
9       2       7       0.828174
9       3       0       0.847623
9       3       1       0.879635
9       3       2       0.9654
9       3       3       0.933036
9       3       4       0.912799
9       3       5       0.949578
9       3       6       0.980661
9       3       7       0.969246
9       4       0       0.948408
9       4       1       0.968166
9       4       2       0.987029
9       4       3       0.98475
9       4       4       0.976236
9       4       5       0.965657
9       4       6       0.974826
9       4       7       0.960871
9       5       0       0.804113
9       5       1       0.892413
9       5       2       0.910505
9       5       3       0.867527
9       5       4       0.919421
9       5       5       0.953222
9       5       6       0.890098
9       5       7       0.837148
9       6       0       0.78593
9       6       1       0.740455
9       6       2       0.674694
9       6       3       0.589912
9       6       4       0.59387
9       6       5       0.721163
9       6       6       0.856665
9       6       7       0.951189
9       7       0       0.996522
9       7       1       0.998965
9       7       2       0.981625
9       7       3       0.958221
9       7       4       0.988522
9       7       5       0.985153
9       7       6       0.985589
9       7       7       0.974157
9       8       0       0.853985
9       8       1       0.763122
9       8       2       0.762232
9       8       3       0.703858
9       8       4       0.620621
9       8       5       0.482083
9       8       6       0.364031
9       8       7       0.365989
9       9       0       0.380696
9       9       1       0.445372
9       9       2       0.474418
9       9       3       0.490032
9       9       4       0.584138
9       9       5       0.702478
9       9       6       0.773212
9       9       7       0.823868
9       10      0       0.805319
9       10      1       0.789448
9       10      2       0.820988
9       10      3       0.89005
9       10      4       0.896382
9       10      5       0.939473
9       10      6       0.912826
9       10      7       0.905154
9       11      0       0.960365
9       11      1       0.986484
9       11      2       0.928357
9       11      3       0.917293
9       11      4       1.016442
9       11      5       1.003538
9       11      6       0.990121
9       11      7       0.997327
9       12      0       0.995939
9       12      1       0.998258
9       12      2       1.00211
9       12      3       1.001801
9       12      4       0.999795
9       12      5       0.992915
9       12      6       0.999157
9       12      7       0.999034
9       13      0       0.998379
9       13      1       0.997089
9       13      2       0.996759
9       13      3       0.994888
9       13      4       0.993595
9       13      5       0.990904
9       13      6       0.986968
9       13      7       0.984529
9       14      0       0.981704
9       14      1       0.979341
9       14      2       0.971409
9       14      3       0.964569
9       14      4       0.972633
9       14      5       0.982384
9       14      6       0.986938
9       14      7       0.995407
9       15      0       0.983373
9       15      1       0.98852
9       15      2       0.980866
9       15      3       0.975022
9       15      4       0.969168
9       15      5       0.975442
9       15      6       0.971899
9       15      7       0.976639
9       16      0       0.969464
9       16      1       0.964803
9       16      2       0.94461
9       16      3       0.925339
9       16      4       0.874744
9       16      5       0.901842
9       16      6       0.921978
9       16      7       1.016192
9       17      0       1.232544
9       17      1       1.167932
9       17      2       1.064922
9       17      3       0.979662
9       17      4       0.914351
9       17      5       0.898491
9       17      6       0.902428
9       17      7       0.920287
9       18      0       1.001069
9       18      1       0.990464
9       18      2       0.957057
9       18      3       0.956641
9       18      4       0.906861
9       18      5       0.816402
9       18      6       0.739009
9       18      7       0.6747
9       19      0       0.72166
9       19      1       0.718873
9       19      2       0.95365
9       19      3       0.994981
9       19      4       0.943163
9       19      5       0.935039
9       19      6       0.951366
9       19      7       0.930709
9       20      0       0.962531
9       20      1       1.072324
9       20      2       1.438879
9       20      3       1.408766
9       20      4       1.32306
9       20      5       1.132226
9       20      6       0.978396
9       20      7       0.967539
9       21      0       0.973072
9       21      1       0.973875
9       21      2       0.971255
9       21      3       0.970035
9       21      4       0.96019
9       21      5       0.954695
9       21      6       0.963254
9       21      7       0.966698
9       22      0       0.961347
9       22      1       0.954584
9       22      2       0.963156
9       22      3       0.957654
9       22      4       0.972132
9       22      5       0.958859
9       22      6       0.897064
9       22      7       0.892897
9       23      0       0.966028
9       23      1       0.976289
9       23      2       1.110424
9       23      3       1.2271
9       23      4       1.054133
9       23      5       1.224536
9       23      6       0.981304
9       23      7       0.977646
9       24      0       0.959687
9       24      1       0.955713
9       24      2       0.96436
9       24      3       0.964967
9       24      4       0.965971
9       24      5       0.952439
9       24      6       0.9334
9       24      7       0.991152
9       25      0       0.949226
9       25      1       0.956635
9       25      2       1.038179
9       25      3       1.081652
9       25      4       1.166035
9       25      5       1.180333
9       25      6       1.120508
9       25      7       1.159211
9       26      0       1.114611
9       26      1       0.975557
9       26      2       0.893383
9       26      3       0.918172
9       26      4       0.959348
9       26      5       0.960996
9       26      6       0.96517
9       26      7       0.929807
9       27      0       0.955657
9       27      1       0.97952
9       27      2       0.9563
9       27      3       0.948622
9       27      4       0.956412
9       27      5       0.93305
9       27      6       0.938665
9       27      7       0.957514
9       28      0       0.974477
9       28      1       0.949227
9       28      2       0.964746
9       28      3       0.962312
9       28      4       0.940445
9       28      5       0.97155
9       28      6       0.983967
9       28      7       0.918971
9       29      0       0.866916
9       29      1       0.884364
9       29      2       0.964325
9       29      3       0.979708
9       29      4       0.954726
9       29      5       0.988313
9       29      6       1.034099
9       29      7       1.045462
9       30      0       0.971894
9       30      1       0.978353
9       30      2       1.39775
9       30      3       1.515881
9       30      4       1.053759
9       30      5       1.323445
9       30      6       1.42736
9       30      7       1.059738
9       31      0       1.212007
9       31      1       0.966899
9       31      2       0.974016
9       31      3       0.969116
9       31      4       0.932529
9       31      5       0.928715
9       31      6       0.932791
9       31      7       0.949232
