####################################################################################################
# Month: 01Jan                                                                                     #
# Station: PER                                                                                     #
# Columns are: year    day     RH (percent)                                                        #
####################################################################################################
9       1       0.43784088
9       2       0.22916438
9       3       0.32320688
9       4       0.28812225
9       5       0.2455555
9       6       0.27940962
9       7       0.2662785
9       8       0.312548
9       9       0.51346913
9       10      0.84251812
9       11      0.64821575
9       12      0.4264345
9       13      0.42104212
9       14      0.34462575
9       15      0.23335025
9       16      0.20379062
9       17      0.23310888
9       18      0.34129912
9       19      0.41368088
9       20      0.64678388
9       21      0.51139388
9       22      0.7417615
9       23      0.64958887
9       24      0.1030935
9       25      0.24216038
9       26      0.30922462
9       27      0.551674
9       28      0.57418238
9       29      0.52162788
9       30      0.33973075
9       31      0.34803812
