####################################################################################################
# Month: 01Jan                                                                                     #
# Station: KVNYS                                                                                   #
# Frequency: 230 GHz                                                                               #
# Columns are: year    day     tau     Tb (K)                                                      #
####################################################################################################
2009    1       0.23034919      57.13874125
2009    2       0.18576184      48.33552875
2009    3       0.28851275      68.3818
2009    4       0.30491793      72.02164625
2009    5       0.29161478      69.0336325
2009    6       0.22603569      55.80104125
2009    7       0.26216631      63.97047
2009    8       0.26904392      64.78223375
2009    9       0.19363985      48.74153
2009    10      0.17747589      45.40871625
2009    11      0.1830924       46.3468075
2009    12      0.21672624      53.46007875
2009    13      0.23656184      57.8011775
2009    14      0.11844582      32.69436
2009    15      0.30681514      70.3808825
2009    16      0.46527514      99.00334375
2009    17      0.57700347      116.67995125
2009    18      0.6936353       122.49228125
2009    19      0.24692671      60.34050875
2009    20      0.4322061       92.86606625
2009    21      0.62379666      125.2824
2009    22      0.61040525      108.64343375
2009    23      0.22445946      52.4481925
2009    24      0.33054598      74.022165
2009    25      0.39839258      85.55165125
2009    26      0.2648668       63.477075
2009    27      0.28953285      68.92791
2009    28      0.20268862      52.36239125
2009    29      0.26880322      66.366685
2009    30      0.67993784      133.755
2009    31      0.55452966      115.2396375
2010    1       0.46675536      95.74288625
2010    2       0.33339669      72.1034625
2010    3       0.32254419      72.51535375
2010    4       0.46653736      97.43592
2010    5       0.18996306      48.071655
2010    6       0.22266611      54.8476675
2010    7       0.29035941      68.33162375
2010    8       0.32532229      74.94454875
2010    9       0.48018161      102.38674
2010    10      0.36974954      84.9880825
2010    11      0.2761055       65.030405
2010    12      0.18409871      45.77637625
2010    13      0.19667926      48.6346475
2010    14      0.33877122      77.03152
2010    15      0.23795755      57.31549375
2010    16      0.16590921      43.39489625
2010    17      0.39073232      83.63549125
2010    18      0.52318459      107.40527375
2010    19      1.76902556      199.90273375
2010    20      1.56741046      207.3626625
2010    21      0.18318272      47.98090875
2010    22      0.2148039       53.80314
2010    23      0.32571565      75.33321
2010    24      0.45935352      98.7285475
2010    25      0.14963481      39.990145
2010    26      0.27775094      66.086105
2010    27      0.94604236      152.3238275
2010    28      0.2125815       53.4375425
2010    29      0.35251109      81.4016225
2010    30      0.4694592       100.5418125
2010    31      0.47361682      99.15773
2011    1       0.3196241       73.98986625
2011    2       0.33204346      76.37924625
2011    3       0.36731674      83.04378125
2011    4       0.38846         86.20117625
2011    5       0.25133501      60.33464375
2011    6       0.16175831      42.40533625
2011    7       0.1873081       47.3224275
2011    8       0.43878049      93.65946375
2011    9       0.14938855      39.53050375
2011    10      0.24556235      58.77789625
2011    11      0.41435301      85.6660725
2011    12      0.1820294       46.539135
2011    13      0.37509288      81.72045125
2011    14      0.30662454      68.981315
2011    15      0.11363111      30.9710725
2011    16      0.13321206      35.81484
2011    17      0.17360744      44.8809425
2011    18      0.23105479      56.6813825
2011    19      0.22773294      56.01302875
2011    20      0.18870646      48.2060375
2011    21      0.28797311      67.64054375
2011    22      0.2882984       67.4780375
2011    23      0.46654676      95.23667
2011    24      0.23572445      57.41264625
2011    25      0.20210225      50.2031825
2011    26      0.15674102      41.04414
2011    27      0.17299239      44.2979275
2011    28      0.18194069      46.010215
2011    29      0.16591335      42.28778375
2011    30      0.16093702      41.67947625
2011    31      0.30210842      71.00047
2012    1       0.3806407       84.17437625
2012    2       0.30345081      71.1912175
2012    3       0.33985702      75.96680375
2012    4       0.19099864      48.5380475
2012    5       0.28833893      68.12895125
2012    6       0.20476912      51.9398175
2012    7       0.24044052      58.8734625
2012    8       0.54685309      111.0837575
2012    9       0.27035173      63.6925325
2012    10      0.21820275      54.5538725
2012    11      0.18081186      46.48839375
2012    12      0.41765346      92.04185625
2012    13      0.23928518      58.83232
2012    14      0.24987768      60.3176775
2012    15      0.25179115      61.04839625
2012    16      0.54425449      112.8306025
2012    17      0.68824578      127.31584875
2012    18      0.48525621      103.0662925
2012    19      0.76545185      143.196925
2012    20      0.72508891      137.6501125
2012    21      0.50417789      99.63084875
2012    22      0.11023727      30.74343
2012    23      0.13554293      36.212625
2012    24      0.18471071      46.35624625
2012    25      0.22001346      53.44552125
2012    26      0.34309368      78.4127
2012    27      0.27613668      63.48336
2012    28      0.21396475      53.24065375
2012    29      0.12839482      34.94268875
2012    30      0.12488016      33.930425
2012    31      0.34349948      71.12317375
2013    1       0.42199963      86.23383375
2013    2       0.1917125       47.48724125
2013    3       0.12237589      33.83771625
2013    4       0.20375342      49.95429
2013    5       0.28535915      66.39146125
2013    6       0.15248396      40.86096
2013    7       0.35699171      80.48424875
2013    8       0.17353342      44.9973875
2013    9       0.16600976      43.1408075
2013    10      0.28669296      67.26561625
2013    11      0.64983942      122.56845625
2013    12      0.4468813       93.40497375
2013    13      0.20814159      53.25176125
2013    14      0.29721207      69.4593975
2013    15      0.32105029      74.466055
2013    16      0.4263537       92.5408975
2013    17      0.31073052      70.01984625
2013    18      0.33700802      76.28948
2013    19      0.34325782      78.30472
2013    20      0.64983482      123.36803875
2013    21      0.9378349       162.4636125
2013    22      0.73779156      139.2239
2013    23      0.94142874      155.61263375
2013    24      0.31553926      67.81633375
2013    25      0.15343618      39.896305
2013    26      0.16999984      43.753665
2013    27      0.21297145      52.76345375
2013    28      0.8300919       145.96163125
2013    29      1.20427249      186.5053125
2013    30      1.07965329      174.9421125
2013    31      0.97913965      167.7949375
2014    1       0.30945418      71.35974
2014    2       0.29143001      69.06050625
2014    3       0.49976672      96.66029875
2014    4       0.51907651      107.90746375
2014    5       0.45140821      97.708235
2014    6       0.56546318      116.54680125
2014    7       1.16297721      180.2819875
2014    8       0.18036995      45.44639375
2014    9       0.17194126      44.0169925
2014    10      0.26712359      64.17729625
2014    11      0.38102         85.28470625
2014    12      0.16403569      42.26254625
2014    13      0.19214709      48.6185825
2014    14      0.22141966      54.83559125
2014    15      0.35487846      81.01186125
2014    16      0.42868684      93.3847175
2014    17      0.37677654      85.01992375
2014    18      0.1995668       50.59171375
2014    19      0.53895736      102.22755625
2014    20      0.65594999      122.509565
2014    21      0.34821772      78.59700125
2014    22      0.30190774      71.74107625
2014    23      0.7582202       137.0928675
2014    24      1.22564134      189.281675
2014    25      0.60715449      107.91548625
2014    26      0.14462125      39.0835075
2014    27      0.48042602      97.649555
2014    28      0.09980068      28.92815375
2014    29      0.67267189      96.25574875
2014    30      0.52291008      90.755905
2014    31      0.27889288      66.4560725
2015    1       0.20593801      51.04296875
2015    2       0.17197896      44.7164125
2015    3       0.6757609       124.9643125
2015    4       0.49742675      104.56756625
2015    5       0.68173994      122.06304125
2015    6       0.10223585      29.9509425
2015    7       0.14639369      39.99853375
2015    8       0.16931686      44.4640825
2015    9       0.24120121      59.49002375
2015    10      0.4557308       97.55651375
2015    11      0.20942104      52.32853125
2015    12      0.18200809      47.87282125
2015    13      0.18479342      47.27820125
2015    14      0.41788001      92.4256425
2015    15      0.54541935      113.18869375
2015    16      0.39386968      84.05539875
2015    17      0.19178329      48.84321375
2015    18      0.73431448      133.75067625
2015    19      0.28760194      69.32806125
2015    20      0.36009796      81.19264625
2015    21      0.62023293      123.436275
2015    22      0.48127115      103.725535
2015    23      0.46968679      101.69385625
2015    24      0.46543696      101.4497475
2015    25      1.2274479       184.045375
2015    26      0.59255995      113.02903625
2015    27      0.14359806      38.68532125
2015    28      0.31371415      73.7781275
2015    29      0.49777128      102.81438125
2015    30      0.19522165      49.5119275
2015    31      0.14475831      39.22804875
2016    1       0.69108164      129.44472375
2016    5       0.23714001      57.97915125
2016    6       0.29709         69.56821375
2016    7       0.21742316      54.36198625
2016    8       0.27738451      66.35884375
2016    9       0.35352714      80.44608625
2016    10      0.20882121      52.70001875
2016    11      0.16543444      43.3571525
2016    12      0.20826308      51.9935975
2016    13      0.32664726      73.2132725
2016    14      0.33223926      75.348355
2016    15      0.32455856      75.3391575
2016    16      0.53976008      111.3671375
2016    17      0.54351595      112.335995
2016    18      0.15988131      41.18999
2016    19      0.14022751      37.330695
2016    20      0.18328805      46.76206625
2016    21      0.1565349       40.98851
2016    22      0.1696061       43.35520375
2016    23      0.15989589      40.37261
2016    24      0.16945024      43.38663375
2016    25      0.30283271      70.07555375
2016    26      0.35764674      81.48774625
2016    27      0.24113424      59.68557375
2016    28      0.3078172       72.8079375
2016    29      0.54447538      112.6670725
2016    30      0.38990255      85.21188
2016    31      0.14795464      39.46081875
2017    1       0.91720328      143.38052125
2017    2       0.50058895      100.779395
2017    3       0.38494889      87.98736375
2017    4       0.24350732      61.05302375
2017    5       0.5602842       116.3117875
2017    6       0.56828562      118.596825
2017    7       0.73127921      138.2218875
2017    8       1.05884984      174.0587
2017    9       0.25784786      62.8218425
2017    10      0.20829323      51.77806875
2017    11      0.3335018       76.70283375
2017    12      0.19590004      49.74085125
2017    13      0.2074452       51.757565
2017    14      0.14826187      39.46698
2017    15      0.17206646      44.60652875
2017    16      0.24267819      59.52780375
2017    17      0.40126319      88.32510125
2017    18      0.38358988      84.52746625
2017    19      0.35707285      80.08280125
2017    20      0.29687209      69.0857625
2017    21      0.36923425      81.36460625
2017    22      0.17601452      44.88946875
2017    23      0.1543657       40.636765
2017    24      0.14523891      38.94692875
2017    25      0.13409604      36.42376
2017    26      0.54505604      104.056685
2017    27      0.16233619      42.98620125
2017    28      0.32334531      74.6161625
2017    29      0.79268129      142.58706875
2017    30      0.1651725       43.50370625
2017    31      0.25818326      62.37500875
2018    1       0.26766244      64.5894825
2018    2       0.18343505      47.2800275
2018    3       0.20970161      52.9302675
2018    4       0.35873226      80.8673275
2018    5       0.29903851      70.22087875
2018    6       0.20848201      53.3514525
2018    7       0.40579069      89.76577125
2018    8       0.49267369      102.07929625
2018    9       0.29061121      67.67723875
2018    10      0.17978035      45.12508
2018    11      0.13133874      34.885635
2018    12      0.35453836      75.1695875
2018    13      0.44046588      95.45517125
2018    14      0.81083243      145.5237125
2018    15      0.34358525      79.098925
2018    16      0.89014362      156.472375
2018    17      0.73538521      137.22161125
2018    18      0.18231571      47.5743125
2018    19      0.38902441      86.6515375
2018    20      0.34018641      74.62534625
2018    21      0.27001109      64.28777625
2018    22      0.35978186      77.22803
2018    23      0.103739        28.90357375
2018    24      0.08875473      25.73419
2018    25      0.10146161      28.8324025
2018    26      0.10847513      30.74260375
2018    27      0.20739518      50.35953875
2018    28      0.19548191      49.4793525
2018    29      0.16963976      43.85127125
2018    30      0.33967842      76.60508625
2018    31      0.20143414      50.7808175
2019    1       0.25374765      56.971655
