####################################################################################################
# Month: 01Jan                                                                                     #
# Station: KVNYS                                                                                   #
# Columns are: year    day     segment         RH (percent)                                        #
####################################################################################################
9       1       0       0.45248
9       1       1       0.49762
9       1       2       0.57157
9       1       3       0.54902
9       1       4       0.476487
9       1       5       0.432322
9       1       6       0.463297
9       1       7       0.40711
9       2       0       0.275984
9       2       1       0.212378
9       2       2       0.282063
9       2       3       0.309293
9       2       4       0.245833
9       2       5       0.223912
9       2       6       0.236318
9       2       7       0.252897
9       3       0       0.262975
9       3       1       0.263563
9       3       2       0.389497
9       3       3       0.373622
9       3       4       0.273905
9       3       5       0.2224
9       3       6       0.238186
9       3       7       0.24956
9       4       0       0.257075
9       4       1       0.330583
9       4       2       0.477854
9       4       3       0.453405
9       4       4       0.427177
9       4       5       0.421059
9       4       6       0.439965
9       4       7       0.593848
9       5       0       0.804573
9       5       1       0.913489
9       5       2       0.783356
9       5       3       0.641502
9       5       4       0.508877
9       5       5       0.405485
9       5       6       0.382011
9       5       7       0.366619
9       6       0       0.227807
9       6       1       0.21547
9       6       2       0.350332
9       6       3       0.307504
9       6       4       0.255527
9       6       5       0.24932
9       6       6       0.275773
9       6       7       0.303673
9       7       0       0.303027
9       7       1       0.363412
9       7       2       0.422505
9       7       3       0.406008
9       7       4       0.401991
9       7       5       0.428066
9       7       6       0.456378
9       7       7       0.401723
9       8       0       0.348399
9       8       1       0.406147
9       8       2       0.41675
9       8       3       0.314402
9       8       4       0.300406
9       8       5       0.353068
9       8       6       0.416474
9       8       7       0.425179
9       9       0       0.370112
9       9       1       0.349636
9       9       2       0.566101
9       9       3       0.541233
9       9       4       0.449223
9       9       5       0.409992
9       9       6       0.391676
9       9       7       0.36575
9       10      0       0.305901
9       10      1       0.500831
9       10      2       0.502595
9       10      3       0.613081
9       10      4       0.555236
9       10      5       0.540824
9       10      6       0.539452
9       10      7       0.518922
9       11      0       0.612382
9       11      1       0.696512
9       11      2       0.574271
9       11      3       0.657383
9       11      4       0.634331
9       11      5       0.758723
9       11      6       0.70534
9       11      7       0.677523
9       12      0       0.777687
9       12      1       0.892023
9       12      2       0.758965
9       12      3       0.735144
9       12      4       0.663969
9       12      5       0.566635
9       12      6       0.490577
9       12      7       0.45052
9       13      0       0.44057
9       13      1       0.571975
9       13      2       0.66541
9       13      3       0.655675
9       13      4       0.661035
9       13      5       0.715617
9       13      6       0.788358
9       13      7       0.558362
9       14      0       0.320006
9       14      1       0.459803
9       14      2       0.504551
9       14      3       0.439087
9       14      4       0.249269
9       14      5       0.182841
9       14      6       0.213548
9       14      7       0.226341
9       15      0       0.233127
9       15      1       0.294158
9       15      2       0.577618
9       15      3       0.739248
9       15      4       0.814154
9       15      5       0.799084
9       15      6       0.806268
9       15      7       0.936632
9       16      0       0.968695
9       16      1       0.922551
9       16      2       0.875296
9       16      3       0.781311
9       16      4       0.576515
9       16      5       0.566835
9       16      6       0.708985
9       16      7       0.809631
9       17      0       0.861306
9       17      1       0.836649
9       17      2       0.801533
9       17      3       0.669263
9       17      4       0.591324
9       17      5       0.699671
9       17      6       0.887447
9       17      7       0.866296
9       18      0       0.867238
9       18      1       0.955632
9       18      2       0.917148
9       18      3       0.95047
9       18      4       0.764271
9       18      5       0.388267
9       18      6       0.28843
9       18      7       0.479109
9       19      0       0.726874
9       19      1       0.63505
9       19      2       0.529062
9       19      3       0.419551
9       19      4       0.203512
9       19      5       0.108242
9       19      6       0.1025
9       19      7       0.139872
9       20      0       0.209583
9       20      1       0.251827
9       20      2       0.341517
9       20      3       0.341327
9       20      4       0.391992
9       20      5       0.469324
9       20      6       0.577232
9       20      7       0.661109
9       21      0       0.665354
9       21      1       0.69595
9       21      2       0.798762
9       21      3       0.889628
9       21      4       0.890023
9       21      5       0.78546
9       21      6       0.735949
9       21      7       0.604389
9       22      0       0.464177
9       22      1       0.749276
9       22      2       0.845298
9       22      3       0.977378
9       22      4       0.809329
9       22      5       0.614465
9       22      6       0.618834
9       22      7       0.620403
9       23      0       0.734173
9       23      1       0.728785
9       23      2       0.644267
9       23      3       0.621026
9       23      4       0.688468
9       23      5       0.71116
9       23      6       0.836874
9       23      7       0.994342
9       24      0       0.90846
9       24      1       0.982076
9       24      2       0.976453
9       24      3       0.983883
9       24      4       0.985522
9       24      5       0.780884
9       24      6       0.682266
9       24      7       0.813086
9       25      0       0.990995
9       25      1       0.977122
9       25      2       0.7336
9       25      3       0.900948
9       25      4       0.765508
9       25      5       0.689337
9       25      6       0.665668
9       25      7       0.484154
9       26      0       0.514363
9       26      1       0.672046
9       26      2       0.730209
9       26      3       0.67064
9       26      4       0.702029
9       26      5       0.695338
9       26      6       0.724321
9       26      7       0.711383
9       27      0       0.682356
9       27      1       0.734111
9       27      2       0.713504
9       27      3       0.709916
9       27      4       0.644155
9       27      5       0.468743
9       27      6       0.253685
9       27      7       0.202158
9       28      0       0.195971
9       28      1       0.220978
9       28      2       0.285837
9       28      3       0.203523
9       28      4       0.170335
9       28      5       0.171534
9       28      6       0.170431
9       28      7       0.174593
9       29      0       0.169144
9       29      1       0.206962
9       29      2       0.285149
9       29      3       0.259926
9       29      4       0.210907
9       29      5       0.229075
9       29      6       0.268358
9       29      7       0.429178
9       30      0       0.621481
9       30      1       0.667895
9       30      2       0.753153
9       30      3       0.701446
9       30      4       0.638786
9       30      5       0.650339
9       30      6       0.730639
9       30      7       0.740425
9       31      0       0.725798
9       31      1       0.81875
9       31      2       0.766611
9       31      3       0.760654
9       31      4       0.678444
9       31      5       0.614189
9       31      6       0.605466
9       31      7       0.603647
