####################################################################################################
# Month: 05May                                                                                     #
# Station: ORG                                                                                     #
# Frequency: 345 GHz                                                                               #
# Columns are: year    day     tau     Tb (K)                                                      #
####################################################################################################
2009    1       2.05571137      232.020925
2009    2       2.06631575      228.6672375
2009    3       1.66746275      214.6609
2009    4       1.65298938      212.4658125
2009    5       1.58355218      206.4119625
2009    6       1.71047758      216.6253375
2009    7       1.0169535       169.070375
2009    8       0.60217735      122.37735
2009    9       0.57267475      118.659925
2009    10      0.73378901      139.7081125
2009    11      1.1829429       187.32635
2009    12      0.83720145      149.218925
2009    13      0.85565385      146.9280625
2009    14      1.9017005       227.0690125
2009    15      0.89762411      154.0054375
2009    16      1.07012986      179.16685
2009    17      1.20151825      193.49685
2009    18      1.3714815       207.0851
2009    19      1.44079162      209.6463125
2009    20      1.0950089       177.6192
2009    21      0.81856969      153.72145
2009    22      1.13620736      185.682025
2009    23      1.46520488      208.757675
2009    24      2.1073615       239.04155
2009    25      1.62818175      218.6565
2009    26      1.33531         200.4169
2009    27      1.5825405       218.1699375
2009    28      1.76254025      228.1777
2009    29      1.84974112      231.5547875
2009    30      2.1788515       245.15055
2009    31      3.006969        262.3828
2010    1       0.83936379      150.211925
2010    2       0.67373243      129.4595125
2010    3       1.25039974      188.055825
2010    4       0.62432171      114.1783325
2010    5       0.78388548      142.369725
2010    6       0.53598054      110.60438375
2010    7       0.53556286      110.15877
2010    8       1.19035254      180.182425
2010    9       1.42876925      200.7724125
2010    10      1.40238325      198.72055
2010    11      1.3010855       191.5966875
2010    12      1.05871716      172.5628125
2010    13      0.81403101      148.1264125
2010    14      0.84460769      154.5744875
2010    15      1.05089383      176.133025
2010    16      1.33645788      195.6697875
2010    17      1.99654525      232.7676
2010    18      1.86837438      223.6931125
2010    19      1.07873536      178.00415
2010    20      1.11751586      160.7211675
2010    21      0.93417931      158.24165
2010    22      1.0637287       170.32465
2010    23      0.92676259      158.5831
2010    24      1.02464209      166.957075
2010    25      1.14062353      179.921475
2010    26      1.62329062      212.2954625
2010    27      1.35805389      195.8500125
2010    28      1.20242564      183.4000125
2010    29      1.26240312      190.74325
2010    30      1.20553358      187.0752125
2010    31      1.89063188      227.950075
2011    1       0.42871971      94.20189875
2011    2       0.69435719      131.32347
2011    3       1.07563737      166.0725375
2011    4       0.45600848      99.602165
2011    5       0.77285866      142.9153
2011    6       1.74258088      218.3666625
2011    7       2.37297825      243.38865
2011    8       1.9435315       226.0979625
2011    9       0.92136819      157.91305
2011    10      1.39898788      201.708
2011    11      1.21035595      184.1256
2011    12      1.70084912      218.9542875
2011    13      1.3268595       199.3214625
2011    14      2.1369585       240.5442125
2011    15      1.85545598      218.0526375
2011    16      0.96271398      161.5945875
2011    17      0.95819071      160.764075
2011    18      1.22173342      184.669
2011    19      1.40480675      200.2202625
2011    20      0.97397044      165.73065
2011    21      1.48891334      203.6007375
2011    22      1.76752275      221.190775
2011    23      1.574381        211.7221875
2011    24      1.03323408      162.39165
2011    25      1.44744216      198.2270875
2011    26      1.07324935      169.407975
2011    27      1.39636925      197.4931875
2011    28      1.26982813      189.3378875
2011    29      1.13597485      178.78625
2011    30      1.21377025      185.2574125
2011    31      1.3117025       194.17405
2012    1       0.82933585      130.93452625
2012    2       0.69555961      132.69595
2012    3       1.86363125      224.5510875
2012    4       1.23534288      188.7578
2012    5       0.7140884       132.936575
2012    6       0.52626705      111.32127875
2012    7       0.46490214      101.94127
2012    8       0.64940117      131.2787
2012    9       1.11598808      183.0994625
2012    10      1.1395876       167.78378
2012    11      0.50993297      110.5116625
2012    12      0.47332885      105.2209975
2012    13      0.4569957       103.60802
2012    14      0.48326976      107.6615825
2012    15      0.96378556      170.3697375
2012    16      1.34676988      203.9817
2012    17      1.7947335       223.07075
2012    18      0.98988121      148.84704125
2012    19      1.0121132       168.405875
2012    20      2.01120862      234.0908375
2012    21      2.04484325      239.5716375
2012    22      1.56266725      212.58505
2012    23      0.88838252      155.3448875
2012    24      0.98872341      167.0731625
2012    25      1.38078112      197.7747625
2012    26      1.30446262      193.093225
2012    27      1.26265         189.6707625
2012    28      1.12674775      181.9784875
2012    29      1.24802188      194.17185
2012    30      1.38599212      202.9628875
2012    31      1.93831212      234.7513625
2013    1       0.30018399      72.70381875
2013    2       0.47684829      102.43284125
2013    3       0.5781107       120.4270875
2013    4       1.0133974       168.35
2013    5       1.15870314      183.23945
2013    6       1.72846462      220.1511
2013    7       1.96187338      230.2413875
2013    8       1.88276238      228.6453875
2013    9       1.66814312      219.857925
2013    10      1.37547062      202.30285
2013    11      1.38473938      203.7007625
2013    12      1.79432738      229.501825
2013    13      1.79587875      226.2293
2013    14      1.33066175      201.775025
2013    15      1.57474175      215.8528375
2013    16      2.448408        246.0918125
2013    17      1.94418737      227.670725
2013    18      1.20461485      184.9764375
2013    19      1.28991786      190.7593875
2013    20      0.76392122      141.80723125
2013    21      1.03546095      171.1268
2013    22      0.57520995      116.891165
2013    23      0.68752418      127.5820275
2013    24      0.78441219      145.4215375
2013    25      1.09249214      178.2403875
2013    26      1.35680588      198.3496
2013    27      1.59654186      206.46505
2013    28      1.955345        227.2172
2013    29      1.20595322      186.2799625
2013    30      0.98110149      168.3597875
2013    31      0.7060768       138.0821375
2014    1       0.47925765      105.9011275
2014    2       0.95348962      168.7917125
2014    3       0.86157984      155.33015
2014    4       1.46859525      206.4777625
2014    5       1.56481038      212.4073625
2014    6       1.23842969      185.7691
2014    7       1.13204015      180.0063875
2014    8       1.19147819      179.1087125
2014    9       1.6659855       212.9894375
2014    10      1.0249717       169.702075
2014    11      0.81969596      148.51645
2014    12      0.77235791      145.85085
2014    13      0.7439987       141.8373625
2014    14      1.01535756      174.511425
2014    15      1.04992236      179.2114875
2014    16      1.22854329      190.826875
2014    17      1.0380628       175.0180625
2014    18      1.39429854      201.9864125
2014    19      1.49193838      206.1540875
2014    20      1.52211375      208.129675
2014    21      1.94760125      229.837525
2014    22      1.16269371      180.4112
2014    23      1.15279313      187.81065
2014    24      1.85921478      218.4705
2014    25      1.77287688      225.917125
2014    26      1.29728074      198.7935375
2014    27      1.42392825      208.3134125
2014    28      1.00230344      172.33565
2014    29      0.4483288       100.33792375
2014    30      0.72628055      134.6923375
2014    31      1.17997338      188.206625
2015    1       0.4206561       93.602375
2015    2       1.26209088      195.816475
2015    3       1.368896        203.3557
2015    4       1.32765912      200.099375
2015    5       1.7223975       222.0380875
2015    6       1.05159967      172.0104
2015    7       0.88159169      152.38855
2015    8       1.43432912      202.7258125
2015    9       0.99459674      163.8670375
2015    10      0.68958106      135.2934125
2015    11      1.57527662      212.4348875
2015    12      1.27972461      190.617875
2015    13      1.03367777      168.846775
2015    14      1.56692352      207.8947
2015    15      1.61513712      212.9820875
2015    16      1.73223288      219.5867125
2015    17      1.526602        209.0638375
2015    18      1.95159688      229.1357
2015    19      2.21477925      239.0190875
2015    20      2.2936125       242.133175
2015    21      1.87072025      226.4516
2015    22      1.89244362      227.8838875
2015    23      2.29514225      242.8489375
2015    24      1.88401625      229.199575
2015    25      1.92008738      230.11315
2015    26      1.62542812      210.9712
2015    27      1.42292775      204.210075
2015    28      1.46437888      210.513125
2015    29      1.59837438      219.212325
2015    30      2.17615062      242.608875
2015    31      1.45400912      211.49475
2016    1       1.18070939      183.84965
2016    2       1.04713444      174.7680625
2016    3       1.03334006      175.0702875
2016    4       1.68461238      219.1944375
2016    5       1.85135575      228.51075
2016    6       1.78095712      220.6619375
2016    7       2.41729825      246.796525
2016    8       2.77469488      254.4899125
2016    9       0.72098696      132.600105
2016    10      0.59431528      121.2950125
2016    11      0.64181559      128.5460625
2016    12      0.69698028      139.0274375
2016    13      1.55235075      215.3524125
2016    14      1.42320972      203.903
2016    15      1.47165612      204.2254375
2016    16      1.77028         220.0574875
2016    17      1.274826        191.3967375
2016    18      1.35561576      198.3735875
2016    19      2.18231198      233.5022375
2016    20      1.33352038      194.0885625
2016    21      1.21084882      182.7999
2016    22      1.26479365      188.6319875
2016    23      1.2028286       185.4332
2016    24      1.553871        209.911
2016    25      1.83568438      225.091775
2016    26      1.48572162      207.6822
2016    27      1.3565865       198.3860875
2016    28      0.98451422      169.41535
2016    29      1.16492548      186.8341
2016    30      1.39590702      201.944525
2016    31      1.13212611      185.1128
2017    1       1.19048832      186.4845125
2017    2       1.97381438      231.4814625
2017    3       2.02027537      235.96165
2017    4       1.34083975      203.6137125
2017    5       2.07911825      238.703425
2017    6       2.004019        234.5102125
2017    7       1.84313975      223.443975
2017    8       0.50991578      106.90729625
2017    9       0.68689075      136.245575
2017    10      1.03692878      177.146525
2017    11      1.61293212      213.827675
2017    12      1.26069566      190.1271375
2017    13      0.77255029      140.3245375
2017    14      0.93358056      158.0902875
2017    15      0.98305208      166.6605625
2017    16      1.65460602      208.3354875
2017    17      1.24965933      183.6445625
2017    18      1.4086115       200.93775
2017    19      1.269246        194.108125
2017    20      1.28933362      197.0366625
2017    21      1.06504531      176.84875
2017    22      0.80062339      151.2500875
2017    23      0.91072629      166.2282875
2017    24      1.82546762      233.6350625
2017    25      0.90898085      160.6362375
2017    26      1.569229        211.4435125
2017    27      1.04675039      175.5418125
2017    28      0.82589702      156.173875
2017    29      1.0011312       175.8851
2017    30      1.2686085       198.7211625
2017    31      2.22719687      242.4547
2018    1       0.99971021      165.8535625
2018    2       0.81926616      148.558625
2018    3       1.06298735      176.8489
2018    4       1.52414875      211.954675
2018    5       2.17530825      242.003225
2018    6       1.562463        214.2296625
2018    7       1.06210991      179.0116625
2018    8       1.2174205       194.9627
2018    9       1.62322         217.6881375
2018    10      1.38202388      201.7137125
2018    11      1.36615725      197.46905
2018    12      1.92704212      226.716325
2018    13      2.16211862      238.2755625
2018    14      1.22784012      190.14815
2018    15      1.669696        219.11565
2018    16      1.96474         233.3656375
2018    17      2.40881788      245.7548625
2018    18      1.81954325      219.9241375
2018    19      1.49720325      209.2941
2018    20      2.36066912      245.9009875
2018    21      2.22932         241.9518375
2018    22      2.5125445       250.5338875
2018    23      2.48522212      250.4845875
2018    24      2.536444        251.437225
2018    25      1.98669238      236.156925
2018    26      1.97362088      232.15785
2018    27      1.8386555       226.70045
2018    28      1.75519675      226.553075
2018    29      1.34292262      201.2574125
2018    30      1.84761975      231.588775
2018    31      1.5586452       211.6147125
