####################################################################################################
# Month: 03Mar                                                                                     #
# Station: OVRO                                                                                    #
# Columns are: year    day     windspeed (m/s)                                                     #
####################################################################################################
2009    1       11.45704575
2009    2       16.371212
2009    3       17.14869013
2009    4       15.37287788
2009    5       6.38071438
2009    6       5.52148762
2009    7       5.791338
2009    8       3.83250112
2009    9       13.15236738
2009    10      3.54520975
2009    11      3.07937462
2009    12      4.5255005
2009    13      5.331901
2009    14      4.56640275
2009    15      5.78811262
2009    16      5.6202905
2009    17      4.74601
2009    18      1.21272988
2009    19      3.52906712
2009    20      2.77638975
2009    21      6.74204462
2009    22      16.38911125
2009    23      9.595543
2009    24      6.33542512
2009    25      7.37760588
2009    26      13.25951762
2009    27      7.71105238
2009    28      3.43551538
2009    29      13.81519388
2009    30      8.34318512
2009    31      4.41601475
