####################################################################################################
# Month: 10Oct                                                                                     #
# Station: GARS                                                                                    #
# Columns are: year    day     windspeed (m/s)                                                     #
####################################################################################################
2009    1       19.07089662
2009    2       16.89524425
2009    3       14.84412275
2009    4       18.359953
2009    5       18.15573688
2009    6       20.32081388
2009    7       26.71691087
2009    8       11.31549188
2009    9       16.3215115
2009    10      12.580886
2009    11      6.10537
2009    12      6.81070075
2009    13      12.4480585
2009    14      8.37438675
2009    15      16.54200413
2009    16      10.83408012
2009    17      9.89227113
2009    18      9.32218437
2009    19      10.61360387
2009    20      6.93926363
2009    21      12.152938
2009    22      8.73695412
2009    23      20.03442537
