####################################################################################################
# Month: 09Sep                                                                                     #
# Station: GLT                                                                                     #
# Columns are: year    day     windspeed (m/s)                                                     #
####################################################################################################
2009    1       3.22687325
2009    2       3.042282
2009    3       3.64605775
2009    4       3.70958325
2009    5       8.17464838
2009    6       15.46671138
2009    7       8.09825588
2009    8       6.90791175
2009    9       5.23658362
2009    10      7.69325575
2009    11      12.43596275
2009    12      7.613163
2009    13      3.5586175
2009    14      5.4803945
2009    15      9.01143575
2009    16      10.25460062
2009    17      15.34759662
2009    18      10.82630887
2009    19      3.62490212
2009    20      9.70010112
2009    21      12.00273188
2009    22      6.39644662
2009    23      4.40856562
2009    24      3.68811638
2009    25      4.8305275
2009    26      3.79533013
2009    27      7.76211725
2009    28      5.543051
2009    29      6.2590455
2009    30      1.6456505
