####################################################################################################
# Month: 06Jun                                                                                     #
# Station: SGO                                                                                     #
# Columns are: year    day     windspeed (m/s)                                                     #
####################################################################################################
2009    1       6.32091962
2009    2       4.56699025
2009    3       9.86109225
2009    4       13.76463462
2009    5       7.40536862
2009    6       11.20935
2009    7       17.82044625
2009    8       10.043957
2009    9       4.33813825
2009    10      7.814068
2009    11      5.87727975
2009    12      3.19607312
2009    13      13.42152212
2009    14      22.2769775
2009    15      12.0646985
2009    16      12.31002388
2009    17      17.88503238
2009    18      19.02995438
2009    19      23.55618262
2009    20      20.20511362
2009    21      10.56127175
2009    22      8.88300888
2009    23      3.8687185
2009    24      6.57903125
2009    25      12.1322485
2009    26      12.26550225
2009    27      18.97571788
2009    28      18.3727385
2009    29      10.73016325
2009    30      15.87308962
