####################################################################################################
# Month: 03Mar                                                                                     #
# Station: SMT                                                                                     #
# Columns are: year    day     RH (percent)                                                        #
####################################################################################################
9       1       0.09261462
9       2       0.03788
9       3       0.16686288
9       4       0.50286875
9       5       0.47459212
9       6       0.71525325
9       7       0.48804775
9       8       0.19055425
9       9       0.80994525
9       10      0.27516138
9       11      0.64944388
9       12      0.70851638
9       13      0.678726
9       14      0.72802962
9       15      0.38676762
9       16      0.18799688
9       17      0.1889355
9       18      0.11991362
9       19      0.129573
9       20      0.3472655
9       21      0.33993788
9       22      0.3442785
9       23      0.09979362
9       24      0.07620238
9       25      0.1513275
9       26      0.31320037
9       27      0.24477762
9       28      0.15352562
9       29      0.160004
9       30      0.28335337
9       31      0.12675675
