####################################################################################################
# Month: 04Apr                                                                                     #
# Station: TRL                                                                                     #
# Columns are: year    day     segment         RH (percent)                                        #
####################################################################################################
9       1       0       0.975023
9       1       1       0.986631
9       1       2       0.901643
9       1       3       0.653045
9       1       4       0.591524
9       1       5       0.702965
9       1       6       0.674283
9       1       7       0.754681
9       2       0       1.077365
9       2       1       1.364686
9       2       2       1.354886
9       2       3       1.315676
9       2       4       1.274268
9       2       5       1.242783
9       2       6       1.424729
9       2       7       1.491675
9       3       0       1.492551
9       3       1       1.518076
9       3       2       1.569887
9       3       3       1.568573
9       3       4       1.494433
9       3       5       1.564253
9       3       6       1.846638
9       3       7       1.995502
9       4       0       1.765367
9       4       1       1.672186
9       4       2       1.562524
9       4       3       1.257733
9       4       4       1.416657
9       4       5       1.313488
9       4       6       1.148556
9       4       7       1.1202
9       5       0       1.021772
9       5       1       1.021268
9       5       2       0.983472
9       5       3       0.822471
9       5       4       0.992409
9       5       5       1.06163
9       5       6       1.041933
9       5       7       1.041698
9       6       0       1.048213
9       6       1       1.042274
9       6       2       1.027352
9       6       3       1.046403
9       6       4       1.222181
9       6       5       1.205284
9       6       6       0.870519
9       6       7       0.754001
9       7       0       1.016074
9       7       1       1.235766
9       7       2       1.335404
9       7       3       1.295299
9       7       4       1.136839
9       7       5       1.000951
9       7       6       1.07134
9       7       7       1.18606
9       8       0       1.091855
9       8       1       0.90969
9       8       2       0.795091
9       8       3       0.887399
9       8       4       1.143944
9       8       5       1.324932
9       8       6       1.125078
9       8       7       0.957008
9       9       0       0.990839
9       9       1       1.028541
9       9       2       0.933394
9       9       3       0.842277
9       9       4       0.951912
9       9       5       1.060356
9       9       6       1.067255
9       9       7       1.140666
9       10      0       1.30423
9       10      1       1.376679
9       10      2       1.366559
9       10      3       1.401258
9       10      4       1.409932
9       10      5       1.314926
9       10      6       1.070748
9       10      7       0.84738
9       11      0       0.682113
9       11      1       0.463943
9       11      2       0.118714
9       11      3       -0.040124
9       11      4       -0.094232
9       11      5       -0.223564
9       11      6       -0.311596
9       11      7       -0.20207
9       12      0       0.187452
9       12      1       0.250334
9       12      2       0.242489
9       12      3       0.532888
9       12      4       1.241297
9       12      5       1.748367
9       12      6       1.741035
9       12      7       1.696443
9       13      0       0.495995
9       13      1       0.122324
9       13      2       0.708603
9       13      3       1.119899
9       13      4       0.364387
9       13      5       -0.630432
9       13      6       -0.145746
9       13      7       0.333687
9       14      0       0.728896
9       14      1       0.110726
9       14      2       0.332498
9       14      3       0.503634
9       14      4       0.572678
9       14      5       0.472007
9       14      6       0.446122
9       14      7       0.424526
9       15      0       0.507083
9       15      1       0.478858
9       15      2       0.663285
9       15      3       1.056336
9       15      4       1.65254
9       15      5       2.068739
9       15      6       2.129051
9       15      7       2.265073
9       16      0       1.977692
9       16      1       1.324336
9       16      2       1.013716
9       16      3       1.034848
9       16      4       0.991618
9       16      5       1.007871
9       16      6       0.992991
9       16      7       0.987453
9       17      0       0.999958
9       17      1       1.046335
9       17      2       1.032899
9       17      3       0.981655
9       17      4       0.921028
9       17      5       0.819844
9       17      6       0.619652
9       17      7       0.543601
9       18      0       0.825832
9       18      1       1.142213
9       18      2       1.385314
9       18      3       1.619242
9       18      4       1.763794
9       18      5       1.585286
9       18      6       1.195549
9       18      7       0.588112
9       19      0       0.471575
9       19      1       0.915925
9       19      2       1.238692
9       19      3       1.415902
9       19      4       1.57258
9       19      5       1.894619
9       19      6       1.921248
9       19      7       1.58219
9       20      0       1.522275
9       20      1       1.394077
9       20      2       1.090655
9       20      3       0.99686
9       20      4       0.99341
9       20      5       1.003447
9       20      6       0.94882
9       20      7       0.772376
9       21      0       0.379095
9       21      1       0.308644
9       21      2       0.35125
9       21      3       0.468222
9       21      4       -0.124374
9       21      5       0.022986
9       21      6       0.939464
9       21      7       1.484687
9       22      0       1.318206
9       22      1       1.038518
9       22      2       1.117357
9       22      3       1.205807
9       22      4       0.962672
9       22      5       0.791729
9       22      6       0.996222
9       22      7       1.052313
9       23      0       0.978874
9       23      1       0.995688
9       23      2       1.031195
9       23      3       1.009691
9       23      4       1.034861
9       23      5       1.135369
9       23      6       1.400146
9       23      7       1.703976
9       24      0       1.766961
9       24      1       1.066486
9       24      2       0.234853
9       24      3       -0.380835
9       24      4       -0.78868
9       24      5       -1.090549
9       24      6       -1.049679
9       24      7       -0.824654
9       25      0       -0.505213
9       25      1       -0.132681
9       25      2       0.392514
9       25      3       0.458811
9       25      4       0.281894
9       25      5       0.225799
9       25      6       0.354299
9       25      7       0.334194
9       26      0       0.573038
9       26      1       1.643973
9       26      2       2.033225
9       26      3       1.019465
9       26      4       0.942789
9       26      5       0.944261
9       26      6       1.007191
9       26      7       1.011198
9       27      0       1.005537
9       27      1       1.006063
9       27      2       1.015642
9       27      3       1.027025
9       27      4       0.997817
9       27      5       0.848096
9       27      6       1.187383
9       27      7       1.150469
9       28      0       1.0132
9       28      1       1.124901
9       28      2       1.145397
9       28      3       1.057612
9       28      4       0.82939
9       28      5       0.384687
9       28      6       -0.196617
9       28      7       0.674645
9       29      0       1.024919
9       29      1       1.056705
9       29      2       1.077292
9       29      3       1.038667
9       29      4       1.062315
9       29      5       0.961413
9       29      6       1.101075
9       29      7       1.214044
9       30      0       1.733497
9       30      1       1.622584
9       30      2       0.922143
9       30      3       1.044038
9       30      4       0.942715
9       30      5       0.780928
9       30      6       -0.185526
9       30      7       -0.675994
