####################################################################################################
# Month: 05May                                                                                     #
# Station: YAN                                                                                     #
# Frequency: 345 GHz                                                                               #
# Columns are: year    day     tau     Tb (K)                                                      #
####################################################################################################
2009    1       0.99049579      168.1389
2009    2       0.72918856      136.8053875
2009    3       0.79866502      147.505375
2009    4       0.34916734      81.0729425
2009    5       0.2744588       67.20351375
2009    6       0.39472902      90.1405725
2009    7       0.39364088      89.13671625
2009    8       0.56550972      116.22876
2009    9       0.87542836      156.276625
2009    10      0.65280794      127.9459125
2009    11      0.58787738      117.4255725
2009    12      0.70911958      135.5077375
2009    13      0.60602377      121.671475
2009    14      0.37482494      84.35509375
2009    15      0.47981005      104.33219875
2009    16      0.32735895      75.4092725
2009    17      0.70265995      136.2386375
2009    18      0.97125058      164.1163625
2009    19      0.96743346      164.6099
2009    20      0.7439418       141.1029
2009    21      0.70561058      136.9784875
2009    22      0.65719728      130.6281125
2009    23      0.51977636      110.640705
2009    24      0.76625699      142.7770625
2009    25      0.80721625      149.1304
2009    26      0.97002062      166.7958125
2009    27      0.63256239      125.6817
2009    28      0.36362159      84.30764625
2009    29      0.22955114      58.84914125
2009    30      0.24082239      61.03243375
2009    31      0.23388379      60.04471375
2010    1       0.90728624      160.23955
2010    2       0.29459891      71.97828375
2010    3       0.10103212      30.988865
2010    4       0.41469585      83.9008225
2010    5       0.79508399      149.147825
2010    6       0.92882621      164.7738375
2010    7       0.92096231      160.913975
2010    8       1.15264357      182.8888
2010    9       0.61820702      120.86760375
2010    10      0.79475402      144.8753375
2010    11      0.66122305      130.9554875
2010    12      0.57106581      115.74498375
2010    13      0.81858244      149.3183375
2010    14      0.66804275      130.8953
2010    15      0.71542314      137.61615
2010    16      0.65942816      127.731775
2010    17      0.48363449      103.90251
2010    18      0.71345434      136.44528125
2010    19      1.09814545      177.9514375
2010    20      1.19401774      185.3969125
2010    21      0.97833304      167.9077375
2010    22      0.51890264      110.12519625
2010    23      0.20591237      54.22707125
2010    24      0.16646725      45.28646625
2010    25      0.54937583      113.46560875
2010    26      0.825418        149.761725
2010    27      1.10357402      176.8346375
2010    28      0.69055772      133.9589375
2010    29      0.52728694      110.33746
2010    30      0.78155981      146.268875
2010    31      0.68280276      132.2992875
2011    1       0.33442281      75.7962025
2011    2       0.82518786      150.5812
2011    3       0.74264704      139.7109875
2011    4       0.53440675      111.9393925
2011    5       0.74772119      140.8050125
2011    6       0.45757319      97.8512775
2011    7       0.61847206      121.478885
2011    8       0.63067984      123.732665
2011    9       0.9309842       160.6521875
2011    10      0.97488132      164.9937875
2011    11      0.43100029      96.1412975
2011    12      0.83352614      153.3662375
2011    13      0.88509012      158.430725
2011    14      0.67269988      131.18969875
2011    15      0.86339044      155.6221375
2011    16      0.46560665      101.42345125
2011    17      0.13869172      39.69429875
2011    18      0.13574878      39.0993325
2011    19      0.29185034      70.87668625
2011    20      0.36446386      85.24561
2011    21      0.43317095      92.840785
2011    22      0.92237211      160.7420125
2011    23      1.06219104      174.1924625
2011    24      0.79750991      146.92095
2011    25      0.77013568      143.4252
2011    26      0.38765644      85.1646775
2011    27      0.55332704      115.20272125
2011    28      0.4432698       98.823865
2011    29      0.14103119      39.92944625
2011    30      0.16142041      43.9586125
2011    31      0.17168716      46.2602875
2012    1       1.03672502      172.02205
2012    2       0.86406959      152.6147625
2012    3       0.64842939      128.2256875
2012    4       0.5534046       115.19887875
2012    5       0.73913926      141.0822875
2012    6       0.86187546      154.1575375
2012    7       0.56982117      116.92588625
2012    8       0.52949471      111.963655
2012    9       0.91047376      160.500125
2012    10      0.56004211      112.5416275
2012    11      0.46163366      101.7571775
2012    12      0.35761404      83.7800875
2012    13      0.34366846      81.10076
2012    14      0.18346276      49.0632875
2012    15      0.29867018      71.8449275
2012    16      0.37515439      86.06808
2012    17      0.23928552      60.82821625
2012    18      0.28365565      69.80749375
2012    19      0.24608926      62.48427625
2012    20      0.33775506      78.1606375
2012    21      0.66499707      126.77834125
2012    22      0.76082215      140.29751125
2012    23      0.52221378      109.74711
2012    24      0.62380494      125.14605
2012    25      0.33744274      79.20256
2012    26      0.14773854      41.3946125
2012    27      0.21553729      55.63290125
2012    28      0.3649477       82.0643275
2012    29      0.3092584       73.7506575
2012    30      0.39281644      88.71167625
2012    31      0.34571646      77.86777
2013    1       0.90616204      156.1442125
2013    2       0.8478407       149.78305
2013    3       0.63672359      126.1777125
2013    4       0.75539886      141.1870375
2013    5       0.74137464      140.4330625
2013    6       0.67930179      130.871015
2013    7       1.1520305       182.1539
2013    8       0.91880029      159.86615
2013    9       0.58276149      118.4714475
2013    10      0.32740362      76.11158
2013    11      0.39514325      89.41487125
2013    12      0.55365383      115.0892725
2013    13      0.55819725      112.4384125
2013    14      1.1242004       179.85735
2013    15      0.89918254      158.5398625
2013    16      1.24517737      189.6671
2013    17      1.3016          194.220225
2013    18      1.20166762      186.59375
2013    19      1.09462702      177.8699625
2013    20      0.84373771      151.532225
2013    21      0.78577674      145.5338375
2013    22      1.03377935      172.1220875
2013    23      1.06978468      174.3390875
2013    24      0.92861726      161.4657625
2013    25      0.67898564      133.316875
2013    26      0.22668633      58.41763625
2013    27      0.13758115      38.82313
2013    28      0.17732896      47.530195
2013    29      0.14497274      40.7808825
2013    30      0.19435408      49.1319075
2013    31      0.70896044      135.07174
2014    1       0.24646994      61.6099175
2014    2       0.55820231      108.04372375
2014    3       1.1961111       187.022375
2014    4       1.31995138      196.025925
2014    5       0.83548004      151.4391375
2014    6       0.76239301      141.487675
2014    7       1.10055788      177.6728625
2014    8       1.00073134      168.1001
2014    9       0.77451588      143.9291875
2014    10      0.51895011      110.43505125
2014    11      0.48331941      105.61249625
2014    12      0.47441509      102.10320625
2014    13      0.50415576      107.1240375
2014    14      0.47092001      101.618085
2014    15      0.33825905      79.400995
2014    16      0.36151114      84.26096875
2014    17      0.25034575      62.31892375
2014    18      1.03517319      171.6340125
2014    19      0.78648864      146.4501875
2014    20      1.02005322      170.3047125
2014    21      0.57370931      117.1789875
2014    22      0.4075862       92.06271875
2014    23      0.24187774      61.90755375
2014    24      0.07984831      26.14375875
2014    25      0.05963635      21.10481875
2014    26      0.23976474      59.8108325
2014    27      0.5901428       121.58901
2014    28      0.9025207       159.5014375
2014    29      0.70651301      134.50735
2014    30      0.38831809      86.26312375
2014    31      0.25496736      63.72708625
2015    1       0.84611251      153.319325
2015    2       0.38569275      86.60134625
2015    3       0.24587155      62.52062375
2015    4       0.27762849      69.03400875
2015    5       0.51243984      101.38076125
2015    6       1.16986655      184.6125625
2015    7       1.13078685      180.467275
2015    8       1.09618145      179.079875
2015    9       0.69900709      136.5734125
2015    10      0.5907509       117.9977375
2015    11      1.0167626       170.7634625
2015    12      0.89952065      158.1232625
2015    13      0.64643202      126.08675
2015    14      0.4221972       94.860625
2015    15      0.38308675      86.21616375
2015    16      0.54331488      111.56534
2015    17      0.50634094      106.54931125
2015    18      0.68148049      130.1628625
2015    19      1.03695455      171.5448125
2015    20      1.06169631      173.2977625
2015    21      0.59376134      120.412975
2015    22      0.13542051      38.74584625
2015    23      0.20290819      53.075715
2015    24      0.61745912      115.36706375
2015    25      1.1571335       182.1780375
2015    26      0.75764525      138.92378875
2015    27      0.33739699      80.28559625
2015    28      0.79845438      139.1985325
2015    29      1.03028306      170.5169625
2015    30      0.83256131      148.6878
2015    31      0.72647026      137.9416375
2016    1       0.81893592      150.332475
2016    2       0.76454068      142.4920875
2016    3       0.64362421      128.6741375
2016    4       0.46608555      102.94884375
2016    5       0.43363309      96.97824
2016    6       0.69797482      134.378325
2016    7       0.40867868      92.36297
2016    8       0.34284567      81.16051
2016    9       0.30859825      74.95815
2016    10      0.29204006      72.222475
2016    11      0.32934646      78.5497925
2016    12      0.94437082      158.2319975
2016    13      0.92519146      162.425625
2016    14      1.07423141      175.2080375
2016    15      0.92157626      160.09585
2016    16      0.71588536      136.9182625
2016    17      0.84479568      150.85965
2016    18      0.28456059      69.11154875
2016    19      0.18738022      49.2473175
2016    20      0.34219824      75.90178625
2016    21      0.78359159      145.8499625
2016    22      1.04754829      172.075125
2016    23      1.16027209      182.524475
2016    24      1.22714288      188.367225
2016    25      0.58580295      119.5211425
2016    26      0.23231516      58.2384575
2016    27      0.19902661      50.90114875
2016    28      0.26868431      66.5517625
2016    29      0.33538431      78.8024775
2016    30      0.18341009      48.08753875
2016    31      0.15726415      43.45116625
2017    1       0.8438982       153.202125
2017    2       0.87043038      155.8254375
2017    3       0.57760358      119.09202
2017    4       0.80341134      148.7049
2017    5       1.11357762      178.5956375
2017    6       1.0938222       177.7093125
2017    7       0.88009679      158.1515375
2017    8       0.68230142      134.522375
2017    9       0.88910599      156.2157125
2017    10      0.96993054      165.2096125
2017    11      0.85321885      154.19105
2017    12      0.5191134       110.65574875
2017    13      0.80353509      147.4374625
2017    14      0.48981851      100.63335875
2017    15      0.99156529      167.947225
2017    16      1.00728786      169.9483625
2017    17      0.85218086      152.16925
2017    18      0.35559445      82.6346225
2017    19      0.27502735      67.9714875
2017    20      0.34350412      79.5232325
2017    21      0.87387798      151.3916875
2017    22      0.97744876      166.918475
2017    23      0.94576586      163.996725
2017    24      0.68305382      131.1181775
2017    25      0.70474815      133.87641625
2017    26      0.84709614      151.6921875
2017    27      0.95069418      159.5998125
2017    28      1.235253        188.8610875
2017    29      1.16393285      183.8352625
2017    30      0.99780095      169.041775
2017    31      0.74949269      141.4704875
2018    1       1.0717862       175.0016
2018    2       0.80833554      148.4801625
2018    3       0.82449202      151.2900125
2018    4       0.6010313       121.039255
2018    5       1.06712939      173.6998625
2018    6       0.78748371      144.4091
2018    7       1.01532456      169.6748625
2018    8       1.1609605       182.61825
2018    9       1.05835866      173.052225
2018    10      0.51021871      107.8815475
2018    11      0.46096911      101.4434075
2018    12      0.55486574      116.753985
2018    13      0.21111768      55.4363075
2018    14      0.34821819      80.3665075
2018    15      0.4507721       99.77055
2018    16      0.36771791      84.1730025
2018    17      0.54869633      115.504595
2018    18      0.35342352      83.53979625
2018    19      0.39935304      84.60770875
2018    20      0.49719255      106.77917875
2018    21      0.40596898      90.86206875
2018    22      0.37691494      87.94931875
2018    23      0.34752624      82.34344625
2018    24      0.56014834      113.88843
2018    25      0.47520256      100.852505
2018    26      0.35489871      83.23530375
2018    27      0.37305508      86.8339075
2018    28      0.5191838       110.08036875
2018    29      0.13915984      40.00382875
2018    30      0.1500112       42.26147875
2018    31      0.12743973      37.15465875
