####################################################################################################
# Month: 05May                                                                                     #
# Station: YAN                                                                                     #
# Columns are: year    day     RH (percent)                                                        #
####################################################################################################
9       1       0.75081438
9       2       0.6893865
9       3       0.66739412
9       4       0.40178325
9       5       0.24450175
9       6       0.37948112
9       7       0.41037125
9       8       0.54422788
9       9       0.77809388
9       10      0.62740738
9       11      0.51471287
9       12      0.67892675
9       13      0.56987287
9       14      0.33585038
9       15      0.55761425
9       16      0.25038375
9       17      0.53342025
9       18      0.76272025
9       19      0.82331162
9       20      0.82035713
9       21      0.79338412
9       22      0.72649838
9       23      0.59750275
9       24      0.72626262
9       25      0.82460725
9       26      0.82962512
9       27      0.36862838
9       28      0.43060038
9       29      0.27936375
9       30      0.23960075
9       31      0.19801588
