####################################################################################################
# Month: 10Oct                                                                                     #
# Station: SKS                                                                                     #
# Frequency: 230 GHz                                                                               #
# Columns are: year    day     tau     Tb (K)                                                      #
####################################################################################################
2009    1       0.25504136      65.42016
2009    2       0.33553476      79.83401125
2009    3       0.67183732      135.31169625
2009    4       0.55875715      119.916925
2009    5       0.46696072      101.5542775
2009    6       0.33049644      80.248805
2009    7       0.17100078      47.31859375
2009    8       0.29785831      74.57955125
2009    9       0.26821379      68.7348075
2009    10      0.25195718      65.44107625
2009    11      0.24892999      64.68651625
2009    12      0.25910349      66.49217375
2009    13      0.73251201      140.04892
2009    14      0.29268202      71.93725
2009    15      0.59572619      122.85086625
2009    16      0.72193572      142.821425
2009    17      0.82796769      153.8621125
2009    18      0.76194639      147.7163875
2009    19      0.4331164       98.8845775
2009    20      0.36382465      84.79184
2009    21      0.15497666      42.5566225
2009    22      0.26702644      65.79533875
2009    23      0.32284199      78.4408025
2009    24      0.99006171      169.3588
2009    25      0.81733216      153.2490875
2009    26      1.06128434      174.079575
2009    27      1.1172326       181.4079875
2009    28      1.06998829      178.984925
2009    29      0.63949515      128.2024625
2009    30      0.54944081      113.85858625
2009    31      0.95359169      164.68375
2010    1       0.38325992      91.02141375
2010    2       0.4310028       96.7680125
2010    3       0.44655544      101.64271375
2010    4       0.46598391      104.14288
2010    5       0.5474174       118.3955875
2010    6       0.77487746      149.4078125
2010    7       1.0450307       177.4363875
2010    8       0.49631611      108.72738
2010    9       0.53644459      114.687475
2010    10      1.34485845      196.14785
2010    11      0.66319782      131.12593875
2010    12      0.94666936      169.693725
2010    13      0.97924772      172.881875
2010    14      0.78264061      146.46193875
2010    15      0.70048421      137.6895375
2010    16      0.61635752      126.25859125
2010    17      0.71740258      137.18909375
2010    18      1.02443304      177.2073375
2010    19      0.3097905       74.566295
2010    20      0.63916375      125.11047625
2010    21      0.29808996      73.831485
2010    22      0.68011331      136.1288
2010    23      0.19997522      52.64151375
2010    24      0.13390218      38.14544
2010    25      0.49824929      103.5682775
2010    26      1.03930796      177.7505
2010    27      1.09386882      182.51805
2010    28      0.68485948      131.95191875
2010    29      0.45858995      97.274815
2010    30      0.09118516      27.56154625
2010    31      0.09525804      28.604105
2011    1       0.41144058      91.84617125
2011    2       0.57214619      117.20652
2011    3       0.63156082      129.8837125
2011    4       0.51787688      112.9745875
2011    5       0.5921399       124.6236875
2011    6       0.52536138      114.915825
2011    7       0.49913213      110.22692
2011    8       0.84485405      151.93755
2011    9       1.10286144      179.96315
2011    10      0.93562326      162.7359625
2011    11      0.77475529      146.5069625
2011    12      0.62959647      128.12758125
2011    13      0.40575619      94.10292625
2011    14      0.32746534      79.302605
2011    15      0.48047085      105.45784125
2011    16      0.81652061      149.86345
2011    17      1.06055749      166.48819625
2011    18      0.23590936      59.09735625
2011    19      0.05332641      18.3732325
2011    20      0.04798995      16.70891625
2011    21      0.11725302      32.93620875
2011    22      0.14236118      39.4286225
2011    23      0.36576778      81.15151375
2011    24      0.54966172      114.90734625
2011    25      0.76801661      142.17323125
2011    26      0.33658011      79.51547
2011    27      0.23359551      59.70100875
2011    28      0.14237574      39.10164125
2011    29      0.14811862      40.93892125
2011    30      0.07745296      24.399865
2011    31      0.14709353      39.11593375
2012    1       0.37319305      89.5368225
2012    2       0.41883055      96.76643375
2012    3       0.53017489      113.2354
2012    4       0.55184344      116.77657625
2012    5       0.49870738      108.79751875
2012    6       0.31005018      76.6555
2012    7       0.30141858      75.047
2012    8       0.4429747       94.16088875
2012    9       0.96179192      169.204475
2012    10      0.7241506       141.582425
2012    11      0.686901        137.4952125
2012    12      0.5641174       120.3057125
2012    13      0.73019099      143.8188
2012    14      0.58599144      124.4258375
2012    15      0.67776462      136.333325
2012    16      0.63296279      131.90485
2012    17      0.55448044      119.2399
2012    18      0.61123364      127.633375
2012    19      0.4821597       107.83530625
2012    20      0.2926067       73.3954625
2012    21      0.48193715      101.8642075
2012    22      0.92119288      163.1592125
2012    23      1.11395705      177.120925
2012    24      1.15471359      185.48065
2012    25      0.85130376      154.15379875
2012    26      0.27472943      68.91557375
2012    27      0.69405141      138.719425
2012    28      0.58081151      122.5606425
2012    29      0.5532324       118.28052375
2012    30      0.20675728      51.9433325
2012    31      0.44053112      95.70936375
2013    1       0.85510925      156.3176
2013    2       0.63687309      131.848725
2013    3       0.73909968      142.469225
2013    4       0.50429365      110.718745
2013    5       0.20438496      52.255835
2013    6       0.30003862      72.162335
2013    7       0.39157095      89.375395
2013    8       0.5178965       111.3461
2013    9       0.52975936      113.49766875
2013    10      0.63512524      131.6476
2013    11      0.64464101      133.2651125
2013    12      0.57072372      121.35313125
2013    13      0.48319776      108.6004925
2013    14      0.44053676      101.380115
2013    15      0.4896465       109.093475
2013    16      0.74850334      142.34135
2013    17      0.49355762      103.30846
2013    18      0.28351171      70.64232375
2013    19      0.15406574      42.497955
2013    20      0.1591821       42.78976625
2013    21      0.20514881      53.04484875
2013    22      0.20380826      53.09151875
2013    23      0.24680191      63.253425
2013    24      0.22453142      58.83924
2013    25      0.11000058      32.45767875
2013    26      0.10221187      30.7044425
2013    27      0.08022655      25.32452
2013    28      0.14910856      41.5535725
2013    29      0.20180102      52.53273625
2013    30      0.35406132      83.66154625
2013    31      0.24580521      62.6407825
2014    1       0.1250872       36.17288875
2014    2       0.0948625       29.141445
2014    3       0.28037683      67.70868375
2014    4       0.70115914      140.4651
2014    5       0.73230646      143.5885875
2014    6       0.6122142       126.7288
2014    7       0.46041326      103.1919025
2014    8       0.56181082      117.6008125
2014    9       0.60437122      124.5766
2014    10      0.37429698      88.59382125
2014    11      0.2430184       62.6831725
2014    12      0.30090915      74.35256375
2014    13      0.27503946      68.4624475
2014    14      0.28503701      70.7393225
2014    15      0.46377352      103.20840625
2014    16      0.7011204       139.7828125
2014    17      0.50536159      111.35883625
2014    18      0.48161615      108.76435875
2014    19      0.22153618      54.21654375
2014    20      0.13604462      38.9304825
2014    21      0.14988941      42.2183775
2014    22      0.65316848      126.93869375
2014    23      0.70977062      138.32128625
2014    24      0.70963201      132.88424
2014    25      0.59448596      123.11233125
2014    26      0.9966891       172.3017125
2014    27      0.99127417      172.5652125
2014    28      1.18286795      188.3553375
2014    29      0.89915745      159.1702875
2014    30      0.78741692      147.5159625
2014    31      0.84530914      154.6363625
2015    1       0.41979046      97.35232125
2015    2       0.24296954      63.3619525
2015    3       0.20636501      55.18891875
2015    4       0.2632659       67.0237775
2015    5       0.61680182      126.02188875
2015    6       0.69873435      140.269725
2015    7       0.81990721      156.12175
2015    8       0.49555335      110.06143375
2015    9       0.60631838      125.87319375
2015    10      0.89331158      164.9982125
2015    11      0.9148119       167.1325
2015    12      0.34408214      81.22566125
2015    13      0.22427492      58.215585
2015    14      0.22283726      58.4639925
2015    15      0.23315946      60.7274525
2015    16      0.56702829      117.6814825
2015    17      0.91730414      165.9847375
2015    18      0.61685091      129.821625
2015    19      0.81623819      155.786175
2015    20      0.75948768      147.4746125
2015    21      1.03846407      174.4400875
2015    22      0.860124        159.12005
2015    23      1.08597122      178.103275
2015    24      0.97624406      169.928125
2015    25      0.98880474      165.56775
2015    26      0.14295058      39.76265625
2015    27      0.19122314      50.53117375
2015    28      0.13483046      38.01507375
2015    29      0.07306677      23.22629
2015    30      0.13019769      37.00745625
2015    31      0.40593354      91.36572
2016    1       0.18045674      49.55069125
2016    2       0.47389218      107.30080625
2016    3       0.63975471      131.855205
2016    4       0.28819991      73.38477625
2016    5       0.33329849      81.04162875
2016    6       0.51599259      113.63703375
2016    7       0.62397833      128.42128
2016    8       0.5238085       111.8281925
2016    9       0.33901373      82.0677975
2016    10      0.71435808      142.339325
2016    11      0.73145689      143.55785
2016    12      0.48183885      100.9467225
2016    13      0.20582762      54.4986825
2016    14      0.26028291      64.56162125
2016    15      0.4236209       98.66547625
2016    16      0.53613058      116.42577
2016    17      0.49850655      107.07068875
2016    18      0.24925272      63.98221
2016    19      0.1675579       46.05459875
2016    20      0.49925355      109.71516
2016    21      0.6596641       133.8639875
2016    22      0.68642312      137.164125
2016    23      0.6505647       133.2216625
2016    24      0.54270598      114.5962675
2016    25      0.11322943      33.42136
2016    26      0.22197115      58.482285
2016    27      0.68562152      134.77689375
2016    28      0.72594885      142.4906625
2016    29      0.60562279      125.324975
2016    30      0.619359        128.1262375
2016    31      1.24021966      187.46
2017    1       0.69919338      138.3362
2017    2       0.32944677      80.37556625
2017    3       0.41548446      95.9112075
2017    4       0.50869414      111.61692
2017    5       0.68721782      139.1692375
2017    6       1.00626919      175.891025
2017    7       0.74462654      144.4669475
2017    8       0.27312304      64.93536875
2017    9       0.22289229      57.96014
2017    10      0.29258101      72.8683825
2017    11      0.33934325      82.13022125
2017    12      0.26367194      65.81387375
2017    13      0.11141923      32.8756175
2017    14      0.22139244      57.7145125
2017    15      0.24065928      61.1796225
2017    16      0.50274812      111.29388875
2017    17      0.33593181      82.78125125
2017    18      0.33502979      81.8618525
2017    19      0.42601311      98.48733
2017    20      0.29117294      72.76837875
2017    21      0.33425469      79.66065875
2017    22      0.31910466      78.04470875
2017    23      0.42364284      84.89301125
2017    24      0.64529196      126.680965
2017    25      0.7515246       142.3169
2017    26      0.57290256      119.24032375
2017    27      0.63000946      127.54051875
2017    28      0.70915319      131.76696625
2017    29      0.59364356      117.30523
2017    30      0.54716139      113.16348625
2017    31      0.75622228      145.20005
2018    1       0.39663861      91.75570875
2018    2       0.2551223       65.02697
2018    3       0.8636598       158.38447
2018    4       0.87411219      161.796275
2018    5       0.88667138      162.9744875
2018    6       0.54260383      117.9674375
2018    7       0.54955971      119.5978375
2018    8       0.57149821      122.405175
2018    9       0.52162646      113.26415625
2018    10      0.31769161      77.637455
2018    11      0.34121731      81.241355
2018    12      0.78794518      143.38232375
2018    13      0.54660288      116.9126275
2018    14      0.65433306      133.3669875
2018    15      0.77570598      147.478275
2018    16      0.51515121      113.1446625
2018    17      0.39479382      92.03320875
2018    18      0.39554761      91.86836375
2018    19      0.66659726      134.394725
2018    20      0.77575842      148.4053375
2018    21      0.59053716      124.8884375
2018    22      0.78811856      149.7380375
2018    23      1.0491525       172.279375
2018    24      0.74894652      141.7755
2018    25      0.38203391      84.54083375
2018    26      0.1752678       47.22752625
2018    27      0.34450558      83.8043925
2018    28      0.17595258      47.50689
2018    29      0.3587804       85.2395825
2018    30      0.47518066      104.96327375
2018    31      0.77851984      150.085475
