####################################################################################################
# Month: 10Oct                                                                                     #
# Station: SKS                                                                                     #
# Columns are: year    day     windspeed (m/s)                                                     #
####################################################################################################
2009    1       2.08968238
2009    2       3.15871388
2009    3       11.4308795
2009    4       9.07556425
2009    5       6.72045438
2009    6       6.3792765
2009    7       5.92391
2009    8       5.282204
2009    9       4.92746513
2009    10      1.80757062
2009    11      2.52392375
2009    12      7.7652975
2009    13      20.18608512
2009    14      13.69047775
2009    15      12.74431725
2009    16      18.33708513
2009    17      17.65230925
2009    18      12.35230088
2009    19      11.29915338
2009    20      7.7323715
2009    21      10.10350438
2009    22      9.50019962
2009    23      3.96496575
