####################################################################################################
# Month: 05May                                                                                     #
# Station: ERB                                                                                     #
# Columns are: year    day     windspeed (m/s)                                                     #
####################################################################################################
2009    1       6.59407375
2009    2       5.21048362
2009    3       8.2805185
2009    4       6.1862985
2009    5       13.37086637
2009    6       7.80234175
2009    7       6.48503488
2009    8       7.37357512
2009    9       5.29662825
2009    10      2.766503
2009    11      4.136488
2009    12      7.20876462
2009    13      4.60913988
2009    14      2.00001412
2009    15      3.707232
2009    16      4.4766015
2009    17      4.07788837
2009    18      4.56293138
2009    19      3.73697638
2009    20      2.30864562
2009    21      6.9247265
2009    22      7.00051975
2009    23      5.164121
2009    24      7.13238262
2009    25      5.43671638
2009    26      9.09004825
2009    27      8.66277062
2009    28      8.57208225
2009    29      8.21053112
2009    30      2.24609862
2009    31      3.55663638
