####################################################################################################
# Month: 01Jan                                                                                     #
# Station: GLT                                                                                     #
# Columns are: year    day     windspeed (m/s)                                                     #
####################################################################################################
2009    1       15.78801225
2009    2       21.57281525
2009    3       9.63788325
2009    4       7.15040763
2009    5       6.53668275
2009    6       4.61748962
2009    7       9.49387225
2009    8       12.35644125
2009    9       14.146687
2009    10      5.97786912
2009    11      1.67463525
2009    12      1.8090525
2009    13      5.69553138
2009    14      2.3320105
2009    15      6.14597588
2009    16      12.0504465
2009    17      4.63691613
2009    18      5.13056812
2009    19      7.21938338
2009    20      5.64554238
2009    21      5.14634825
2009    22      5.234818
2009    23      3.62036688
2009    24      2.24669362
2009    25      6.31994962
2009    26      2.99260912
2009    27      1.02901963
2009    28      2.25433413
2009    29      3.035104
2009    30      8.32527
2009    31      9.411837
