####################################################################################################
# Month: 01Jan                                                                                     #
# Station: GLT                                                                                     #
# Columns are: year    day     segment         RH (percent)                                        #
####################################################################################################
9       1       0       0.953321
9       1       1       0.951499
9       1       2       0.991723
9       1       3       0.994132
9       1       4       0.987104
9       1       5       0.988342
9       1       6       0.988143
9       1       7       0.986407
9       2       0       0.946807
9       2       1       0.8911
9       2       2       0.649825
9       2       3       0.512193
9       2       4       0.754164
9       2       5       0.839541
9       2       6       0.862162
9       2       7       0.925167
9       3       0       0.977679
9       3       1       1.039681
9       3       2       0.998558
9       3       3       0.916537
9       3       4       0.805577
9       3       5       0.868957
9       3       6       0.871157
9       3       7       0.859638
9       4       0       0.803166
9       4       1       0.718355
9       4       2       0.674225
9       4       3       0.685737
9       4       4       0.762686
9       4       5       0.814446
9       4       6       0.878776
9       4       7       0.881977
9       5       0       0.846672
9       5       1       0.806358
9       5       2       0.817919
9       5       3       0.81017
9       5       4       0.734397
9       5       5       0.725758
9       5       6       0.688716
9       5       7       0.630186
9       6       0       0.618292
9       6       1       0.611045
9       6       2       0.623573
9       6       3       0.691072
9       6       4       0.755561
9       6       5       0.700682
9       6       6       0.683975
9       6       7       0.686457
9       7       0       0.622925
9       7       1       0.541529
9       7       2       0.510587
9       7       3       0.489007
9       7       4       0.461543
9       7       5       0.48037
9       7       6       0.508103
9       7       7       0.54395
9       8       0       0.433869
9       8       1       0.473072
9       8       2       0.483746
9       8       3       0.505191
9       8       4       0.527121
9       8       5       0.447786
9       8       6       0.405452
9       8       7       0.395682
9       9       0       0.372553
9       9       1       0.364633
9       9       2       0.37436
9       9       3       0.373037
9       9       4       0.333982
9       9       5       0.330552
9       9       6       0.313952
9       9       7       0.315199
9       10      0       0.334904
9       10      1       0.443381
9       10      2       0.446753
9       10      3       0.505667
9       10      4       0.550815
9       10      5       0.548528
9       10      6       0.596399
9       10      7       0.651792
9       11      0       0.7354
9       11      1       0.878121
9       11      2       0.974088
9       11      3       0.969233
9       11      4       0.948975
9       11      5       0.963196
9       11      6       0.951385
9       11      7       0.944088
9       12      0       0.890002
9       12      1       0.750588
9       12      2       0.652019
9       12      3       0.55162
9       12      4       0.501101
9       12      5       0.462771
9       12      6       0.445168
9       12      7       0.529581
9       13      0       0.523425
9       13      1       0.433578
9       13      2       0.358617
9       13      3       0.363954
9       13      4       0.462211
9       13      5       0.653874
9       13      6       0.86596
9       13      7       0.955963
9       14      0       0.928551
9       14      1       0.904804
9       14      2       0.869933
9       14      3       0.832772
9       14      4       0.829925
9       14      5       0.863292
9       14      6       0.916453
9       14      7       0.93093
9       15      0       0.921045
9       15      1       0.942949
9       15      2       0.944645
9       15      3       0.907868
9       15      4       0.919789
9       15      5       0.874483
9       15      6       0.700377
9       15      7       0.61697
9       16      0       0.61559
9       16      1       0.806566
9       16      2       0.952307
9       16      3       0.889651
9       16      4       0.948816
9       16      5       0.957067
9       16      6       0.979389
9       16      7       0.980711
9       17      0       0.940633
9       17      1       0.848976
9       17      2       0.711357
9       17      3       0.714678
9       17      4       0.773446
9       17      5       0.712269
9       17      6       0.620001
9       17      7       0.60049
9       18      0       0.517931
9       18      1       0.440145
9       18      2       0.359381
9       18      3       0.405985
9       18      4       0.583659
9       18      5       0.722054
9       18      6       0.841763
9       18      7       0.860963
9       19      0       0.738822
9       19      1       0.730265
9       19      2       0.793086
9       19      3       0.810643
9       19      4       0.920161
9       19      5       0.967798
9       19      6       0.968429
9       19      7       0.959836
9       20      0       0.980801
9       20      1       0.985362
9       20      2       0.972948
9       20      3       0.967319
9       20      4       0.962424
9       20      5       0.877571
9       20      6       0.606839
9       20      7       0.557708
9       21      0       0.598432
9       21      1       0.569671
9       21      2       0.522775
9       21      3       0.494032
9       21      4       0.430922
9       21      5       0.379761
9       21      6       0.351331
9       21      7       0.34526
9       22      0       0.35532
9       22      1       0.365242
9       22      2       0.363684
9       22      3       0.365002
9       22      4       0.351003
9       22      5       0.340833
9       22      6       0.342197
9       22      7       0.375075
9       23      0       0.349104
9       23      1       0.331879
9       23      2       0.359416
9       23      3       0.369121
9       23      4       0.363337
9       23      5       0.358467
9       23      6       0.339068
9       23      7       0.352242
9       24      0       0.379068
9       24      1       0.353024
9       24      2       0.348286
9       24      3       0.348084
9       24      4       0.339642
9       24      5       0.349664
9       24      6       0.395261
9       24      7       0.481391
9       25      0       0.492583
9       25      1       0.479245
9       25      2       0.461609
9       25      3       0.457603
9       25      4       0.495878
9       25      5       0.523272
9       25      6       0.522658
9       25      7       0.529943
9       26      0       0.539224
9       26      1       0.5214
9       26      2       0.467636
9       26      3       0.418607
9       26      4       0.427947
9       26      5       0.449449
9       26      6       0.467447
9       26      7       0.48996
9       27      0       0.51246
9       27      1       0.507786
9       27      2       0.468236
9       27      3       0.454907
9       27      4       0.456378
9       27      5       0.467964
9       27      6       0.486163
9       27      7       0.458086
9       28      0       0.457912
9       28      1       0.468948
9       28      2       0.423102
9       28      3       0.366593
9       28      4       0.363598
9       28      5       0.347437
9       28      6       0.312343
9       28      7       0.32312
9       29      0       0.374809
9       29      1       0.386402
9       29      2       0.353126
9       29      3       0.359242
9       29      4       0.351434
9       29      5       0.359624
9       29      6       0.432998
9       29      7       0.484659
9       30      0       0.573663
9       30      1       0.653719
9       30      2       0.725961
9       30      3       0.797749
9       30      4       0.799846
9       30      5       0.80268
9       30      6       0.796162
9       30      7       0.806547
9       31      0       0.873449
9       31      1       0.891499
9       31      2       0.909905
9       31      3       0.910333
9       31      4       0.908661
9       31      5       0.916457
9       31      6       0.985312
9       31      7       0.989929
