####################################################################################################
# Month: 08Aug                                                                                     #
# Station: DomeF                                                                                   #
# Frequency: 345 GHz                                                                               #
# Columns are: year    day     tau     Tb (K)                                                      #
####################################################################################################
2009    1       0.07331739      22.01297375
2009    2       0.06874939      21.09031625
2009    3       0.07389396      22.18945375
2009    4       0.07148066      21.642885
2009    5       0.06843139      20.97229625
2009    6       0.07977011      23.5044225
2009    7       0.08880309      25.515425
2009    8       0.08305566      24.26108
2009    9       0.06524033      20.29158875
2009    10      0.05915284      18.9116675
2009    11      0.07168285      21.7108025
2009    12      0.06393526      19.92096125
2009    13      0.0704731       21.36708625
2009    14      0.07683844      22.77339375
2009    15      0.06970645      21.1745875
2009    16      0.06426464      20.04278
2009    17      0.08215406      23.99441375
2009    18      0.08200297      24.1003125
2009    19      0.07609138      22.75113
2009    20      0.06737259      20.81219
2009    21      0.06905168      21.20116
2009    22      0.06930779      21.22154
2009    23      0.07545277      22.54441625
2009    24      0.06283142      19.7612225
2009    25      0.06538863      20.35869625
2009    26      0.07141444      21.60207375
2009    27      0.08129415      23.76797375
2009    28      0.08919747      25.54384
2009    29      0.07364232      22.15128625
2009    30      0.06908266      21.1485875
2009    31      0.07336323      22.02705375
2010    1       0.06438975      20.04648
2010    2       0.05644151      18.23989
2010    3       0.05771954      18.55523375
2010    4       0.06168833      19.401095
2010    5       0.06541771      20.25034125
2010    6       0.06439994      20.02593375
2010    7       0.06157186      19.40352125
2010    8       0.06396045      19.96174
2010    9       0.0597849       19.03318625
2010    10      0.06635776      20.51380375
2010    11      0.05950914      18.9459175
2010    12      0.05531509      17.9846125
2010    13      0.06480191      20.14043625
2010    14      0.07707543      22.9757975
2010    15      0.06788621      20.8895425
2010    16      0.05821459      18.77679
2010    17      0.06819233      20.90402875
2010    18      0.06751989      20.7503225
2010    19      0.06439517      20.04819625
2010    20      0.05966262      19.0388175
2010    21      0.06012246      19.16651
2010    22      0.06146426      19.55200375
2010    23      0.06585482      20.56499
2010    24      0.06694412      20.70848125
2010    25      0.06953645      21.24228375
2010    26      0.07476641      22.431775
2010    27      0.06870527      21.11870625
2010    28      0.07339094      22.13331125
2010    29      0.07965606      23.5009475
2010    30      0.0628045       19.71834
2010    31      0.06494912      20.20301625
2011    1       0.08225628      24.08079125
2011    2       0.07082654      21.40765125
2011    3       0.07523665      22.39358
2011    4       0.07068111      21.509885
2011    5       0.08940302      25.66695375
2011    6       0.07318209      22.089765
2011    7       0.09049175      25.912185
2011    8       0.13972245      36.5757925
2011    9       0.12092097      32.71690375
2011    10      0.06366865      20.24271875
2011    11      0.06537052      20.53958125
2011    12      0.07905533      23.3869275
2011    13      0.07717315      23.08345
2011    14      0.08525882      24.77468
2011    15      0.07949539      23.46345625
2011    16      0.07667616      22.94134875
2011    17      0.09353291      26.62283
2011    18      0.08727896      25.2272975
2011    19      0.07951386      23.50237875
2011    20      0.06972822      21.29224625
2011    21      0.0651402       20.2402675
2011    22      0.06868319      21.06950625
2011    23      0.07054689      21.5125675
2011    24      0.07520272      22.5664625
2011    25      0.07993999      23.62336875
2011    26      0.07717249      23.04839875
2011    27      0.0705466       21.6266175
2011    28      0.08622684      25.07948125
2011    29      0.09519986      26.9504175
2011    30      0.07143899      21.6407075
2011    31      0.07324734      22.03712125
2012    1       0.06403379      19.98906375
2012    2       0.06439215      20.11775625
2012    3       0.0777994       23.04637875
2012    4       0.07944736      23.42267125
2012    5       0.06931186      21.124515
2012    6       0.07029602      21.4030775
2012    7       0.06731353      20.79841875
2012    8       0.0896728       25.77544125
2012    9       0.08123665      23.94768
2012    10      0.07410119      22.38961375
2012    11      0.07932557      23.50575
2012    12      0.07840677      23.25473375
2012    13      0.07566807      22.63843375
2012    14      0.07053154      21.49768375
2012    15      0.06943578      21.28024375
2012    16      0.0653528       20.3441925
2012    17      0.07701917      22.94511875
2012    18      0.07804729      23.22446
2012    19      0.08233974      24.17742875
2012    20      0.06412029      20.1140075
2012    21      0.05925691      19.048545
2012    22      0.06525706      20.33139875
2012    23      0.06537962      20.28611875
2012    24      0.06194041      19.55080375
2012    25      0.07881096      23.28015125
2012    26      0.07111583      21.60319375
2012    27      0.08765479      25.24946125
2012    28      0.10013856      27.94872625
2012    29      0.1051237       29.09655375
2012    30      0.09331004      26.4577025
2012    31      0.08540414      24.7436425
2013    1       0.0547214       17.9985775
2013    2       0.05513868      18.1214575
2013    3       0.06291462      19.9316625
2013    4       0.11736192      31.81707625
2013    5       0.13663165      35.77993
2013    6       0.0874851       25.2012975
2013    7       0.09084857      25.92459125
2013    8       0.08181501      23.882015
2013    9       0.08187628      23.8908425
2013    10      0.10460031      28.94475
2013    11      0.10416667      28.7637525
2013    12      0.09639416      27.1177175
2013    13      0.09846173      27.59594875
2013    14      0.09203598      26.27056875
2013    15      0.08995726      25.80398
2013    16      0.08931728      25.67438375
2013    17      0.10189764      28.33732875
2013    18      0.09883893      27.7214775
2013    19      0.09070705      25.9140625
2013    20      0.07825363      23.23152625
2013    21      0.07269864      21.99617125
2013    22      0.07224901      21.9196925
2013    23      0.06995013      21.501005
2013    24      0.07057593      21.5858175
2013    25      0.0674118       20.7948825
2013    26      0.06142072      19.44396125
2013    27      0.06065332      19.2851925
2013    28      0.05884523      18.852825
2013    29      0.06386365      19.9889825
2013    30      0.07105746      21.613435
2013    31      0.06045671      19.232885
2014    1       0.06021134      19.14667
2014    2       0.0554875       18.21731375
2014    3       0.05910948      19.02050375
2014    4       0.0717449       21.78144625
2014    5       0.07641311      22.71112375
2014    6       0.07456442      22.30667
2014    7       0.07176657      21.638265
2014    8       0.07163168      21.6825175
2014    9       0.07431375      22.2566725
2014    10      0.06592193      20.461155
2014    11      0.07014294      21.3164025
2014    12      0.065433        20.24548
2014    13      0.06223138      19.6091375
2014    14      0.05979598      19.10806625
2014    15      0.06333331      19.76369375
2014    16      0.0595763       18.94959875
2014    17      0.05622025      18.1677825
2014    18      0.05554235      18.0201875
2014    19      0.06260358      19.617475
2014    20      0.05970047      19.14413625
2014    21      0.07453849      22.4076275
2014    22      0.08582567      24.91795125
2014    23      0.09613449      27.1820625
2014    24      0.07521295      22.54567125
2014    25      0.06495909      20.40693125
2014    26      0.06009968      19.44226125
2014    27      0.07502689      22.79564625
2014    28      0.07585529      22.94525
2014    29      0.08436052      24.65885625
2014    30      0.0631768       19.9411675
2014    31      0.07516458      22.57859
2015    1       0.05865735      18.7771975
2015    2       0.06364629      19.8327575
2015    3       0.06746482      20.72993
2015    4       0.0651585       20.2802075
2015    5       0.06545464      20.35632125
2015    6       0.06808253      20.913045
2015    7       0.06821259      20.97000625
2015    8       0.0638148       19.9495175
2015    9       0.06361459      19.9180225
2015    10      0.05926456      18.94378
2015    11      0.05793664      18.61256375
2015    12      0.06549026      20.2781275
2015    13      0.06295006      19.72885375
2015    14      0.05963079      19.04342375
2015    15      0.05755156      18.63060625
2015    16      0.05746409      18.57499625
2015    17      0.06616798      20.48152
2015    18      0.06651592      20.5237
2015    19      0.08263709      24.20633
2015    20      0.08558292      24.921515
2015    21      0.08447657      24.5939225
2015    22      0.07153857      21.71992125
2015    23      0.06923293      21.127335
2015    24      0.06402233      19.9912175
2015    25      0.06434334      20.028005
2015    26      0.06492877      20.16837625
2015    27      0.0621197       19.55497625
2015    28      0.0691146       21.09347375
2015    29      0.0774038       22.919735
2015    30      0.07686742      22.84263
2015    31      0.07123453      21.64557875
2016    1       0.08154295      23.99105625
2016    2       0.06789326      20.79139625
2016    3       0.07211135      21.76494125
2016    4       0.07978326      23.42996875
2016    5       0.07355984      22.1089225
2016    6       0.07745299      23.02057875
2016    7       0.0616697       19.77070875
2016    8       0.07856477      23.27918
2016    9       0.09045872      25.8362875
2016    10      0.11318809      30.9535475
2016    11      0.12340481      33.20235375
2016    12      0.10962179      30.04455
2016    13      0.07386326      22.21924125
2016    14      0.07210961      21.74076875
2016    15      0.08002085      23.5655725
2016    16      0.09895537      27.87224875
2016    17      0.07036947      21.74512875
2016    18      0.06519392      20.57575375
2016    19      0.07250913      22.064155
2016    20      0.08621296      25.08411125
2016    21      0.07396009      22.55985875
2016    22      0.07460116      22.699895
2016    23      0.07565986      22.83682
2016    24      0.07998378      23.776945
2016    25      0.07427345      22.54316625
2016    26      0.06282734      20.0480375
2016    27      0.06312633      20.09052375
2016    28      0.06713842      20.9381575
2016    29      0.06726892      20.85454
2016    30      0.06952242      21.36846625
2016    31      0.06784966      20.9837
2017    1       0.06875009      21.3045675
2017    2       0.06476728      20.4534475
2017    3       0.06364822      20.16666875
2017    4       0.07525058      22.55160375
2017    5       0.07553804      22.5496025
2017    6       0.07059634      21.437795
2017    7       0.0645605       20.08572125
2017    8       0.06066119      19.24440125
2017    9       0.06114596      19.32464625
2017    10      0.06072592      19.31662
2017    11      0.07640795      22.8575975
2017    12      0.08815674      25.44755
2017    13      0.07857942      23.32216875
2017    14      0.07069851      21.48301375
2017    15      0.0687089       20.9293025
2017    16      0.06820013      20.86519
2017    17      0.07509729      22.46424375
2017    18      0.06848962      21.0242225
2017    19      0.06719833      20.6720675
2017    20      0.06816734      20.8776425
2017    21      0.0618893       19.50289625
2017    22      0.06693028      20.60711125
2017    23      0.06889023      21.1257975
2017    24      0.06482414      20.27507375
2017    25      0.05917541      18.97701625
2017    26      0.05676192      18.440545
2017    27      0.05567098      18.179315
2017    28      0.05409267      17.8274775
2017    29      0.058238        18.74228875
2017    30      0.06592058      20.4393725
2017    31      0.05880691      18.9248775
2018    1       0.10516284      29.04120125
2018    2       0.09023892      25.9210625
2018    3       0.07349854      22.22192125
2018    4       0.06869235      21.08734625
2018    5       0.08361073      24.4004675
2018    6       0.09119041      25.97708375
2018    7       0.09828582      27.50477375
2018    8       0.09029981      25.75764625
2018    9       0.07531626      22.54382875
2018    10      0.08599071      24.82916125
2018    11      0.09929097      27.7367325
2018    12      0.11125996      30.411355
2018    13      0.08453574      24.54157875
2018    14      0.11584497      31.36380875
2018    15      0.07373994      22.4482475
2018    16      0.07484672      22.42334125
2018    17      0.07867268      23.243005
2018    18      0.08052119      23.6640525
2018    19      0.07717537      22.9096275
2018    20      0.07766036      23.0309425
2018    21      0.07752952      23.01943875
2018    22      0.07689274      22.90425875
2018    23      0.08362151      24.3586025
2018    24      0.06596391      20.42155375
2018    25      0.06178288      19.49656125
2018    26      0.06169247      19.46623
2018    27      0.06616796      20.4670975
2018    28      0.0625306       19.68751375
2018    29      0.05448177      17.8302225
2018    30      0.07929584      23.37640625
2018    31      0.07687111      22.8233625
