####################################################################################################
# Month: 03Mar                                                                                     #
# Station: ALI                                                                                     #
# Frequency: 230 GHz                                                                               #
# Columns are: year    day     tau     Tb (K)                                                      #
####################################################################################################
2009    1       0.05222561      17.06299875
2009    2       0.06493552      20.233745
2009    3       0.07700331      22.95772625
2009    4       0.0649465       20.2086525
2009    5       0.04831487      16.18379
2009    6       0.0513865       16.873925
2009    7       0.05361568      17.43081375
2009    8       0.06856382      20.84812375
2009    9       0.05254657      17.0080975
2009    10      0.03354379      12.39315012
2009    11      0.02881349      11.30008412
2009    12      0.03316854      12.5130325
2009    13      0.02966687      11.62221812
2009    14      0.0501356       16.50420125
2009    15      0.03760108      13.5380495
2009    16      0.03665436      13.30868888
2009    17      0.05637418      18.09114875
2009    18      0.04772174      16.08999625
2009    19      0.08381708      24.44623625
2009    20      0.0559657       17.9957325
2009    21      0.05460121      17.62436
2009    22      0.03671203      13.4447725
2009    23      0.04842496      16.3116775
2009    24      0.06132416      19.43024625
2009    25      0.14023712      37.09293125
2009    26      0.08851593      25.59496875
2009    27      0.08368987      24.41423125
2009    28      0.05805715      18.52318625
2009    29      0.09409714      26.73180375
2009    30      0.0817569       23.927225
2009    31      0.04538492      15.44171375
2010    1       0.08972601      25.71860375
2010    2       0.05361662      17.34242
2010    3       0.07693737      22.94707875
2010    4       0.07848574      23.20807375
2010    5       0.03931828      13.95762375
2010    6       0.04006951      14.130295
2010    7       0.05329177      17.30200125
2010    8       0.05727778      18.24383
2010    9       0.04347862      15.03325875
2010    10      0.04232143      14.8491225
2010    11      0.04924445      16.57214375
2010    12      0.06277958      19.6496125
2010    13      0.07365079      22.17934625
2010    14      0.07000702      21.24755625
2010    15      0.06018433      18.98849625
2010    16      0.0651587       20.2514525
2010    17      0.03189302      12.38833875
2010    18      0.05131955      17.21898125
2010    19      0.07204189      22.18105625
2010    20      0.04482105      15.64035125
2010    21      0.08745047      25.5352525
2010    22      0.1112387       30.96274875
2010    23      0.10179672      28.7974175
2010    24      0.06860673      21.115725
2010    25      0.07418075      22.45075125
2010    26      0.08548041      25.08142
2010    27      0.07954486      23.64266125
2010    28      0.0980101       27.69661875
2010    29      0.1323922       35.30077
2010    30      0.09551812      27.11801
2010    31      0.081402        23.85113375
2011    1       0.06195977      19.32047125
2011    2       0.06401127      19.854255
2011    3       0.09606892      27.07783625
2011    4       0.05424085      17.412725
2011    5       0.03933926      13.94710375
2011    6       0.03636478      13.27651625
2011    7       0.0511734       16.80176
2011    8       0.0594032       18.6389425
2011    9       0.0434925       14.86831263
2011    10      0.01691338      8.3290005
2011    11      0.02930517      11.46416037
2011    12      0.05835213      18.36739875
2011    13      0.07823886      23.0260625
2011    14      0.0301775       11.73799462
2011    15      0.03598338      13.27117775
2011    16      0.08278805      24.32419625
2011    17      0.09996367      28.23005625
2011    18      0.09354684      26.5444375
2011    19      0.14176029      37.1152725
2011    20      0.07203014      21.50979375
2011    21      0.04814432      16.104245
2011    22      0.05826328      18.5879675
2011    23      0.07526682      22.55525
2011    24      0.07198068      21.84948625
2011    25      0.04969592      16.689205
2011    26      0.05937532      18.89645375
2011    27      0.05965238      19.022155
2011    28      0.09521961      27.09366875
2011    29      0.07347449      22.12883125
2011    30      0.08149235      23.97701375
2011    31      0.06922089      21.198685
2012    1       0.03877607      13.75992375
2012    2       0.03774715      13.48969
2012    3       0.04225632      14.66784875
2012    4       0.09490909      26.92246125
2012    5       0.06384624      19.9188625
2012    6       0.03830169      13.68202125
2012    7       0.04120066      14.3151325
2012    8       0.04131324      14.31804875
2012    9       0.03772996      13.476985
2012    10      0.03914637      13.78657
2012    11      0.03453985      12.69429
2012    12      0.04542913      15.369065
2012    13      0.05426834      17.437335
2012    14      0.0435168       14.81785375
2012    15      0.03242014      12.2046325
2012    16      0.06697726      20.57648875
2012    17      0.0757349       22.71454
2012    18      0.0767762       23.05033875
2012    19      0.104347        29.25965625
2012    20      0.09552151      27.1018825
2012    21      0.03526408      13.12107625
2012    22      0.03452495      12.9481625
2012    23      0.05950325      18.96185625
2012    24      0.05362767      17.5533
2012    25      0.06895739      21.08735375
2012    26      0.09149224      26.17482375
2012    27      0.06101978      19.10389875
2012    28      0.07552171      22.49823125
2012    29      0.03122784      12.12667
2012    30      0.03598642      13.2463675
2012    31      0.05584646      18.13018875
2013    1       0.03819711      13.7056025
2013    2       0.04057138      14.31971375
2013    3       0.0325978       12.414685
2013    4       0.04710246      15.900985
2013    5       0.04500882      15.42177875
2013    6       0.03427489      12.8936075
2013    7       0.02575262      10.7780335
2013    8       0.03493227      13.08305125
2013    9       0.06386141      19.9450325
2013    10      0.06138526      19.26503125
2013    11      0.05231462      17.23487625
2013    12      0.06760053      20.88160125
2013    13      0.08550622      24.95932
2013    14      0.10210142      28.6053025
2013    15      0.09358976      26.55779875
2013    16      0.05452583      17.58414125
2013    17      0.05392865      17.40815
2013    18      0.05905801      18.7388925
2013    19      0.07155832      21.7175475
2013    20      0.08887796      25.62291
2013    21      0.08345622      24.3187275
2013    22      0.04633348      15.77945375
2013    23      0.0976903       27.616925
2013    24      0.09064649      25.8387875
2013    25      0.07990943      23.5351575
2013    26      0.05652558      18.2382925
2013    27      0.10389129      28.63334375
2013    28      0.13102258      34.93253125
2013    29      0.0987651       27.923465
2013    30      0.09459743      26.89599375
2013    31      0.09782481      27.5536475
2014    1       0.06032345      18.8691175
2014    2       0.04955261      16.30908125
2014    3       0.04697495      15.693805
2014    4       0.06246428      19.35716125
2014    5       0.06126487      19.02727625
2014    6       0.02944765      11.458325
2014    7       0.03901725      13.79369125
2014    8       0.04068728      14.2474375
2014    9       0.05784606      18.31928375
2014    10      0.06423047      19.85115
2014    11      0.06187997      19.3548625
2014    12      0.06143349      19.16881125
2014    13      0.03643132      13.36555875
2014    14      0.03689229      13.56392125
2014    15      0.06209483      19.76635875
2014    16      0.06466285      20.26575125
2014    17      0.09898425      28.00439375
2014    18      0.0889343       25.4688575
2014    19      0.07481249      22.2414975
2014    20      0.03749655      13.5834975
2014    21      0.06404444      19.87932
2014    22      0.0579855       18.47211125
2014    23      0.05502468      17.80290625
2014    24      0.08000313      23.609755
2014    25      0.07264249      21.68966625
2014    26      0.07834591      23.18702625
2014    27      0.08892891      25.4986975
2014    28      0.11521228      31.2284325
2014    29      0.06039527      19.08063375
2014    30      0.0758931       22.5476125
2014    31      0.04349043      14.98766625
2015    1       0.1034039       28.75973875
2015    2       0.09619259      27.22169375
2015    3       0.05554198      17.80913625
2015    4       0.04353014      14.89705375
2015    5       0.05041489      16.45198875
2015    6       0.03968664      13.9768325
2015    7       0.04694789      15.70407375
2015    8       0.05904616      18.53087375
2015    9       0.05138093      16.6996275
2015    10      0.03362654      12.55559562
2015    11      0.04201502      14.65250625
2015    12      0.05003232      16.569425
2015    13      0.06497164      20.0535575
2015    14      0.05964409      18.83945375
2015    15      0.07796977      23.07385125
2015    16      0.07309608      21.94162625
2015    17      0.0685666       20.836305
2015    18      0.07264478      21.6608275
2015    19      0.04820576      16.02866875
2015    20      0.05336102      17.40105375
2015    21      0.05042376      16.7683475
2015    22      0.05255339      17.2499675
2015    23      0.03692001      13.57673625
2015    24      0.05368611      17.74411125
2015    25      0.09555964      27.09854
2015    26      0.07467722      22.35211625
2015    27      0.04991905      16.7173825
2015    28      0.04969105      16.78626625
2015    29      0.11585028      31.759725
2015    30      0.07819591      23.51643125
2015    31      0.05577108      18.14998375
2016    1       0.04373429      15.170125
2016    2       0.05866464      18.72698125
2016    3       0.05995428      18.9370425
2016    4       0.06144455      19.2165775
2016    5       0.10877128      30.13511125
2016    6       0.10000964      27.97013375
2016    7       0.0768571       22.84543625
2016    8       0.08145732      23.87603
2016    9       0.06353006      19.78998
2016    10      0.0626648       19.51426625
2016    11      0.10941485      30.353975
2016    12      0.09435194      26.89972875
2016    13      0.06540836      20.2307675
2016    14      0.06023192      18.92475
2016    15      0.05018841      16.464898
2016    16      0.03433396      12.77529538
2016    17      0.09101061      26.17969375
2016    18      0.0831517       24.34920375
2016    19      0.06654728      20.5004075
2016    20      0.07631718      22.5827775
2016    21      0.05227166      16.92935125
2016    22      0.02891828      11.409663
2016    23      0.04261655      14.77284562
2016    24      0.08876954      25.84087625
2016    25      0.11111337      30.96759875
2016    26      0.08959231      25.87067875
2016    27      0.07831111      23.21451375
2016    28      0.06418886      20.04456
2016    29      0.09378498      26.8774325
2016    30      0.07381557      22.2140475
2016    31      0.0759836       22.77602125
2017    1       0.07160926      21.60644625
2017    2       0.05477227      17.61382
2017    3       0.04936479      16.342745
2017    4       0.04622097      15.59809625
2017    5       0.04583951      15.526135
2017    6       0.05352498      17.29300875
2017    7       0.07069984      21.32051
2017    8       0.07813062      22.95063
2017    9       0.05888891      18.49816875
2017    10      0.04584723      15.39223875
2017    11      0.04268658      14.62523125
2017    12      0.03356934      12.4362075
2017    13      0.04535594      15.28964125
2017    14      0.04421147      15.07515
2017    15      0.06116965      19.15793125
2017    16      0.09023371      25.83168625
2017    17      0.06393837      19.705205
2017    18      0.04643167      15.58833875
2017    19      0.05511832      17.6288475
2017    20      0.05870572      18.50884625
2017    21      0.11352573      31.52873875
2017    22      0.15472679      40.5974825
2017    23      0.09155318      26.34498875
2017    24      0.05667639      18.27779375
2017    25      0.09156271      26.1295175
2017    26      0.07149837      21.8906175
2017    27      0.09928696      28.28244875
2017    28      0.13374241      35.79635375
2017    29      0.10920466      30.07657625
2017    30      0.04342058      15.1436875
2017    31      0.08714866      25.36148125
2018    1       0.09337252      26.7263375
2018    2       0.08745122      25.41141125
2018    3       0.1227403       33.027665
2018    4       0.1364964       36.24405375
2018    5       0.07048894      21.24441375
2018    6       0.03269369      12.43202625
2018    7       0.03279213      12.48939875
2018    8       0.05232318      17.08788375
2018    9       0.05260767      17.21274625
2018    10      0.04869168      16.3737075
2018    11      0.06843895      21.0666025
2018    12      0.06086377      19.27816
2018    13      0.0453156       15.6324875
2018    14      0.06533101      20.3105125
2018    15      0.08076751      23.78490588
2018    16      0.03643625      13.35678488
2018    17      0.03924111      14.06431125
2018    18      0.03116965      12.07413775
2018    19      0.04160061      14.7070125
2018    20      0.04382921      15.23847625
2018    21      0.09874488      27.58621125
2018    22      0.10284473      28.87094625
2018    23      0.07025588      21.7656
2018    24      0.09304476      26.67080125
2018    25      0.07585186      22.558421
2018    26      0.02505959      10.61377875
2018    27      0.04060843      14.6136525
2018    28      0.06315176      19.8949725
2018    29      0.08869361      25.58489125
2018    30      0.07117268      21.4410875
2018    31      0.02592015      10.82285812
