####################################################################################################
# Month: 08Aug                                                                                     #
# Station: HAY                                                                                     #
# Columns are: year    day     windspeed (m/s)                                                     #
####################################################################################################
2009    1       5.72735838
2009    2       7.71594775
2009    3       6.46337125
2009    4       3.75815125
2009    5       10.3414785
2009    6       4.65173325
2009    7       7.72972475
2009    8       6.64550013
2009    9       4.43847412
2009    10      9.179157
2009    11      4.99978012
2009    12      3.350039
2009    13      5.1533065
2009    14      3.83621925
2009    15      3.11288925
2009    16      3.73814238
2009    17      4.96755412
2009    18      5.8138025
2009    19      8.94249525
2009    20      4.55811625
2009    21      9.27797425
2009    22      10.240585
2009    23      6.12735562
2009    24      2.97782838
2009    25      4.006724
2009    26      10.37578125
2009    27      7.6747775
2009    28      2.83211025
2009    29      10.75628188
2009    30      6.40646525
2009    31      7.67703538
