####################################################################################################
# Month: 02Feb                                                                                     #
# Station: CNI                                                                                     #
# Frequency: 230 GHz                                                                               #
# Columns are: year    day     tau     Tb (K)                                                      #
####################################################################################################
2009    1       0.26547982      66.67187625
2009    2       0.14508574      40.278035
2009    3       0.19741835      49.294675
2009    4       0.06295431      20.5270525
2009    5       0.45764652      92.49111625
2009    6       0.13220171      36.25786875
2009    7       0.1325603       36.703235
2009    8       0.13720803      38.87821875
2009    9       0.08399737      26.20951625
2009    10      0.07219831      22.7005525
2009    11      0.09020304      26.97616875
2009    12      0.10088921      29.44707375
2009    13      0.1009625       29.6748775
2009    14      0.11276883      32.57415125
2009    15      0.1204007       34.55227375
2009    16      0.11152482      32.329895
2009    17      0.09657783      28.51571
2009    18      0.08801169      26.24885
2009    19      0.10656038      30.82231
2009    20      0.11316444      32.35169875
2009    21      0.07483959      23.30840875
2009    22      0.14191273      39.0751
2009    23      0.12852587      35.7268525
2009    24      0.10611838      30.68620875
2009    25      0.41743536      90.40215375
2009    26      0.3325783       77.578115
2009    27      0.39002722      86.2974725
2009    28      0.12093196      34.5290625
2010    1       0.91135921      158.472125
2010    2       0.859007        153.6416
2010    3       0.19376541      49.62678875
2010    4       0.06643774      21.3322275
2010    5       0.10905498      31.55925375
2010    6       0.08521078      26.22571375
2010    7       0.09764803      28.84513125
2010    8       0.21400729      55.7989225
2010    9       0.26326711      65.770525
2010    10      0.26932356      67.58027625
2010    11      0.26909282      67.32310375
2010    12      0.28445962      70.13322375
2010    13      0.33454456      78.8047875
2010    14      0.4685556       98.18112625
2010    15      0.25408669      63.715405
2010    16      0.23253017      58.308005
2010    17      0.4664543       98.3256025
2010    18      0.29836553      69.3926075
2010    19      0.16275091      42.6535125
2010    20      0.65477509      130.41505
2010    21      0.55091408      113.22805625
2010    22      0.34889551      82.09638625
2010    23      0.33154668      79.3804175
2010    24      0.372263        87.122555
2010    25      0.2264617       57.92004875
2010    26      0.47351602      99.2365825
2010    27      0.23252046      57.15782375
2010    28      0.09054686      26.8875325
2011    1       0.0584796       19.2482025
2011    2       0.06332227      20.61877375
2011    3       0.05367406      18.23197875
2011    4       0.0543051       18.13237
2011    5       0.05315416      17.6407
2011    6       0.04397747      15.61378
2011    7       0.0530453       17.8149375
2011    8       0.06765868      21.39005625
2011    9       0.36989726      80.07150875
2011    10      0.24115725      57.433265
2011    11      0.13060198      36.3519925
2011    12      0.1439174       39.41814
2011    13      0.27498376      67.69751625
2011    14      0.16816346      45.42536125
2011    15      0.07643693      24.00495125
2011    16      0.1189209       33.98600875
2011    17      0.09409104      28.26052625
2011    18      0.07834108      24.67866125
2011    19      0.05940706      19.71831375
2011    20      0.08945708      27.4181475
2011    21      0.08786331      26.83741625
2011    22      0.09821521      29.3802075
2011    23      0.10192532      30.44557875
2011    24      0.07743452      24.421235
2011    25      0.07141333      23.015085
2011    26      0.05405504      18.61945
2011    27      0.06568998      21.4402575
2011    28      0.07005771      22.56410625
2012    1       0.12656223      35.71305875
2012    2       0.08213395      25.08007
2012    3       0.0824444       25.3858125
2012    4       0.03812521      14.03772
2012    5       0.05307483      17.869235
2012    6       0.06747359      21.374235
2012    7       0.06537476      21.01171875
2012    8       0.06759297      21.6684125
2012    9       0.07251039      23.17321875
2012    10      0.06190805      20.2837775
2012    11      0.08747122      26.21714625
2012    12      0.19860251      50.271175
2012    13      0.10374845      30.20680125
2012    14      0.0772945       23.45969375
2012    15      0.09362695      27.74099125
2012    16      0.47236239      101.50362375
2012    17      0.27096224      65.58485875
2012    18      0.05154958      17.8643975
2012    19      0.06274241      20.57417625
2012    20      0.05209826      17.9078125
2012    21      0.06543202      20.948995
2012    22      0.09722874      28.3558875
2012    23      0.09160338      27.6229775
2012    24      0.06379768      20.39218
2012    25      0.06818129      21.506735
2012    26      0.0832697       25.54116375
2012    27      0.09155107      27.07375625
2012    28      0.11528328      32.71569125
2012    29      0.10414198      30.7101
2013    1       0.05777008      19.34982625
2013    2       0.08270212      25.59441
2013    3       0.08414745      25.93269875
2013    4       0.0902618       27.70030125
2013    5       0.09395675      27.60638125
2013    6       0.23234105      57.32349125
2013    7       0.17606876      46.070075
2013    8       0.12549698      34.8453325
2013    9       0.06613498      21.20771125
2013    10      0.0630854       20.3247225
2013    11      0.04523628      16.07394875
2013    12      0.09359847      28.21057125
2013    13      0.09703306      29.288825
2013    14      0.07106302      22.86012
2013    15      0.07111804      22.76818875
2013    16      0.11849552      33.1991575
2013    17      0.27785618      68.67967375
2013    18      0.23598048      58.0206175
2013    19      0.27214936      67.0262625
2013    20      0.11450743      33.25968625
2013    21      0.05481637      18.6412325
2013    22      0.04448394      15.8191425
2013    23      0.08233693      25.699185
2013    24      0.08353209      26.13367625
2013    25      0.07378847      23.405705
2013    26      0.33652348      79.7035275
2013    27      0.23058102      59.03788
2013    28      0.20150606      51.98251
2014    1       0.14360663      39.948525
2014    2       0.09743112      28.89407625
2014    3       0.13298748      37.271845
2014    4       0.13210785      37.64761875
2014    5       0.09317995      28.4501825
2014    6       0.08036363      25.07843875
2014    7       0.13947795      39.32302375
2014    8       0.13267632      37.44711125
2014    9       0.10928121      32.08518875
2014    10      0.18580828      49.92335875
2014    11      0.0922528       28.18527375
2014    12      0.05929247      19.8986375
2014    13      0.06606178      21.4534225
2014    14      0.06483762      21.19203125
2014    15      0.25145595      61.68668
2014    16      0.18317034      47.95942625
2014    17      0.10861046      31.76026
2014    18      0.136569        38.01774
2014    19      0.09157445      28.00320125
2014    20      0.07512344      23.80067375
2014    21      0.07552078      23.7850325
2014    22      0.07590746      23.8813175
2014    23      0.07049618      22.59204375
2014    24      0.08201622      25.51413125
2014    25      0.13739995      38.82369375
2014    26      0.11990651      34.616565
2014    27      0.12591228      35.4341
2014    28      0.10488574      30.57463625
2015    1       0.22110601      56.75881625
2015    2       0.23289286      58.40133875
2015    3       0.17856308      46.97013
2015    4       0.09036945      27.29569
2015    5       0.12474295      35.1589925
2015    6       0.14883928      40.7751
2015    7       0.24229939      59.87478125
2015    8       0.45638118      99.30025125
2015    9       0.4089196       92.67861625
2015    10      0.29891969      71.88874375
2015    11      0.22216456      56.47148625
2015    12      0.13311148      36.44734
2015    13      0.08106633      24.89444625
2015    14      0.17147291      46.23122375
2015    15      0.15458429      42.67405375
2015    16      0.12412242      35.03764125
2015    17      0.06996174      22.263005
2015    18      0.06589364      21.22191875
2015    19      0.08894711      26.55838625
2015    20      0.22134839      55.96576875
2015    21      0.25762305      65.06181625
2015    22      0.21986242      57.84073
2015    23      0.12405648      35.67030375
2015    24      0.09627915      28.68050125
2015    25      0.05649398      18.94807875
2015    26      0.05486941      18.71771625
2015    27      0.10387948      30.81536375
2015    28      0.14478289      40.50626125
2016    1       0.1286645       35.9810475
2016    2       0.42612765      92.9724725
2016    3       0.23031655      58.1259675
2016    4       0.25092231      62.00714625
2016    5       0.24736242      61.476
2016    6       0.20131048      52.14226625
2016    7       0.29072538      70.406685
2016    8       0.37805095      86.93453625
2016    9       0.48518744      105.40329875
2016    10      0.36290204      84.59338625
2016    11      0.23597915      60.54558625
2016    12      0.1548619       42.6773875
2016    13      0.15390344      42.937435
2016    14      0.15548569      43.2179025
2016    15      0.08413267      25.99043125
2016    16      0.11185207      32.88647875
2016    17      0.13291971      37.54095125
2016    18      0.12255357      34.47627375
2016    19      0.2597306       63.1303375
2016    20      0.11574836      32.478485
2016    21      0.1092522       31.59747125
2016    22      0.1575875       43.23142625
2016    23      0.08392256      26.0285725
2016    24      0.08928634      27.331185
2016    25      0.07448635      23.709635
2016    26      0.0844074       25.90908375
2016    27      0.1803625       48.8660625
2016    28      0.18977994      50.82265
2016    29      0.12161284      35.4533225
2017    1       0.24777302      62.4911425
2017    2       0.1004278       29.55252375
2017    3       0.09785273      28.7919625
2017    4       0.1136439       32.59415125
2017    5       0.12584684      35.66823
2017    6       0.13363201      37.70660375
2017    7       0.11417328      32.9172925
2017    8       0.10293916      30.46978875
2017    9       0.1205483       34.484915
2017    10      0.19819859      51.0220775
2017    11      0.578636        119.08175125
2017    12      0.21876043      53.234135
2017    13      0.08740098      26.05259
2017    14      0.25212765      61.4083575
2017    15      0.26912144      65.073415
2017    16      0.10682005      31.96741875
2017    17      0.11083395      32.7200075
2017    18      0.10311946      30.7807025
2017    19      0.14765338      41.259165
2017    20      0.06754818      21.6566775
2017    21      0.08351726      25.6745075
2017    22      0.14260288      40.03569
2017    23      0.09366489      28.101975
2017    24      0.08874619      26.63172875
2017    25      0.0723237       22.8759025
2017    26      0.09929102      29.7231225
2017    27      0.0986883       29.64410875
2017    28      0.10642006      30.7079475
2018    1       0.18895724      49.3788975
2018    2       0.13045379      36.959995
2018    3       0.09230129      27.88936
2018    4       0.05953954      19.736285
2018    5       0.07536474      23.47405375
2018    6       0.09984515      29.0009125
2018    7       0.05895563      19.30566875
2018    8       0.12566908      35.61143
2018    9       0.17731949      47.5504425
2018    10      0.07623457      23.81945
2018    11      0.15207999      42.28138
2018    12      0.09244556      27.93278625
2018    13      0.0934172       27.70812375
2018    14      0.10059848      29.5581825
2018    15      0.13189282      36.52619375
2018    16      0.15512756      42.25883875
2018    17      0.12595574      35.4580225
2018    18      0.16299046      43.8699175
2018    19      0.14342958      39.51012625
2018    20      0.13437729      37.2236225
2018    21      0.15568086      42.6672975
2018    22      0.13792116      38.54267375
2018    23      0.677498        127.0596775
2018    24      0.23121255      57.60546375
2018    25      0.48654851      96.68945625
2018    26      0.14969216      40.8794525
2018    27      0.4641069       94.5590975
2018    28      0.21819898      53.75567875
