####################################################################################################
# Month: 06Jun                                                                                     #
# Station: YAN                                                                                     #
# Columns are: year    day     RH (percent)                                                        #
####################################################################################################
9       1       0.29564638
9       2       0.4802725
9       3       0.4111655
9       4       0.551633
9       5       0.40742412
9       6       0.24818025
9       7       0.55923975
9       8       0.2638525
9       9       0.28891813
9       10      0.61145925
9       11      0.3814005
9       12      0.49842488
9       13      0.683917
9       14      0.27868188
9       15      0.06359825
9       16      0.16260412
9       17      0.31022812
9       18      0.32419937
9       19      0.31584638
9       20      0.37907388
9       21      0.58200988
9       22      0.61837662
9       23      0.79419838
9       24      0.42402525
9       25      0.26386612
9       26      0.17644375
9       27      0.4149785
9       28      0.37956488
9       29      0.15684212
9       30      0.22496912
