####################################################################################################
# Month: 07Jul                                                                                     #
# Station: LEN                                                                                     #
# Frequency: 230 GHz                                                                               #
# Columns are: year    day     tau     Tb (K)                                                      #
####################################################################################################
2009    1       0.20309822      50.84625125
2009    2       0.21024198      53.04400125
2009    3       0.22464019      55.88442875
2009    4       0.22693995      56.46303375
2009    5       0.2612619       63.2796025
2009    6       0.22347291      55.7930625
2009    7       0.104325        29.0136125
2009    8       0.06166442      19.86805375
2009    9       0.09906208      28.8552725
2009    10      0.14145706      38.10445875
2009    11      0.15787848      42.5553275
2009    12      0.20211119      51.159615
2009    13      0.10421164      29.05443
2009    14      0.08791399      25.73137875
2009    15      0.11740868      33.02156375
2009    16      0.06513729      21.011835
2009    17      0.10531339      30.4219875
2009    18      0.13285301      37.13993875
2009    19      0.10419178      29.8867725
2009    20      0.18211793      46.5639225
2009    21      0.1775418       45.84450625
2009    22      0.11070045      30.829185
2009    23      0.05692151      18.39861875
2009    24      0.10338999      29.6895625
2009    25      0.14958666      39.90672
2009    26      0.05554029      18.2134225
2009    27      0.13489143      36.16172
2009    28      0.11719595      32.5960075
2009    29      0.06366653      20.19938875
2009    30      0.12086687      33.62205375
2009    31      0.19378758      49.00830375
2010    1       0.08666201      26.2795775
2010    2       0.12962423      35.99522625
2010    3       0.10659792      30.73990625
2010    4       0.13917709      37.9817825
2010    5       0.14449911      38.93137875
2010    6       0.20771485      51.78575625
2010    7       0.1605984       42.4263825
2010    8       0.15584273      41.851865
2010    9       0.11384603      32.40463375
2010    10      0.06540301      20.78237
2010    11      0.11194353      31.34692
2010    12      0.04832332      16.408105
2010    13      0.08538662      25.42387625
2010    14      0.0751016       22.67071625
2010    15      0.09002525      26.07085375
2010    16      0.03391745      12.94557
2010    17      0.06427618      20.515175
2010    18      0.05861256      19.3155925
2010    19      0.06087589      19.64522375
2010    20      0.0943934       27.07541625
2010    21      0.13059011      35.18734125
2010    22      0.08804544      25.57935
2010    23      0.1601698       41.75450625
2010    24      0.1876084       47.1746525
2010    25      0.08503627      25.0136475
2010    26      0.0777658       23.83166375
2010    27      0.14060347      37.9418625
2010    28      0.05763584      18.923745
2010    29      0.09797777      28.12051125
2010    30      0.20732269      51.47013875
2010    31      0.0847206       24.9681825
2011    1       0.05561024      18.20614625
2011    2       0.05491864      18.03372875
2011    3       0.05522292      18.43713625
2011    4       0.06161705      19.836865
2011    5       0.10409624      30.0382975
2011    6       0.06981683      22.1880525
2011    7       0.07906465      24.55219625
2011    8       0.12220915      34.4881175
2011    9       0.23872771      60.40604125
2011    10      0.17952649      47.77778375
2011    11      0.22211129      55.58688
2011    12      0.14967991      39.904265
2011    13      0.06353645      20.52238125
2011    14      0.19147649      47.98281125
2011    15      0.2287104       55.68644125
2011    16      0.18978569      48.01797
2011    17      0.0751527       22.92886625
2011    18      0.12199017      33.4389275
2011    19      0.08665747      25.36957875
2011    20      0.13059975      35.79582375
2011    21      0.16951394      44.60149125
2011    22      0.10637562      30.5865675
2011    23      0.10695772      30.70713875
2011    24      0.06832473      21.89622125
2011    25      0.19737883      49.5761025
2011    26      0.10796165      30.88894
2011    27      0.11264008      32.24124375
2011    28      0.2238702       55.098745
2011    29      0.24320553      58.52353
2011    30      0.27356125      64.28803
2011    31      0.16210889      42.4128825
2012    1       0.32331406      75.22673125
2012    2       0.18898768      48.29523125
2012    3       0.04339391      15.38927
2012    4       0.1136658       31.48960125
2012    5       0.13730992      36.7204975
2012    6       0.09015582      26.172015
2012    7       0.10427286      29.71546
2012    8       0.16225138      42.9819975
2012    9       0.25749478      61.726865
2012    10      0.09873533      28.08466
2012    11      0.13882985      37.1993675
2012    12      0.17387718      45.63481
2012    13      0.06496845      21.0975175
2012    14      0.12681737      35.44991625
2012    15      0.15235734      40.6648375
2012    16      0.09389804      27.83172375
2012    17      0.0988604       29.36903875
2012    18      0.15411391      41.60303125
2012    19      0.17666948      46.35135875
2012    20      0.18925359      48.85832
2012    21      0.35600514      80.4874075
2012    22      0.18240724      47.20044
2012    23      0.16669404      43.3589375
2012    24      0.08499556      25.68184875
2012    25      0.04017242      14.72867625
2012    26      0.10403177      30.16541
2012    27      0.10136248      29.65347625
2012    28      0.10454904      30.34704
2012    29      0.03961988      14.27961
2012    30      0.06885795      21.4998475
2012    31      0.12293484      34.14228
2013    1       0.26349509      64.08398
2013    2       0.22459972      57.431515
2013    3       0.28776398      68.88028125
2013    4       0.35822272      81.41117625
2013    5       0.3172172       73.5707175
2013    6       0.2199437       54.39579125
2013    7       0.23062439      57.41742125
2013    8       0.11190716      32.07861875
2013    9       0.20561514      52.34321625
2013    10      0.20335625      50.8720575
2013    11      0.2129676       53.250735
2013    12      0.06932897      21.760725
2013    13      0.18838481      49.07793375
2013    14      0.22150308      55.72658625
2013    15      0.14646532      40.488715
2013    16      0.05119929      17.66280625
2013    17      0.06424715      20.83021125
2013    18      0.20487154      52.2414725
2013    19      0.24287678      59.30895875
2013    20      0.10245728      29.3284
2013    21      0.07554073      22.56161125
2013    22      0.06954601      21.28382
2013    23      0.14917679      39.69146875
2013    24      0.08616684      26.22436625
2013    25      0.08056982      25.00945875
2013    26      0.19938395      50.67936625
2013    27      0.1298802       35.8859625
2013    28      0.14629661      39.43045125
2013    29      0.15580895      41.43513375
2013    30      0.13308512      36.4615125
2013    31      0.10415006      29.82777625
2014    1       0.11124888      31.57649
2014    2       0.13959071      37.28807375
2014    3       0.08159248      24.22604875
2014    4       0.14937292      39.6697775
2014    5       0.12069745      33.3804175
2014    6       0.12777626      35.11714375
2014    7       0.11213578      32.144795
2014    8       0.07108846      22.27655875
2014    9       0.15490731      40.85955625
2014    10      0.12383605      34.10478875
2014    11      0.05787341      18.98259125
2014    12      0.09228839      27.11597875
2014    13      0.12583918      35.0891375
2014    14      0.27052078      64.92380375
2014    15      0.17576717      44.94617125
2014    16      0.2748154       66.10008125
2014    17      0.11618197      32.67678375
2014    18      0.14174108      38.91707
2014    19      0.05196176      17.68304875
2014    20      0.06066352      20.0077375
2014    21      0.13730907      37.5759575
2014    22      0.19240305      49.17251625
2014    23      0.0763079       23.28329875
2014    24      0.07803064      23.2013475
2014    25      0.16888678      44.187475
2014    26      0.17957752      46.0315825
2014    27      0.3160927       74.02614625
2014    28      0.31955685      75.590605
2014    29      0.23331852      57.40401625
2014    30      0.2759429       66.37546
2014    31      0.36890101      84.0427075
2015    1       0.25267961      61.18886
2015    2       0.21874435      54.15219875
2015    3       0.03996596      14.4763225
2015    4       0.04985719      16.871915
2015    5       0.19260852      49.16735125
2015    6       0.08941658      26.16881
2015    7       0.14940065      39.54056125
2015    8       0.19007354      48.98219375
2015    9       0.21204855      53.43642375
2015    10      0.26518611      63.5399325
2015    11      0.36658646      82.785585
2015    12      0.30954348      72.20384
2015    13      0.12924382      34.52359125
2015    14      0.07528509      22.8288525
2015    15      0.15032979      39.88012375
2015    16      0.1507287       39.94817125
2015    17      0.14620836      39.50358375
2015    18      0.1792912       46.83924125
2015    19      0.17479953      45.27317
2015    20      0.09284401      26.682965
2015    21      0.20578215      52.40644875
2015    22      0.17842375      46.4028075
2015    23      0.12603755      35.2259175
2015    24      0.13269566      37.04791375
2015    25      0.18530264      48.492125
2015    26      0.19311389      50.09782
2015    27      0.34450119      78.56250875
2015    28      0.34788801      79.25717625
2015    29      0.254095        61.99522125
2015    30      0.20796764      52.56025125
2015    31      0.21068306      52.94836875
2016    1       0.20108212      51.21182375
2016    2       0.23502793      58.15045
2016    3       0.24854142      60.457385
2016    4       0.19979318      50.1792825
2016    5       0.13515062      36.90024125
2016    6       0.14823166      39.920695
2016    7       0.09102138      27.31691375
2016    8       0.07412954      23.04151625
2016    9       0.20419         51.3247825
2016    10      0.18563346      47.34863125
2016    11      0.2856173       67.45901375
2016    12      0.15836479      41.1795725
2016    13      0.29098698      68.89840125
2016    14      0.16299354      42.634655
2016    15      0.05277398      17.651115
2016    16      0.09966603      27.92169
2016    17      0.18999971      48.46063125
2016    18      0.09999901      28.76357125
2016    19      0.14225885      38.07508625
2016    20      0.17721698      46.396015
2016    21      0.20390355      52.0551575
2016    22      0.20288504      52.02861125
2016    23      0.31452029      73.2647175
2016    24      0.36957728      83.57809125
2016    25      0.29758891      69.27569
2016    26      0.10446354      29.85683125
2016    27      0.20434394      51.719625
2016    28      0.15292094      40.95623
2016    29      0.12793445      35.35585
2016    30      0.13499464      36.66896
2016    31      0.27549159      65.52752
2017    1       0.09750284      29.08352125
2017    2       0.05975699      19.53564625
2017    3       0.10081911      29.53378
2017    4       0.17332818      44.604095
2017    5       0.16110732      42.2106375
2017    6       0.17462644      45.51774625
2017    7       0.24962766      59.50599375
2017    8       0.12824991      35.09613125
2017    9       0.2764181       65.97404625
2017    10      0.12336979      33.19146375
2017    11      0.1003624       29.36361125
2017    12      0.13110039      35.9246975
2017    13      0.23952381      58.63481625
2017    14      0.1043588       29.3110975
2017    15      0.18434255      46.29306
2017    16      0.08320696      24.3218525
2017    17      0.07923416      24.166115
2017    18      0.13291716      36.8927875
2017    19      0.06708532      21.6767925
2017    20      0.185206        47.931475
2017    21      0.19056131      49.81552625
2017    22      0.10648298      31.27047625
2017    23      0.25058784      61.494965
2017    24      0.12018796      32.92362
2017    25      0.07442281      22.86819375
2017    26      0.05561156      18.54907125
2017    27      0.07194264      22.49876375
2017    28      0.08757241      26.092975
2017    29      0.13752798      36.94551375
2017    30      0.13591742      36.8943
2017    31      0.12737755      34.913325
2018    1       0.18141815      46.300005
2018    2       0.27788749      66.47676375
2018    3       0.21977505      54.3603225
2018    4       0.27928718      66.7116725
2018    5       0.31283918      72.5826575
2018    6       0.33048851      75.42349
2018    7       0.18241386      45.69743125
2018    8       0.03047414      12.12228625
2018    9       0.04602859      16.22146375
2018    10      0.04927124      17.06271375
2018    11      0.09256386      27.55555125
2018    12      0.2206086       56.11325125
2018    13      0.31235511      74.77136375
2018    14      0.26138634      63.77632125
2018    15      0.13375525      36.54746875
2018    16      0.12227281      33.846805
2018    17      0.22620684      55.7426475
2018    18      0.12515077      34.4653175
2018    19      0.09951         27.88014375
2018    20      0.09505064      27.5235875
2018    21      0.13351708      36.26461125
2018    22      0.09364105      27.13939125
2018    23      0.04255036      15.22070875
2018    24      0.08704256      26.05653125
2018    25      0.04107749      14.9040525
2018    26      0.07274755      22.69048125
2018    27      0.36143886      81.11933125
2018    28      0.22143658      54.57777875
2018    29      0.10970736      31.02638
2018    30      0.05787993      19.00683375
2018    31      0.05443958      18.18758625
