####################################################################################################
# Month: 07Jul                                                                                     #
# Station: LEN                                                                                     #
# Columns are: year    day     segment         RH (percent)                                        #
####################################################################################################
9       1       0       0.772723
9       1       1       0.816468
9       1       2       0.72582
9       1       3       0.640071
9       1       4       0.646274
9       1       5       0.568579
9       1       6       0.560549
9       1       7       0.600054
9       2       0       0.564931
9       2       1       0.649647
9       2       2       0.724508
9       2       3       0.750917
9       2       4       0.744805
9       2       5       0.809651
9       2       6       0.830372
9       2       7       0.655774
9       3       0       0.728057
9       3       1       0.679773
9       3       2       0.602307
9       3       3       0.445962
9       3       4       0.418251
9       3       5       0.430141
9       3       6       0.530558
9       3       7       0.571734
9       4       0       0.643594
9       4       1       0.787815
9       4       2       0.816447
9       4       3       0.744118
9       4       4       0.731563
9       4       5       0.767347
9       4       6       0.784662
9       4       7       0.800695
9       5       0       0.828662
9       5       1       0.805287
9       5       2       0.775437
9       5       3       0.774338
9       5       4       0.768691
9       5       5       0.753643
9       5       6       0.75972
9       5       7       0.754223
9       6       0       0.776316
9       6       1       0.815582
9       6       2       0.823277
9       6       3       0.795834
9       6       4       0.632034
9       6       5       0.379604
9       6       6       0.501433
9       6       7       0.751148
9       7       0       0.803015
9       7       1       0.697527
9       7       2       0.311962
9       7       3       0.021277
9       7       4       0.020102
9       7       5       0.028448
9       7       6       0.114143
9       7       7       0.158631
9       8       0       0.108118
9       8       1       0.080067
9       8       2       0.172952
9       8       3       0.196199
9       8       4       0.132208
9       8       5       0.117745
9       8       6       0.189873
9       8       7       0.204324
9       9       0       0.17793
9       9       1       0.240225
9       9       2       0.313359
9       9       3       0.318924
9       9       4       0.342673
9       9       5       0.38444
9       9       6       0.391619
9       9       7       0.407891
9       10      0       0.625943
9       10      1       0.774465
9       10      2       0.825892
9       10      3       0.843194
9       10      4       0.763972
9       10      5       0.544365
9       10      6       0.360995
9       10      7       0.159097
9       11      0       0.16503
9       11      1       0.457499
9       11      2       0.47359
9       11      3       0.388066
9       11      4       0.261269
9       11      5       0.216594
9       11      6       0.229276
9       11      7       0.25971
9       12      0       0.114987
9       12      1       0.236693
9       12      2       0.233622
9       12      3       0.22401
9       12      4       0.308978
9       12      5       0.531112
9       12      6       0.771064
9       12      7       0.791694
9       13      0       0.7849
9       13      1       0.660904
9       13      2       0.535657
9       13      3       0.110158
9       13      4       0.013701
9       13      5       0.049758
9       13      6       0.075548
9       13      7       0.071649
9       14      0       0.059075
9       14      1       0.048602
9       14      2       0.025698
9       14      3       0.02915
9       14      4       0.045686
9       14      5       0.046571
9       14      6       0.107922
9       14      7       0.242651
9       15      0       0.109328
9       15      1       0.11
9       15      2       0.156606
9       15      3       0.297016
9       15      4       0.312064
9       15      5       0.273935
9       15      6       0.316179
9       15      7       0.335421
9       16      0       0.201119
9       16      1       0.124689
9       16      2       0.110911
9       16      3       0.077009
9       16      4       0.178146
9       16      5       0.137103
9       16      6       0.199886
9       16      7       0.243032
9       17      0       0.143829
9       17      1       0.126705
9       17      2       0.191339
9       17      3       0.317996
9       17      4       0.329153
9       17      5       0.297981
9       17      6       0.290894
9       17      7       0.308062
9       18      0       0.230366
9       18      1       0.221592
9       18      2       0.227539
9       18      3       0.30335
9       18      4       0.576692
9       18      5       0.762237
9       18      6       0.806843
9       18      7       0.832924
9       19      0       0.652007
9       19      1       0.698094
9       19      2       0.629689
9       19      3       0.573946
9       19      4       0.149386
9       19      5       0.16874
9       19      6       0.4385
9       19      7       0.418373
9       20      0       0.260691
9       20      1       0.257051
9       20      2       0.436692
9       20      3       0.607218
9       20      4       0.615149
9       20      5       0.678237
9       20      6       0.76942
9       20      7       0.7534
9       21      0       0.518273
9       21      1       0.714392
9       21      2       0.733465
9       21      3       0.775095
9       21      4       0.713368
9       21      5       0.738877
9       21      6       0.785955
9       21      7       0.85269
9       22      0       0.817516
9       22      1       0.792089
9       22      2       0.860082
9       22      3       0.864891
9       22      4       0.650266
9       22      5       0.62831
9       22      6       0.823065
9       22      7       0.67609
9       23      0       0.368673
9       23      1       0.159364
9       23      2       0.191811
9       23      3       0.153784
9       23      4       0.125198
9       23      5       0.197791
9       23      6       0.372854
9       23      7       0.556419
9       24      0       0.544548
9       24      1       0.378158
9       24      2       0.265368
9       24      3       0.2521
9       24      4       0.311521
9       24      5       0.30054
9       24      6       0.294677
9       24      7       0.370868
9       25      0       0.321524
9       25      1       0.322062
9       25      2       0.357351
9       25      3       0.440322
9       25      4       0.570801
9       25      5       0.652014
9       25      6       0.659213
9       25      7       0.56652
9       26      0       0.308727
9       26      1       0.108437
9       26      2       0.092079
9       26      3       0.087204
9       26      4       0.050682
9       26      5       0.068233
9       26      6       0.260387
9       26      7       0.199977
9       27      0       0.122447
9       27      1       0.082604
9       27      2       0.091297
9       27      3       0.161972
9       27      4       0.216576
9       27      5       0.225927
9       27      6       0.310969
9       27      7       0.451304
9       28      0       0.506486
9       28      1       0.602517
9       28      2       0.581284
9       28      3       0.55107
9       28      4       0.438532
9       28      5       0.331147
9       28      6       0.272302
9       28      7       0.292793
9       29      0       0.236208
9       29      1       0.07969
9       29      2       0.100491
9       29      3       0.095978
9       29      4       0.08245
9       29      5       0.073703
9       29      6       0.135904
9       29      7       0.186584
9       30      0       0.126191
9       30      1       0.166065
9       30      2       0.202772
9       30      3       0.202999
9       30      4       0.18088
9       30      5       0.174368
9       30      6       0.257584
9       30      7       0.280212
9       31      0       0.303264
9       31      1       0.363723
9       31      2       0.369507
9       31      3       0.6886
9       31      4       0.721533
9       31      5       0.74436
9       31      6       0.81931
9       31      7       0.86469
