####################################################################################################
# Month: 03Mar                                                                                     #
# Station: BGK                                                                                     #
# Columns are: year    day     windspeed (m/s)                                                     #
####################################################################################################
2009    1       9.89487138
2009    2       8.27015112
2009    3       23.015046
2009    4       15.60276462
2009    5       13.19790188
2009    6       13.06169512
2009    7       15.06581362
2009    8       20.93378737
2009    9       15.602726
2009    10      10.372371
2009    11      23.99066425
2009    12      17.605065
2009    13      13.89619362
2009    14      23.8356445
2009    15      18.70574388
2009    16      11.64894288
2009    17      11.13656938
2009    18      13.93633075
2009    19      10.93276288
2009    20      15.96288312
2009    21      14.01201025
2009    22      8.54175912
2009    23      7.89970975
2009    24      10.14232875
2009    25      12.289358
2009    26      17.84318475
2009    27      5.637009
2009    28      11.09775775
2009    29      18.03392175
2009    30      22.76768512
2009    31      20.05223038
