####################################################################################################
# Month: 03Mar                                                                                     #
# Station: TRL                                                                                     #
# Columns are: year    day     RH (percent)                                                        #
####################################################################################################
9       1       1.15971725
9       2       1.2789625
9       3       1.16709963
9       4       1.068484
9       5       1.14508388
9       6       1.08538112
9       7       1.15477562
9       8       1.14862975
9       9       0.57399388
9       10      0.49128475
9       11      1.21807675
9       12      0.960412
9       13      1.4562745
9       14      1.26290638
9       15      1.345887
9       16      1.06541025
9       17      1.10798637
9       18      0.93429262
9       19      1.1809815
9       20      1.02942825
9       21      1.02681787
9       22      1.05271938
9       23      1.59457
9       24      1.60606375
9       25      1.11537775
9       26      1.01984938
9       27      1.04530725
9       28      1.47614738
9       29      1.86383788
9       30      1.61487212
9       31      1.39044112
