####################################################################################################
# Month: 01Jan                                                                                     #
# Station: GARS                                                                                    #
# Columns are: year    day     segment         RH (percent)                                        #
####################################################################################################
9       1       0       0.825321
9       1       1       0.847045
9       1       2       0.799118
9       1       3       0.712128
9       1       4       0.692375
9       1       5       0.721313
9       1       6       0.670376
9       1       7       0.647387
9       2       0       0.665152
9       2       1       0.622416
9       2       2       0.604874
9       2       3       0.584937
9       2       4       0.64076
9       2       5       0.78745
9       2       6       0.865476
9       2       7       0.918824
9       3       0       0.921774
9       3       1       0.889987
9       3       2       0.95993
9       3       3       0.997074
9       3       4       0.998911
9       3       5       0.991852
9       3       6       0.919725
9       3       7       0.91433
9       4       0       0.992835
9       4       1       0.999422
9       4       2       0.998989
9       4       3       0.998722
9       4       4       0.988724
9       4       5       0.967217
9       4       6       0.99306
9       4       7       0.995516
9       5       0       0.994883
9       5       1       0.997628
9       5       2       0.997713
9       5       3       0.999181
9       5       4       0.999092
9       5       5       0.971333
9       5       6       0.957317
9       5       7       0.997833
9       6       0       0.999481
9       6       1       0.999604
9       6       2       0.997199
9       6       3       0.991157
9       6       4       0.995241
9       6       5       0.99632
9       6       6       0.983853
9       6       7       0.986888
9       7       0       0.991852
9       7       1       0.993204
9       7       2       0.998014
9       7       3       0.991938
9       7       4       0.995672
9       7       5       0.996577
9       7       6       0.97112
9       7       7       0.936224
9       8       0       0.936693
9       8       1       0.926804
9       8       2       0.958712
9       8       3       0.954527
9       8       4       0.946013
9       8       5       0.936089
9       8       6       0.850368
9       8       7       0.68455
9       9       0       0.873283
9       9       1       0.999214
9       9       2       0.997626
9       9       3       0.939099
9       9       4       0.932919
9       9       5       0.949801
9       9       6       0.959461
9       9       7       0.940742
9       10      0       0.962507
9       10      1       1.048595
9       10      2       0.993316
9       10      3       0.996931
9       10      4       0.993695
9       10      5       0.989176
9       10      6       0.988961
9       10      7       0.964025
9       11      0       0.973205
9       11      1       0.981185
9       11      2       0.962262
9       11      3       0.942613
9       11      4       0.934006
9       11      5       0.924567
9       11      6       0.895126
9       11      7       0.913365
9       12      0       0.970515
9       12      1       0.96959
9       12      2       0.937164
9       12      3       0.899771
9       12      4       0.824358
9       12      5       0.76968
9       12      6       0.808037
9       12      7       0.938166
9       13      0       0.957394
9       13      1       0.86194
9       13      2       0.989089
9       13      3       0.998229
9       13      4       0.993579
9       13      5       0.992604
9       13      6       0.994632
9       13      7       0.997474
9       14      0       0.993502
9       14      1       0.998569
9       14      2       0.993951
9       14      3       0.998022
9       14      4       1.001236
9       14      5       0.972727
9       14      6       0.929393
9       14      7       0.871756
9       15      0       0.849805
9       15      1       0.849455
9       15      2       0.847905
9       15      3       0.852531
9       15      4       0.882032
9       15      5       0.943342
9       15      6       0.991376
9       15      7       0.997972
9       16      0       0.99902
9       16      1       0.995578
9       16      2       0.992855
9       16      3       0.990759
9       16      4       0.989624
9       16      5       0.972492
9       16      6       0.96545
9       16      7       0.969888
9       17      0       0.958501
9       17      1       0.967891
9       17      2       0.949227
9       17      3       0.928849
9       17      4       0.869762
9       17      5       0.818449
9       17      6       0.816276
9       17      7       0.818646
9       18      0       0.852943
9       18      1       0.938074
9       18      2       0.974105
9       18      3       0.958731
9       18      4       1.119048
9       18      5       0.973169
9       18      6       0.993912
9       18      7       0.998356
9       19      0       1.099535
9       19      1       0.999119
9       19      2       0.969444
9       19      3       0.914669
9       19      4       0.855061
9       19      5       0.840315
9       19      6       0.840483
9       19      7       0.840467
9       20      0       0.853497
9       20      1       0.857031
9       20      2       0.902549
9       20      3       0.923788
9       20      4       0.942006
9       20      5       0.972335
9       20      6       0.94437
9       20      7       0.935079
9       21      0       0.961577
9       21      1       0.978669
9       21      2       0.963849
9       21      3       1.100152
9       21      4       0.793903
9       21      5       0.904602
9       21      6       0.91226
9       21      7       0.927688
9       22      0       0.967416
9       22      1       0.979926
9       22      2       0.99807
9       22      3       0.998105
9       22      4       0.999337
9       22      5       0.999418
9       22      6       0.999617
9       22      7       0.952718
9       23      0       0.970178
9       23      1       0.987647
9       23      2       0.966955
9       23      3       0.927573
9       23      4       0.872294
9       23      5       0.825938
9       23      6       0.796203
9       23      7       0.791431
9       24      0       1.414179
9       24      1       1.247852
9       24      2       0.923462
9       24      3       0.893491
9       24      4       0.97278
9       24      5       0.971134
9       24      6       0.972492
9       24      7       0.979629
9       25      0       0.966244
9       25      1       0.998595
9       25      2       0.99938
9       25      3       0.991475
9       25      4       0.990419
9       25      5       0.987566
9       25      6       0.974303
9       25      7       0.959772
9       26      0       0.957067
9       26      1       0.971519
9       26      2       0.997593
9       26      3       0.999002
9       26      4       0.999531
9       26      5       0.998947
9       26      6       0.994713
9       26      7       0.98931
9       27      0       0.985758
9       27      1       0.971815
9       27      2       0.964516
9       27      3       0.925916
9       27      4       0.918544
9       27      5       0.902778
9       27      6       1.010638
9       27      7       1.062207
9       28      0       0.999158
9       28      1       0.992972
9       28      2       0.985352
9       28      3       0.984581
9       28      4       0.948779
9       28      5       0.951343
9       28      6       0.993823
9       28      7       0.917036
9       29      0       0.896126
9       29      1       0.768019
9       29      2       0.827938
9       29      3       0.982734
9       29      4       0.995953
9       29      5       0.997683
9       29      6       0.991467
9       29      7       0.97976
9       30      0       0.988671
9       30      1       0.990738
9       30      2       0.975823
9       30      3       0.999279
9       30      4       0.973551
9       30      5       0.960211
9       30      6       0.991557
9       30      7       0.983998
9       31      0       0.98383
9       31      1       0.985198
9       31      2       0.979509
9       31      3       0.984148
9       31      4       0.942733
9       31      5       0.797597
9       31      6       0.681399
9       31      7       0.714733
