####################################################################################################
# Month: 05May                                                                                     #
# Station: PIKE                                                                                    #
# Columns are: year    day     RH (percent)                                                        #
####################################################################################################
9       1       0.56583937
9       2       0.85998038
9       3       0.6676995
9       4       0.73799862
9       5       0.83862788
9       6       0.53064388
9       7       0.33422125
9       8       0.4399855
9       9       0.65208025
9       10      0.84832075
9       11      0.65116512
9       12      0.611197
9       13      0.56223388
9       14      0.63490587
9       15      0.64587863
9       16      0.68535363
9       17      0.48795125
9       18      0.64327
9       19      0.73162862
9       20      0.637331
9       21      0.81826312
9       22      0.88845188
9       23      0.8740135
9       24      0.87672813
9       25      0.77924788
9       26      0.89570512
9       27      0.741451
9       28      0.70719525
9       29      0.79100662
9       30      0.84251863
9       31      0.79292013
