####################################################################################################
# Month: 05May                                                                                     #
# Station: PIKE                                                                                    #
# Columns are: year    day     segment         windspeed (m/s)                                     #
####################################################################################################
2009    1       0       13.576077
2009    1       1       14.432802
2009    1       2       15.858982
2009    1       3       16.756488
2009    1       4       16.493673
2009    1       5       15.407177
2009    1       6       15.125535
2009    1       7       15.741787
2009    2       0       13.860198
2009    2       1       15.655577
2009    2       2       15.684844
2009    2       3       15.394194
2009    2       4       11.523468
2009    2       5       9.545204
2009    2       6       11.175063
2009    2       7       8.553123
2009    3       0       8.114215
2009    3       1       10.333051
2009    3       2       13.246591
2009    3       3       10.986212
2009    3       4       11.522476
2009    3       5       12.809598
2009    3       6       11.592561
2009    3       7       9.06644
2009    4       0       13.170236
2009    4       1       15.252139
2009    4       2       15.144176
2009    4       3       14.138553
2009    4       4       12.715818
2009    4       5       10.601205
2009    4       6       11.488273
2009    4       7       12.874762
2009    5       0       12.407525
2009    5       1       13.448887
2009    5       2       15.209054
2009    5       3       15.572839
2009    5       4       12.544808
2009    5       5       15.380244
2009    5       6       13.785629
2009    5       7       13.30902
2009    6       0       13.479498
2009    6       1       18.040503
2009    6       2       19.872034
2009    6       3       20.973956
2009    6       4       20.883551
2009    6       5       18.55338
2009    6       6       13.386962
2009    6       7       11.872054
2009    7       0       15.873414
2009    7       1       21.417412
2009    7       2       23.061979
2009    7       3       23.46301
2009    7       4       22.068987
2009    7       5       21.304047
2009    7       6       16.936015
2009    7       7       13.754201
2009    8       0       14.993881
2009    8       1       19.238014
2009    8       2       22.81526
2009    8       3       24.299367
2009    8       4       24.955614
2009    8       5       24.501864
2009    8       6       19.520703
2009    8       7       15.363935
2009    9       0       14.373843
2009    9       1       15.573157
2009    9       2       18.45693
2009    9       3       23.658711
2009    9       4       25.460574
2009    9       5       24.318299
2009    9       6       19.447597
2009    9       7       13.641614
2009    10      0       13.974489
2009    10      1       14.963118
2009    10      2       19.025399
2009    10      3       22.607909
2009    10      4       18.380632
2009    10      5       19.137526
2009    10      6       18.113484
2009    10      7       16.559402
2009    11      0       14.143906
2009    11      1       16.793338
2009    11      2       19.530403
2009    11      3       20.947279
2009    11      4       19.964655
2009    11      5       18.205649
2009    11      6       15.148332
2009    11      7       11.823144
2009    12      0       11.55199
2009    12      1       13.381191
2009    12      2       14.077454
2009    12      3       18.044699
2009    12      4       18.716816
2009    12      5       19.716086
2009    12      6       16.257936
2009    12      7       15.580407
2009    13      0       16.822413
2009    13      1       20.609051
2009    13      2       20.956394
2009    13      3       20.518018
2009    13      4       20.879823
2009    13      5       21.971678
2009    13      6       21.163186
2009    13      7       16.372576
2009    14      0       10.335121
2009    14      1       12.626053
2009    14      2       18.141148
2009    14      3       22.750825
2009    14      4       23.713863
2009    14      5       23.76871
2009    14      6       20.66078
2009    14      7       14.249848
2009    15      0       11.9114
2009    15      1       13.257806
2009    15      2       15.137017
2009    15      3       17.775315
2009    15      4       16.224254
2009    15      5       14.514449
2009    15      6       9.329879
2009    15      7       8.945891
2009    16      0       7.762513
2009    16      1       8.98554
2009    16      2       9.565887
2009    16      3       12.255397
2009    16      4       10.965126
2009    16      5       7.901008
2009    16      6       7.095479
2009    16      7       10.048978
2009    17      0       10.772906
2009    17      1       11.133258
2009    17      2       12.756612
2009    17      3       11.173699
2009    17      4       11.228581
2009    17      5       11.931154
2009    17      6       9.796899
2009    17      7       7.541547
2009    18      0       5.705071
2009    18      1       6.161962
2009    18      2       5.864641
2009    18      3       6.352048
2009    18      4       5.319902
2009    18      5       4.529884
2009    18      6       4.340097
2009    18      7       4.006042
2009    19      0       4.743107
2009    19      1       7.86301
2009    19      2       6.156602
2009    19      3       3.24748
2009    19      4       1.935364
2009    19      5       1.306917
2009    19      6       2.486969
2009    19      7       7.143037
2009    20      0       9.277894
2009    20      1       11.080584
2009    20      2       12.915237
2009    20      3       11.28474
2009    20      4       8.762797
2009    20      5       4.547538
2009    20      6       4.043917
2009    20      7       2.137952
2009    21      0       3.688457
2009    21      1       3.228194
2009    21      2       3.150757
2009    21      3       1.560832
2009    21      4       1.482903
2009    21      5       2.435283
2009    21      6       6.346049
2009    21      7       5.47318
2009    22      0       5.107113
2009    22      1       3.857631
2009    22      2       6.795562
2009    22      3       8.396046
2009    22      4       6.73222
2009    22      5       4.059587
2009    22      6       4.670945
2009    22      7       6.742098
2009    23      0       3.466915
2009    23      1       4.522639
2009    23      2       6.164546
2009    23      3       6.029521
2009    23      4       4.972687
2009    23      5       5.262069
2009    23      6       5.445857
2009    23      7       5.039969
2009    24      0       5.300368
2009    24      1       6.954093
2009    24      2       9.209481
2009    24      3       11.434487
2009    24      4       10.740078
2009    24      5       8.481224
2009    24      6       7.612649
2009    24      7       7.7038
2009    25      0       4.720548
2009    25      1       7.102957
2009    25      2       8.494462
2009    25      3       6.474592
2009    25      4       3.188291
2009    25      5       1.064945
2009    25      6       1.936246
2009    25      7       3.12703
2009    26      0       5.527574
2009    26      1       6.839442
2009    26      2       6.100655
2009    26      3       6.226112
2009    26      4       4.655601
2009    26      5       4.245542
2009    26      6       5.499102
2009    26      7       6.503263
2009    27      0       4.959682
2009    27      1       3.497654
2009    27      2       3.458875
2009    27      3       6.46622
2009    27      4       6.721569
2009    27      5       6.797614
2009    27      6       6.921088
2009    27      7       7.185841
2009    28      0       8.135647
2009    28      1       8.988221
2009    28      2       9.424067
2009    28      3       8.822433
2009    28      4       7.788924
2009    28      5       6.557421
2009    28      6       5.644985
2009    28      7       4.018621
2009    29      0       2.009643
2009    29      1       1.130699
2009    29      2       3.404663
2009    29      3       4.306612
2009    29      4       3.546298
2009    29      5       1.490086
2009    29      6       2.905591
2009    29      7       1.750491
2009    30      0       1.737287
2009    30      1       4.885065
2009    30      2       7.915913
2009    30      3       7.876157
2009    30      4       5.377248
2009    30      5       2.819326
2009    30      6       2.481772
2009    30      7       3.387308
2009    31      0       6.415061
2009    31      1       6.446023
2009    31      2       6.553115
2009    31      3       7.055921
2009    31      4       3.296354
2009    31      5       2.067849
2009    31      6       0.812139
2009    31      7       0.767562
