####################################################################################################
# Month: 05May                                                                                     #
# Station: BOL                                                                                     #
# Columns are: year    day     windspeed (m/s)                                                     #
####################################################################################################
2009    1       2.754692
2009    2       2.50493488
2009    3       7.49687312
2009    4       6.4495025
2009    5       4.17108475
2009    6       4.79295912
2009    7       5.18707988
2009    8       3.36238613
2009    9       3.48319912
2009    10      4.18363138
2009    11      2.798252
2009    12      3.91442738
2009    13      6.39685938
2009    14      6.62086988
2009    15      4.44756125
2009    16      5.22548238
2009    17      4.31819062
2009    18      2.3689315
2009    19      3.02858838
2009    20      5.50041388
2009    21      4.78208525
2009    22      4.99604938
2009    23      3.974709
2009    24      4.1118095
2009    25      3.909825
2009    26      3.675299
2009    27      6.28096662
2009    28      5.6532845
2009    29      13.2970895
2009    30      12.35154275
2009    31      11.6000565
