####################################################################################################
# Month: 05May                                                                                     #
# Station: BOL                                                                                     #
# Frequency: 345 GHz                                                                               #
# Columns are: year    day     tau     Tb (K)                                                      #
####################################################################################################
2009    1       0.724018        135.4065875
2009    2       0.6006498       119.206825
2009    3       0.4407136       96.74308
2009    4       0.18302281      48.71740625
2009    5       0.43127758      91.52074125
2009    6       0.70901531      133.9123625
2009    7       0.7596282       140.3502625
2009    8       0.42432694      93.41956625
2009    9       0.3297703       76.596265
2009    10      0.29943916      70.9355425
2009    11      0.4180997       90.6957575
2009    12      0.39068615      86.56496375
2009    13      0.38549595      85.0444325
2009    14      0.16121001      43.20291
2009    15      0.38774536      84.10142875
2009    16      0.23330664      57.66938625
2009    17      0.11595877      34.38807625
2009    18      0.13552979      37.2045075
2009    19      0.08753659      27.47236375
2009    20      0.1598503       43.96073125
2009    21      0.32240739      76.56267875
2009    22      0.20030928      52.21770875
2009    23      0.21913186      55.71686
2009    24      0.30217395      71.59780125
2009    25      0.20193993      51.9519625
2009    26      0.3417579       74.64009125
2009    27      0.68726691      126.99698625
2009    28      0.87470684      153.1698625
2009    29      0.42729422      91.53100875
2009    30      0.17003061      45.17101
2009    31      0.18776985      49.40576625
2010    1       0.56341832      115.98395
2010    2       0.51987771      104.88885625
2010    3       0.0801596       25.90688625
2010    4       0.39740765      83.91866
2010    5       0.13201874      38.49142625
2010    6       0.10166718      30.9353075
2010    7       0.37711988      84.23209625
2010    8       0.43636036      96.01088
2010    9       0.16012369      44.1340625
2010    10      0.0612068       21.14925125
2010    11      0.07584376      24.50950875
2010    12      0.09500717      28.78227875
2010    13      0.17644171      46.15418625
2010    14      0.37888431      85.5556675
2010    15      0.49532069      104.45826875
2010    16      0.41230009      90.3449875
2010    17      0.47493004      100.556315
2010    18      0.38089292      85.7958025
2010    19      0.32318618      74.39150125
2010    20      0.35109752      80.34884375
2010    21      0.53231915      110.2379875
2010    22      0.56509815      115.126325
2010    23      0.50187308      101.57631375
2010    24      0.44080135      94.8085325
2010    25      0.72347786      136.5687125
2010    26      0.8027825       145.121175
2010    27      0.70316361      134.3924875
2010    28      0.6124693       122.449
2010    29      0.48779169      103.564575
2010    30      0.74279352      138.6959125
2010    31      0.72192411      134.644275
2011    1       0.31998361      71.48611625
2011    2       0.44857485      94.5957925
2011    3       0.49747171      104.2781
2011    4       0.42817711      93.13742375
2011    5       0.25912625      63.24722875
2011    6       0.19520635      50.96843
2011    7       0.28237934      68.22117125
2011    8       0.37945706      86.124265
2011    9       0.22902776      57.86263125
2011    10      0.38517302      85.14631875
2011    11      0.58706927      118.6931625
2011    12      0.32109799      76.526735
2011    13      0.1360531       38.13582375
2011    14      0.24231482      59.93883625
2011    15      0.19941675      51.5319925
2011    16      0.14856138      41.15150125
2011    17      0.19983798      52.55695625
2011    18      0.17814691      47.85905625
2011    19      0.14683481      41.09536125
2011    20      0.21019198      54.402245
2011    21      0.28956483      70.1715025
2011    22      0.34124         79.44854125
2011    23      0.44234685      93.93562
2011    24      0.48572179      101.79312375
2011    25      0.3032852       71.8952575
2011    26      0.37493832      83.3124175
2011    27      0.16563015      44.512885
2011    28      0.13347162      38.05798875
2011    29      0.08403153      26.75402875
2011    30      0.11718714      33.76658375
2011    31      0.14578064      39.98386875
2012    1       0.15876838      43.25436625
2012    2       0.13623288      38.30352625
2012    3       0.12874074      36.611975
2012    4       0.27633506      67.13642125
2012    5       0.23895404      60.29778125
2012    6       0.20351306      53.19473625
2012    7       0.12315793      36.11585
2012    8       0.05445497      19.7227375
2012    9       0.05232075      19.17582
2012    10      0.18076975      45.73968375
2012    11      0.31468077      74.91902875
2012    12      0.59609005      117.60110125
2012    13      0.51886719      104.10581625
2012    14      0.24892521      61.05053125
2012    15      0.34859276      80.37400625
2012    16      0.17281274      46.44321
2012    17      0.20473369      52.004495
2012    18      0.34178391      79.12966
2012    19      0.35579106      81.341885
2012    20      0.25464241      62.86108375
2012    21      0.54850801      112.1388525
2012    22      0.36696451      84.19547375
2012    23      0.48957354      103.2505075
2012    24      0.38586412      83.64905375
2012    25      0.52380294      104.06132125
2012    26      0.11009024      32.35746625
2012    27      0.09213202      28.72902875
2012    28      0.07726908      24.99650625
2012    29      0.08547266      26.84140125
2012    30      0.15774813      42.12314125
2012    31      0.12065349      33.6824525
2013    1       0.28187732      67.47637625
2013    2       0.59841925      119.0779125
2013    3       0.59061724      118.3986125
2013    4       0.57484096      116.0544625
2013    5       0.50239008      104.42936
2013    6       0.54909515      109.644
2013    7       0.1765514       47.1136075
2013    8       0.10859498      32.07529625
2013    9       0.18157608      48.483395
2013    10      0.13119289      37.56979625
2013    11      0.27991228      67.1307075
2013    12      0.61396046      120.5380225
2013    13      0.44577275      96.7167575
2013    14      0.51559459      106.99174125
2013    15      0.5784136       115.4605025
2013    16      0.80987         146.013875
2013    17      0.72191919      136.411675
2013    18      0.62284859      123.7212
2013    19      0.54364529      112.39869875
2013    20      0.23268505      58.43767375
2013    21      0.26580328      65.59717625
2013    22      0.24681605      61.5198625
2013    23      0.39445636      88.045125
2013    24      0.66441592      127.1250575
2013    25      0.58769482      116.762565
2013    26      0.14835659      41.03699125
2013    27      0.15001051      41.2538125
2013    28      0.17474546      46.36036125
2013    29      0.22760539      56.8730775
2013    30      0.38519243      79.2148375
2013    31      0.21786934      51.58018125
2014    1       0.24238692      59.70058625
2014    2       0.36006711      81.087875
2014    3       0.32466485      76.3995125
2014    4       0.4173425       91.50715875
2014    5       0.9072734       157.4155
2014    6       0.36402498      82.0569525
2014    7       0.23497101      58.09728625
2014    8       0.23924965      59.59869
2014    9       0.4360106       93.677265
2014    10      0.79628804      145.6570875
2014    11      0.57643631      117.361975
2014    12      0.89472221      156.4404875
2014    13      0.88214398      153.553075
2014    14      0.65546032      124.62393875
2014    15      0.50330758      105.5131425
2014    16      0.59308539      117.88588375
2014    17      0.31632538      72.62728875
2014    18      0.36876134      80.3466925
2014    19      0.51283272      106.143195
2014    20      0.44729465      97.18613625
2014    21      0.48454766      102.9580425
2014    22      0.76997256      141.1321375
2014    23      0.82419948      147.439025
2014    24      0.50710048      96.84413
2014    25      0.05363986      19.5067275
2014    26      0.06634923      22.685
2014    27      0.09047349      28.54215875
2014    28      0.09589402      29.904425
2014    29      0.15034272      42.221415
2014    30      0.14162615      40.50117875
2014    31      0.15760411      43.816365
2015    1       0.74736482      138.8814875
2015    2       0.2896753       70.39904375
2015    3       0.12288162      35.98799625
2015    4       0.43386128      88.40111625
2015    5       0.64161281      125.3807625
2015    6       0.20250034      52.8910925
2015    7       0.5741357       114.76718375
2015    8       0.64056539      125.648425
2015    9       0.65011899      126.7646625
2015    10      0.37887776      86.16961
2015    11      0.23487632      59.03321375
2015    12      0.34955701      80.67825125
2015    13      0.3515043       80.38479625
2015    14      0.34163014      78.137315
2015    15      0.34610342      77.37958125
2015    16      0.63565044      122.9243625
2015    17      0.5448532       111.19078375
2015    18      0.50019066      103.75653375
2015    19      0.3811996       85.94225625
2015    20      0.37282266      84.12293875
2015    21      0.22311419      56.09563
2015    22      0.12485824      35.72943125
2015    23      0.14777772      41.361725
2015    24      0.13587378      38.5044675
2015    25      0.44845488      92.9037975
2015    26      0.76086658      139.249575
2015    27      0.43413856      88.91151875
2015    28      0.3087289       72.39416625
2015    29      0.21450358      54.02338875
2015    30      0.22977465      56.65298375
2015    31      0.59787142      119.198225
2016    1       0.09135181      28.60057
2016    2       0.12915543      36.6406375
2016    3       0.12263239      35.42611875
2016    4       0.14729957      39.69855625
2016    5       0.41111188      90.51897875
2016    6       0.28535675      69.31686
2016    7       0.3753056       85.1627825
2016    8       0.37068261      82.65934375
2016    9       0.44903611      95.3439075
2016    10      0.47785755      102.6987975
2016    11      0.45907511      97.99736
2016    12      0.18357811      48.077815
2016    13      0.20547685      53.1023875
2016    14      0.33407254      75.48620375
2016    15      0.34328254      79.7761525
2016    16      0.37976346      84.58828
2016    17      0.45759464      95.9586625
2016    18      0.15576842      42.83816
2016    19      0.1416846       38.87181375
2016    20      0.19372195      50.40220875
2016    21      0.49803383      103.4302675
2016    22      0.12424296      35.78523
2016    23      0.19969838      51.43424625
2016    24      0.2120407       53.321565
2016    25      0.3869491       87.10836875
2016    26      0.15105806      40.57846625
2016    27      0.16480183      44.4855325
2016    28      0.15443138      42.1916125
2016    29      0.11677953      34.12676125
2016    30      0.10793045      31.940475
2016    31      0.10129577      30.4881025
2017    1       0.57997171      117.800625
2017    2       0.19951386      51.955285
2017    3       0.21444061      55.20236875
2017    4       0.2915235       70.9794925
2017    5       0.470749        98.1528225
2017    6       0.36864941      83.13526375
2017    7       0.49059644      104.66316
2017    8       0.4497259       98.12424625
2017    9       0.27716509      66.42552625
2017    10      0.65103949      125.3348625
2017    11      0.62332188      122.4224175
2017    12      0.58138794      117.14850125
2017    13      0.38772219      87.95876125
2017    14      0.48139106      102.5517075
2017    15      0.44608044      96.47072625
2017    16      0.83759202      148.241075
2017    17      0.81580812      147.4507625
2017    18      0.46537419      97.2846725
2017    19      0.30974886      71.476555
2017    20      0.42985124      90.13422375
2017    21      0.5887436       116.81350375
2017    22      0.64343899      125.7412625
2017    23      0.90433254      157.3954625
2017    24      0.82062292      148.2452625
2017    25      0.69101412      132.5615875
2017    26      0.56517815      114.83107375
2017    27      0.72172522      135.6267875
2017    28      0.85600535      152.1007125
2017    29      0.74521401      139.471225
2017    30      0.70034155      133.7106
2017    31      0.43747308      94.69748625
2018    1       0.48240832      100.46086125
2018    2       0.3816062       85.4989325
2018    3       0.3900742       87.37335625
2018    4       0.76441085      140.0306875
2018    5       0.47616595      98.94430375
2018    6       0.5934069       117.7193125
2018    7       0.45739404      98.4873875
2018    8       0.22534019      56.84346375
2018    9       0.52302846      107.7771075
2018    10      0.39338775      85.15486625
2018    11      0.38481251      84.165195
2018    12      0.61778941      117.26632
2018    13      0.20498959      53.67954
2018    14      0.12771821      37.2089475
2018    15      0.19238552      49.88128375
2018    16      0.22794632      56.383335
2018    17      0.31755482      71.0863525
2018    18      0.14184594      38.778485
2018    19      0.28296036      62.97673125
2018    20      0.28455544      67.67448
2018    21      0.13436104      38.573845
2018    22      0.14887459      40.9261475
2018    23      0.1741505       47.53333875
2018    24      0.14153151      40.2442825
2018    25      0.10495511      32.05869
2018    26      0.06078888      21.22194
2018    27      0.1079159       32.31587
2018    28      0.24485292      61.3615175
2018    29      0.13827769      38.38082125
2018    30      0.16582279      44.5159275
2018    31      0.1778857       46.83333625
