####################################################################################################
# Month: 06Jun                                                                                     #
# Station: PAM                                                                                     #
# Columns are: year    day     RH (percent)                                                        #
####################################################################################################
9       1       0.56573725
9       2       0.50574
9       3       0.38581
9       4       0.717187
9       5       0.64835825
9       6       0.793071
9       7       0.77249525
9       8       0.85988688
9       9       0.81363125
9       10      0.8286545
9       11      0.76745125
9       12      0.58251362
9       13      0.52342375
9       14      0.76504288
9       15      0.72521188
9       16      0.79434588
9       17      0.55497
9       18      0.34942225
9       19      0.49574838
9       20      0.795081
9       21      0.8283345
9       22      0.72386112
9       23      0.71283062
9       24      0.37402037
9       25      0.30151162
9       26      0.37091962
9       27      0.30823462
9       28      0.27308175
9       29      0.5044055
9       30      0.37486488
