####################################################################################################
# Month: 06Jun                                                                                     #
# Station: BAJA                                                                                    #
# Columns are: year    day     RH (percent)                                                        #
####################################################################################################
9       1       0.32126175
9       2       0.13546012
9       3       0.14484012
9       4       0.25105525
9       5       0.19488275
9       6       0.11159788
9       7       0.142969
9       8       0.26958612
9       9       0.49375775
9       10      0.31443888
9       11      0.15205525
9       12      0.35820387
9       13      0.35741138
9       14      0.31596638
9       15      0.23252925
9       16      0.423595
9       17      0.64465637
9       18      0.66999937
9       19      0.40928475
9       20      0.44285525
9       21      0.195239
9       22      0.168036
9       23      0.12645262
9       24      0.30197487
9       25      0.54347538
9       26      0.68838812
9       27      0.5640905
9       28      0.59333438
9       29      0.63484725
9       30      0.70333975
