####################################################################################################
# Month: 06Jun                                                                                     #
# Station: BAJA                                                                                    #
# Columns are: year    day     windspeed (m/s)                                                     #
####################################################################################################
2009    1       2.51482087
2009    2       8.1115665
2009    3       10.59953888
2009    4       17.19423988
2009    5       17.89344525
2009    6       15.129443
2009    7       9.25433125
2009    8       8.6903
2009    9       13.8650185
2009    10      7.94347188
2009    11      7.15135425
2009    12      10.14873725
2009    13      10.03319812
2009    14      5.91196775
2009    15      7.07875262
2009    16      7.73305638
2009    17      5.5860825
2009    18      5.25693325
2009    19      8.3058875
2009    20      3.2971965
2009    21      3.597327
2009    22      2.57032588
2009    23      7.252877
2009    24      12.31837675
2009    25      8.12778962
2009    26      3.87547125
2009    27      3.25884575
2009    28      3.5763125
2009    29      4.11658612
2009    30      5.8793545
