####################################################################################################
# Month: 05May                                                                                     #
# Station: NOR                                                                                     #
# Columns are: year    day     segment         windspeed (m/s)                                     #
####################################################################################################
2009    1       0       3.20756
2009    1       1       3.377586
2009    1       2       2.287579
2009    1       3       1.592079
2009    1       4       2.487972
2009    1       5       1.960991
2009    1       6       3.089257
2009    1       7       4.280706
2009    2       0       3.967578
2009    2       1       4.524313
2009    2       2       4.231032
2009    2       3       4.57602
2009    2       4       8.743842
2009    2       5       10.429701
2009    2       6       11.782136
2009    2       7       13.067657
2009    3       0       12.950353
2009    3       1       11.193141
2009    3       2       9.036308
2009    3       3       9.593473
2009    3       4       10.173221
2009    3       5       10.640755
2009    3       6       10.109311
2009    3       7       8.492753
2009    4       0       7.048928
2009    4       1       5.786221
2009    4       2       3.56178
2009    4       3       2.004114
2009    4       4       2.462525
2009    4       5       2.409364
2009    4       6       2.335392
2009    4       7       1.68924
2009    5       0       1.542028
2009    5       1       1.879098
2009    5       2       3.052959
2009    5       3       5.558715
2009    5       4       8.154554
2009    5       5       8.046852
2009    5       6       7.633122
2009    5       7       8.454783
2009    6       0       9.602583
2009    6       1       10.714692
2009    6       2       10.284081
2009    6       3       10.220999
2009    6       4       9.088277
2009    6       5       8.295087
2009    6       6       5.60694
2009    6       7       9.230029
2009    7       0       11.544277
2009    7       1       11.049762
2009    7       2       8.839502
2009    7       3       5.404673
2009    7       4       6.110302
2009    7       5       4.792521
2009    7       6       2.756941
2009    7       7       5.145067
2009    8       0       8.134467
2009    8       1       8.599619
2009    8       2       11.505718
2009    8       3       15.81114
2009    8       4       12.910363
2009    8       5       11.811275
2009    8       6       12.627591
2009    8       7       12.893471
2009    9       0       11.121849
2009    9       1       9.39709
2009    9       2       9.041455
2009    9       3       10.933604
2009    9       4       10.503087
2009    9       5       10.058859
2009    9       6       10.215499
2009    9       7       10.906048
2009    10      0       11.747075
2009    10      1       13.784312
2009    10      2       13.73003
2009    10      3       13.172581
2009    10      4       11.977548
2009    10      5       12.855923
2009    10      6       15.820353
2009    10      7       18.067492
2009    11      0       18.168292
2009    11      1       17.891541
2009    11      2       17.310088
2009    11      3       17.302719
2009    11      4       15.554095
2009    11      5       14.805756
2009    11      6       15.264439
2009    11      7       15.833258
2009    12      0       16.733744
2009    12      1       18.692584
2009    12      2       19.618139
2009    12      3       23.521289
2009    12      4       23.377174
2009    12      5       22.456149
2009    12      6       18.781696
2009    12      7       18.889463
2009    13      0       16.836064
2009    13      1       16.323012
2009    13      2       19.139799
2009    13      3       19.552568
2009    13      4       18.918925
2009    13      5       19.336569
2009    13      6       20.624947
2009    13      7       22.417378
2009    14      0       25.963422
2009    14      1       20.965653
2009    14      2       23.328263
2009    14      3       27.144025
2009    14      4       21.961351
2009    14      5       17.900757
2009    14      6       12.058464
2009    14      7       11.81995
2009    15      0       9.637975
2009    15      1       7.54101
2009    15      2       6.190061
2009    15      3       6.834
2009    15      4       7.479342
2009    15      5       4.840619
2009    15      6       5.711843
2009    15      7       5.462466
2009    16      0       7.299989
2009    16      1       12.072334
2009    16      2       12.817078
2009    16      3       11.884719
2009    16      4       11.422363
2009    16      5       13.561023
2009    16      6       15.969932
2009    16      7       20.07644
2009    17      0       22.9703
2009    17      1       26.548422
2009    17      2       27.590588
2009    17      3       28.409621
2009    17      4       29.42018
2009    17      5       29.568951
2009    17      6       33.735524
2009    17      7       27.185625
2009    18      0       19.867004
2009    18      1       12.437957
2009    18      2       9.984663
2009    18      3       10.535721
2009    18      4       13.854753
2009    18      5       17.275011
2009    18      6       16.958908
2009    18      7       14.512621
2009    19      0       13.146493
2009    19      1       11.952913
2009    19      2       10.482841
2009    19      3       8.664696
2009    19      4       7.720933
2009    19      5       8.399389
2009    19      6       10.170351
2009    19      7       10.761907
2009    20      0       11.575795
2009    20      1       12.674209
2009    20      2       11.326602
2009    20      3       11.617003
2009    20      4       12.037924
2009    20      5       9.132565
2009    20      6       6.890307
2009    20      7       3.894633
2009    21      0       4.960325
2009    21      1       6.96421
2009    21      2       11.465645
2009    21      3       16.032448
2009    21      4       19.005504
2009    21      5       20.234845
2009    21      6       21.715449
2009    21      7       25.744654
2009    22      0       22.857264
2009    22      1       17.899293
2009    22      2       17.30616
2009    22      3       15.59092
2009    22      4       15.443119
2009    22      5       17.698223
2009    22      6       17.732435
2009    22      7       17.071141
2009    23      0       17.266668
2009    23      1       17.917632
2009    23      2       15.077576
2009    23      3       11.237029
2009    23      4       10.418523
2009    23      5       11.949392
2009    23      6       11.886905
2009    23      7       10.108124
2009    24      0       8.390544
2009    24      1       5.899974
2009    24      2       3.395062
2009    24      3       1.425734
2009    24      4       0.737402
2009    24      5       1.052289
2009    24      6       1.094062
2009    24      7       2.286677
2009    25      0       6.724344
2009    25      1       10.876722
2009    25      2       12.742318
2009    25      3       15.377118
2009    25      4       14.682781
2009    25      5       12.99761
2009    25      6       12.466751
2009    25      7       10.702219
2009    26      0       8.067624
2009    26      1       3.279616
2009    26      2       1.313774
2009    26      3       1.78515
2009    26      4       1.528927
2009    26      5       1.609411
2009    26      6       1.148607
2009    26      7       0.461306
2009    27      0       2.0966
2009    27      1       4.128461
2009    27      2       6.202892
2009    27      3       8.64042
2009    27      4       10.996763
2009    27      5       11.603152
2009    27      6       12.073375
2009    27      7       12.649394
2009    28      0       12.144772
2009    28      1       11.833974
2009    28      2       12.042304
2009    28      3       9.448905
2009    28      4       10.343114
2009    28      5       9.219931
2009    28      6       11.155711
2009    28      7       10.948934
2009    29      0       10.311747
2009    29      1       8.797165
2009    29      2       6.66775
2009    29      3       4.338206
2009    29      4       4.281283
2009    29      5       1.620499
2009    29      6       2.391184
2009    29      7       2.582029
2009    30      0       4.133515
2009    30      1       4.120027
2009    30      2       3.205086
2009    30      3       3.560385
2009    30      4       4.737158
2009    30      5       6.118739
2009    30      6       8.257418
2009    30      7       11.187556
2009    31      0       10.407992
2009    31      1       7.755439
2009    31      2       6.475474
2009    31      3       6.484718
2009    31      4       8.613522
2009    31      5       9.273657
2009    31      6       7.418299
2009    31      7       5.501863
