####################################################################################################
# Month: 02Feb                                                                                     #
# Station: JCMT                                                                                    #
# Columns are: year    day     RH (percent)                                                        #
####################################################################################################
9       1       0.09147938
9       2       0.04611938
9       3       0.10434938
9       4       0.61105338
9       5       0.65628425
9       6       0.85836188
9       7       0.82589362
9       8       0.77183313
9       9       0.64138963
9       10      0.70468112
9       11      0.65469725
9       12      0.64888762
9       13      0.54802625
9       14      0.08670612
9       15      0.0142645
9       16      0.13451538
9       17      0.18559975
9       18      0.21578462
9       19      0.19865688
9       20      0.238735
9       21      0.41612112
9       22      0.12852062
9       23      0.04098138
9       24      0.15768462
9       25      0.75227825
9       26      0.20623838
9       27      0.04119975
9       28      0.0846455
