####################################################################################################
# Month: 04Apr                                                                                     #
# Station: YBG                                                                                     #
# Columns are: year    day     segment         RH (percent)                                        #
####################################################################################################
9       1       0       0.727798
9       1       1       0.374534
9       1       2       0.122612
9       1       3       0.071062
9       1       4       0.084148
9       1       5       0.100174
9       1       6       0.122107
9       1       7       0.216481
9       2       0       0.222801
9       2       1       0.328135
9       2       2       0.258615
9       2       3       0.229008
9       2       4       0.207179
9       2       5       0.084664
9       2       6       0.194031
9       2       7       0.297656
9       3       0       0.41707
9       3       1       0.697438
9       3       2       0.490022
9       3       3       0.233066
9       3       4       0.173785
9       3       5       0.222915
9       3       6       0.479673
9       3       7       0.375051
9       4       0       0.260974
9       4       1       0.286927
9       4       2       0.247966
9       4       3       0.230519
9       4       4       0.367544
9       4       5       0.480187
9       4       6       0.304264
9       4       7       0.273613
9       5       0       0.364565
9       5       1       0.082911
9       5       2       0.109062
9       5       3       0.11741
9       5       4       0.147713
9       5       5       0.191625
9       5       6       0.220078
9       5       7       0.235668
9       6       0       0.222141
9       6       1       0.147776
9       6       2       0.065244
9       6       3       0.056886
9       6       4       0.044306
9       6       5       0.136621
9       6       6       0.724141
9       6       7       0.875478
9       7       0       0.825867
9       7       1       0.869476
9       7       2       0.162084
9       7       3       0.077642
9       7       4       0.055655
9       7       5       0.078341
9       7       6       0.117755
9       7       7       0.356775
9       8       0       0.550929
9       8       1       0.261115
9       8       2       0.075567
9       8       3       0.052515
9       8       4       0.05238
9       8       5       0.077677
9       8       6       0.409738
9       8       7       0.176365
9       9       0       0.259431
9       9       1       0.691948
9       9       2       0.10616
9       9       3       0.043595
9       9       4       0.041271
9       9       5       0.428925
9       9       6       0.748627
9       9       7       0.689304
9       10      0       0.759169
9       10      1       0.550428
9       10      2       0.127503
9       10      3       0.118869
9       10      4       0.164351
9       10      5       0.317535
9       10      6       0.368915
9       10      7       0.340007
9       11      0       0.586269
9       11      1       0.469955
9       11      2       0.28705
9       11      3       0.262025
9       11      4       0.328524
9       11      5       0.370096
9       11      6       0.417695
9       11      7       0.4582
9       12      0       0.452203
9       12      1       0.26765
9       12      2       0.143643
9       12      3       0.106997
9       12      4       0.107179
9       12      5       0.113153
9       12      6       0.113365
9       12      7       0.220337
9       13      0       0.290215
9       13      1       0.438473
9       13      2       0.444658
9       13      3       0.490733
9       13      4       0.580102
9       13      5       0.710752
9       13      6       0.77167
9       13      7       0.654081
9       14      0       0.550102
9       14      1       0.459956
9       14      2       0.249323
9       14      3       0.206369
9       14      4       0.230409
9       14      5       0.156791
9       14      6       0.161773
9       14      7       0.17903
9       15      0       0.214462
9       15      1       0.203678
9       15      2       0.137816
9       15      3       0.053601
9       15      4       0.049158
9       15      5       0.095071
9       15      6       0.270219
9       15      7       0.290225
9       16      0       0.724611
9       16      1       0.374404
9       16      2       0.251729
9       16      3       0.171942
9       16      4       0.148478
9       16      5       0.198923
9       16      6       0.25176
9       16      7       0.266065
9       17      0       0.342969
9       17      1       0.711418
9       17      2       0.413982
9       17      3       0.315394
9       17      4       0.082451
9       17      5       0.103901
9       17      6       0.468199
9       17      7       0.241695
9       18      0       0.214766
9       18      1       0.1381
9       18      2       0.078756
9       18      3       0.065932
9       18      4       0.066598
9       18      5       0.174694
9       18      6       0.173028
9       18      7       0.191732
9       19      0       0.259185
9       19      1       0.19959
9       19      2       0.139657
9       19      3       0.180215
9       19      4       0.157505
9       19      5       0.169116
9       19      6       0.263265
9       19      7       0.363255
9       20      0       0.384589
9       20      1       0.49319
9       20      2       0.243256
9       20      3       0.239397
9       20      4       0.245035
9       20      5       0.215302
9       20      6       0.201158
9       20      7       0.211546
9       21      0       0.318415
9       21      1       0.451772
9       21      2       0.400341
9       21      3       0.257348
9       21      4       0.194655
9       21      5       0.086007
9       21      6       0.102192
9       21      7       0.18872
9       22      0       0.37413
9       22      1       0.417755
9       22      2       0.230692
9       22      3       0.167797
9       22      4       0.150988
9       22      5       0.152523
9       22      6       0.392629
9       22      7       0.334698
9       23      0       0.432851
9       23      1       1.005801
9       23      2       0.142903
9       23      3       0.17747
9       23      4       0.132962
9       23      5       0.109634
9       23      6       0.115675
9       23      7       0.121675
9       24      0       0.236954
9       24      1       0.163331
9       24      2       0.078351
9       24      3       0.054358
9       24      4       0.049162
9       24      5       0.04515
9       24      6       0.084832
9       24      7       0.095462
9       25      0       0.123072
9       25      1       0.113846
9       25      2       0.053695
9       25      3       0.035954
9       25      4       0.03064
9       25      5       0.038852
9       25      6       0.080037
9       25      7       0.067225
9       26      0       0.076292
9       26      1       0.098579
9       26      2       0.063372
9       26      3       0.096238
9       26      4       0.092814
9       26      5       0.133101
9       26      6       0.16192
9       26      7       0.173058
9       27      0       0.175369
9       27      1       0.133185
9       27      2       0.104394
9       27      3       0.098006
9       27      4       0.139221
9       27      5       0.101702
9       27      6       0.112434
9       27      7       0.201236
9       28      0       0.193835
9       28      1       0.095579
9       28      2       0.073279
9       28      3       0.225847
9       28      4       0.142253
9       28      5       0.136784
9       28      6       0.174674
9       28      7       0.28969
9       29      0       0.324074
9       29      1       0.262066
9       29      2       0.161165
9       29      3       0.186556
9       29      4       0.182395
9       29      5       0.127707
9       29      6       0.1625
9       29      7       0.341956
9       30      0       0.431974
9       30      1       0.260719
9       30      2       0.183381
9       30      3       0.174688
9       30      4       0.218292
9       30      5       0.199744
9       30      6       0.218446
9       30      7       0.236473
