####################################################################################################
# Month: 03Mar                                                                                     #
# Station: MOR                                                                                     #
# Frequency: 345 GHz                                                                               #
# Columns are: year    day     tau     Tb (K)                                                      #
####################################################################################################
2009    1       0.51835582      108.44427
2009    2       0.66468946      128.0742225
2009    3       0.69759419      128.74897
2009    4       0.65699302      126.66863125
2009    5       0.33903931      81.44662625
2009    6       0.43544909      98.6079575
2009    7       0.57681151      121.3130625
2009    8       1.70228519      214.0595125
2009    9       1.39173762      198.42855
2009    10      1.62218088      212.9439625
2009    11      1.22569325      189.09025
2009    12      0.91083651      160.98945
2009    13      1.08691405      175.7452625
2009    14      1.02585801      172.8102375
2009    15      0.72764115      132.83093
2009    16      0.7720034       143.3354875
2009    17      1.06160481      175.013275
2009    18      1.19445562      188.098075
2009    19      1.21185678      186.0408625
2009    20      1.17839616      181.1827
2009    21      1.2407834       188.409975
2009    22      0.74753784      138.82799625
2009    23      0.95802498      166.3197375
2009    24      0.86648465      157.2207
2009    25      0.69687194      135.308575
2009    26      0.80430071      144.0619725
2009    27      1.36469792      198.0063
2009    28      1.13160786      175.053275
2009    29      0.46302991      97.63761875
2009    30      0.41160177      93.2136775
2009    31      0.27056805      65.367145
2010    1       0.4119624       78.961085
2010    2       1.30409911      177.9521075
2010    3       0.4495474       99.903625
2010    4       0.3343531       81.17634125
2010    5       0.70086569      135.2457925
2010    6       0.81832534      147.77000625
2010    7       0.6736099       127.5003925
2010    8       1.38213582      201.174825
2010    9       0.79892396      141.1555375
2010    10      0.76744145      145.7531
2010    11      0.98670621      165.6582875
2010    12      0.65532934      131.89955
2010    13      0.67452741      134.3381125
2010    14      0.70972196      139.440425
2010    15      0.86293471      156.663225
2010    16      0.9772793       165.18495
2010    17      0.73552102      143.1125
2010    18      1.86848738      227.0717125
2010    19      2.013846        236.219575
2010    20      1.896558        224.68985
2010    21      0.78193114      137.24858625
2010    22      0.45182371      91.45945875
2010    23      0.77411039      146.369275
2010    24      0.82032814      151.18215
2010    25      0.33820441      80.38687
2010    26      0.54158463      109.33365375
2010    27      0.63518009      129.127725
2010    28      0.58110205      121.50799
2010    29      0.55386769      117.0815875
2010    30      0.4233471       94.96577875
2010    31      0.65262261      131.3996625
2011    1       0.41016669      92.4998725
2011    2       0.15981856      43.91827
2011    3       0.20829298      53.12725375
2011    4       0.28777906      67.69385875
2011    5       0.56553279      114.74895375
2011    6       0.55502154      113.22251
2011    7       0.5555383       115.05972375
2011    8       0.3941643       90.25106625
2011    9       0.62319191      121.68267375
2011    10      1.47191138      202.9296875
2011    11      1.5487755       207.8564625
2011    12      0.82801455      146.38891125
2011    13      0.58102098      109.234555
2011    14      1.12746318      177.0403875
2011    15      0.94626541      158.655975
2011    16      0.47260848      100.6322625
2011    17      0.21491362      55.43355125
2011    18      0.26468784      64.40865125
2011    19      0.43292758      95.2475175
2011    20      0.53375585      108.4399825
2011    21      0.68360431      132.3167875
2011    22      1.07526965      172.870875
2011    23      0.93138608      163.3173375
2011    24      0.82103566      148.0767925
2011    25      0.81179109      149.1375125
2011    26      0.88765366      158.3895875
2011    27      0.59650598      123.094985
2011    28      0.49161042      105.803635
2011    29      0.34183994      82.48269125
2011    30      0.3214165       76.12446625
2011    31      0.632142        127.11408875
2012    1       0.29619234      72.192425
2012    2       0.24871221      62.39471
2012    3       0.26573152      65.77046
2012    4       0.34972341      82.3238225
2012    5       0.42333761      95.88618625
2012    6       0.2334111       59.74699625
2012    7       0.31426336      74.8075825
2012    8       0.28868495      69.52892875
2012    9       0.38587652      88.7376
2012    10      0.27285404      68.61039
2012    11      0.50055279      108.0558725
2012    12      0.48487591      104.14289
2012    13      0.63168399      126.2614
2012    14      0.49531231      106.8813475
2012    15      0.48289649      105.4214675
2012    16      0.75869305      139.52530625
2012    17      1.25982775      190.1052
2012    18      1.2091135       185.8197875
2012    19      1.06924666      174.03135
2012    20      1.11043883      176.1171875
2012    21      0.70022931      136.5335375
2012    22      0.59511931      117.7807625
2012    23      1.42313322      203.14735
2012    24      1.63821875      215.095425
2012    25      1.60946312      214.5977
2012    26      1.15648563      185.5323375
2012    27      1.14994085      177.824175
2012    28      1.68600075      217.4793125
2012    29      0.71306744      137.1234875
2012    30      0.48816115      106.53250125
2012    31      0.42053885      93.5103875
2013    1       0.90276018      156.05406875
2013    2       1.27940575      191.5214125
2013    3       1.00417516      146.2422825
2013    4       1.78221562      221.2699
2013    5       1.27870532      190.8977125
2013    6       0.85487929      155.49975
2013    7       0.67387355      125.5062325
2013    8       0.54487901      115.43202375
2013    9       0.55396432      115.5649325
2013    10      0.45923221      99.4119475
2013    11      0.2813819       68.4276075
2013    12      1.33869314      195.6564875
2013    13      1.50211125      210.088875
2013    14      1.42930837      207.063775
2013    15      1.32529286      199.10365
2013    16      1.13195334      182.108575
2013    17      1.08590714      176.7068875
2013    18      0.54390275      114.82269625
2013    19      0.39118729      89.27527875
2013    20      0.30143992      72.6125825
2013    21      0.34053481      81.27173625
2013    22      0.28323812      69.52211625
2013    23      0.39051476      83.6268475
2013    24      0.35676204      78.36617
2013    25      0.99135434      169.9372875
2013    26      0.48018101      102.42342375
2013    27      0.89651455      154.19306625
2013    28      0.28758036      69.46303125
2013    29      1.10423508      178.8776125
2013    30      0.73703431      141.5700125
2013    31      0.36762388      85.7354225
2014    1       0.75222205      133.927055
2014    2       0.66502255      133.2062625
2014    3       0.29207295      69.9051925
2014    4       0.59351454      123.721825
2014    5       0.60819987      125.17832
2014    6       0.60814838      118.40289125
2014    7       0.95916924      166.54805
2014    8       1.10296941      176.8676375
2014    9       1.09988015      175.79255
2014    10      0.7684998       141.8571
2014    11      1.233743        187.200925
2014    12      1.0490416       171.3000625
2014    13      0.42314935      94.9499675
2014    14      0.23302652      59.29767375
2014    15      0.32859374      77.4735925
2014    16      0.43472748      96.6446875
2014    17      0.79075119      138.52821625
2014    18      1.14883015      181.090125
2014    19      0.53859654      111.56457625
2014    20      0.34196895      79.11302375
2014    21      0.37956326      84.1627025
2014    22      0.84745936      150.2890375
2014    23      0.63145401      127.7398875
2014    24      0.49297062      106.0057575
2014    25      0.45550296      100.6711825
2014    26      0.22434316      57.95964375
2014    27      0.29514128      71.36126375
2014    28      0.71759591      132.8613975
2014    29      0.71363416      134.78225625
2014    30      0.22450112      57.47032625
2014    31      0.32853874      77.52642625
2015    1       0.36622282      86.62969125
2015    2       0.43973024      97.8596525
2015    3       0.62754159      123.8323125
2015    4       0.63344686      125.9940575
2015    5       0.60885437      123.0576875
2015    6       0.63553384      127.354475
2015    7       0.66763991      130.0738875
2015    8       0.76671641      141.6534125
2015    9       0.76850414      144.7143
2015    10      0.83800981      153.4064
2015    11      0.86898358      157.4153
2015    12      0.4083034       92.36881625
2015    13      0.38607785      84.86927625
2015    14      0.78840104      146.1916875
2015    15      0.71104196      136.348825
2015    16      0.43319621      97.542655
2015    17      0.31600878      76.4148925
2015    18      0.39425984      88.19247375
2015    19      0.71447136      129.839875
2015    20      0.91781605      157.2176875
2015    21      0.87819968      153.4217
2015    22      0.92864193      154.5580625
2015    23      1.10985073      175.0252
2015    24      0.44253912      94.47009375
2015    25      0.42070756      93.0698025
2015    26      0.54537746      112.04418125
2015    27      0.76635351      146.7122675
2015    28      0.4560193       99.71307625
2015    29      0.376334        88.00932
2015    30      0.30680709      73.87715375
2015    31      0.88124544      160.7201375
2016    1       0.12452807      36.82197375
2016    2       0.23511884      60.93847875
2016    3       0.30173259      73.03234125
2016    4       0.40207448      91.72784125
2016    5       0.3187681       76.147925
2016    6       0.2192076       56.97663875
2016    7       0.28421291      69.8118875
2016    8       0.23172741      59.45272625
2016    9       0.35221429      82.27858625
2016    10      0.6276371       127.4737875
2016    11      0.28185215      68.80749
2016    12      0.20974688      55.338185
2016    13      0.36698872      84.111855
2016    14      0.3055304       73.457345
2016    15      0.35586422      83.2213525
2016    16      0.57250272      116.7606025
2016    17      0.35067216      81.37809875
2016    18      0.50114215      108.38510375
2016    19      0.2611046       65.019675
2016    20      0.29587626      71.61474125
2016    21      0.56636536      109.75301875
2016    22      0.46635498      100.02639
2016    23      0.95316122      156.989425
2016    24      0.53567727      107.21979625
2016    25      0.29778982      71.01833375
2016    26      0.59927518      122.46705
2016    27      0.4947693       106.41449125
2016    28      0.40256338      92.74775
2016    29      0.33204081      80.411845
2016    30      0.43373874      96.95540625
2016    31      0.60980487      122.8954625
2017    1       0.5114347       108.2664475
2017    2       0.92906402      160.49717625
2017    3       0.69439251      131.11057875
2017    4       0.78994191      145.88731875
2017    5       0.77000869      149.2333375
2017    6       0.7139935       142.2491
2017    7       0.57024782      120.99317375
2017    8       0.7978177       147.8033875
2017    9       0.73991042      141.8528375
2017    10      0.87218756      158.7876625
2017    11      0.6083721       124.98486375
2017    12      0.79309828      148.18935
2017    13      0.25484619      63.78073875
2017    14      0.37106918      85.40745
2017    15      0.4032386       90.814255
2017    16      0.32766815      77.757805
2017    17      0.5967055       114.87005875
2017    18      0.97320651      161.2706875
2017    19      1.29859413      191.6308125
2017    20      0.72096761      130.5837675
2017    21      0.53015485      113.01863625
2017    22      0.2934786       71.65324875
2017    23      0.28057106      67.9334725
2017    24      0.25199006      63.55315375
2017    25      0.3687197       84.08499625
2017    26      0.38032851      88.34826625
2017    27      0.50360932      106.85411875
2017    28      0.32131356      77.50252125
2017    29      0.5033348       105.45220375
2017    30      0.74394189      138.918165
2017    31      0.95178359      165.1726625
2018    1       0.83991569      150.4044375
2018    2       0.7387303       141.92745
2018    3       1.02322966      165.023425
2018    4       0.61628909      125.29052125
2018    5       1.25411055      192.752875
2018    6       1.47442225      208.183725
2018    7       1.30092036      193.6627375
2018    8       0.31521814      74.974225
2018    9       0.6379713       126.4375625
2018    10      0.53999434      111.28754
2018    11      0.59250351      120.191305
2018    12      0.69551149      135.9061875
2018    13      0.7889371       146.2162275
2018    14      0.41850682      95.92918625
2018    15      0.95910014      152.89374625
2018    16      0.40716815      90.85390625
2018    17      0.70154336      125.1299825
2018    18      0.31053399      74.69236
2018    19      0.2822869       68.7749775
2018    20      0.20331982      53.30508125
2018    21      0.08136884      26.23688875
2018    22      0.13392262      37.9753
2018    23      0.46043111      99.74654625
2018    24      0.65282474      133.5003625
2018    25      0.62748936      128.8887625
2018    26      0.44755629      98.510675
2018    27      0.44426706      98.851815
2018    28      0.9032641       157.7453
2018    29      1.37062188      200.48145
2018    30      0.6158695       116.07650125
2018    31      0.87935141      158.4428
