####################################################################################################
# Month: 03Mar                                                                                     #
# Station: MOR                                                                                     #
# Columns are: year    day     RH (percent)                                                        #
####################################################################################################
9       1       0.3199675
9       2       0.47412125
9       3       0.71005238
9       4       0.59568025
9       5       0.19779675
9       6       0.20057275
9       7       0.458987
9       8       0.65779412
9       9       0.78115888
9       10      0.8342345
9       11      0.72229838
9       12      0.65346075
9       13      0.71812888
9       14      0.7142225
9       15      0.67745712
9       16      0.6050745
9       17      0.63121075
9       18      0.723381
9       19      0.7698275
9       20      0.81334938
9       21      0.85421575
9       22      0.64007788
9       23      0.60695075
9       24      0.45952762
9       25      0.4601505
9       26      0.57746475
9       27      0.89457788
9       28      0.82609262
9       29      0.55933038
9       30      0.26093762
9       31      0.24729963
