####################################################################################################
# Month: 02Feb                                                                                     #
# Station: BAR                                                                                     #
# Columns are: year    day     RH (percent)                                                        #
####################################################################################################
9       1       0.110914
9       2       0.3004295
9       3       0.1782885
9       4       0.1864975
9       5       0.42222638
9       6       0.7546195
9       7       0.915924
9       8       0.74111388
9       9       0.52966987
9       10      0.40886462
9       11      0.207346
9       12      0.62076175
9       13      0.631809
9       14      0.44589925
9       15      0.53146337
9       16      0.45912225
9       17      0.65317438
9       18      0.3998115
9       19      0.1777845
9       20      0.13344175
9       21      0.19928362
9       22      0.78471438
9       23      0.8237405
9       24      0.11436062
9       25      0.12457637
9       26      0.16566675
9       27      0.11604725
9       28      0.45264038
