####################################################################################################
# Month: 01Jan                                                                                     #
# Station: SAS                                                                                     #
# Frequency: 230 GHz                                                                               #
# Columns are: year    day     tau     Tb (K)                                                      #
####################################################################################################
2009    1       0.56525334      116.91476875
2009    2       0.5499898       114.79319625
2009    3       0.35264555      81.24066375
2009    4       0.17902828      47.39590625
2009    5       0.08311528      25.58374125
2009    6       0.11593659      33.28485375
2009    7       0.19574806      50.52097125
2009    8       0.38329044      87.5486575
2009    9       0.38047608      86.5704375
2009    10      0.4051066       91.15922125
2009    11      0.37516345      85.48217375
2009    12      0.37655114      84.9544525
2009    13      0.49499972      106.02232
2009    14      0.41211549      92.40881875
2009    15      0.43309054      95.89638125
2009    16      0.41962765      93.283875
2009    17      0.17723004      46.98164375
2009    18      0.26052334      64.094225
2009    19      0.18502846      47.73615625
2009    20      0.39494079      88.42682
2009    21      0.23587749      58.8899025
2009    22      0.22540696      56.42856625
2009    23      0.35040208      81.12103875
2009    24      0.22569259      56.95428375
2009    25      0.20837651      53.03746375
2009    26      0.42625076      94.63586
2009    27      0.4112484       91.83024375
2009    28      0.40383814      90.330995
2009    29      0.38912021      88.35292
2009    30      0.35066056      81.39834125
2009    31      0.27105925      65.7304825
2010    1       0.3326398       77.4779925
2010    2       0.4946929       106.2393025
2010    3       0.58105105      119.68705
2010    4       0.60731704      123.267375
2010    5       0.58013691      119.10109625
2010    6       0.44982386      99.92029
2010    7       0.42145296      94.09528
2010    8       0.51564772      109.31725
2010    9       0.53819116      113.2065225
2010    10      0.55319109      115.6521875
2010    11      0.62913504      126.380875
2010    12      0.46522811      101.28156375
2010    13      0.52111695      110.3183
2010    14      0.50946361      107.91364125
2010    15      0.44032008      96.42954
2010    16      0.40470406      91.03700625
2010    17      0.42872559      95.60823375
2010    18      0.50000575      107.29966625
2010    19      0.4196609       93.420395
2010    20      0.34799289      79.734585
2010    21      0.49485782      105.653
2010    22      0.57909524      118.72655
2010    23      0.51422924      108.9051225
2010    24      0.38056175      86.7846725
2010    25      0.39207445      88.3595925
2010    26      0.21644539      54.54676625
2010    27      0.22966769      58.02448625
2010    28      0.32372647      75.242415
2010    29      0.24428962      59.9050325
2010    30      0.42464359      92.576395
2010    31      0.5615724       115.8491625
2011    1       0.10116418      29.848295
2011    2       0.17627616      46.87900625
2011    3       0.24194112      60.81605125
2011    4       0.27028879      66.4765675
2011    5       0.31703108      75.47933875
2011    6       0.48978075      104.9859975
2011    7       0.43773657      96.4269725
2011    8       0.43748435      96.37278625
2011    9       0.45255651      98.43364125
2011    10      0.45431126      99.45363375
2011    11      0.60311035      122.2315875
2011    12      0.54112008      113.35379
2011    13      0.38038319      86.3128725
2011    14      0.2642273       65.36503125
2011    15      0.31045798      73.9116075
2011    16      0.3792164       87.15813625
2011    17      0.38303515      88.10963625
2011    18      0.2675925       65.3849475
2011    19      0.3276535       77.76544625
2011    20      0.42427162      94.5478725
2011    21      0.42113436      93.4827475
2011    22      0.48055742      103.6223675
2011    23      0.44402826      97.5694575
2011    24      0.5067603       107.7843125
2011    25      0.44982642      98.73671875
2011    26      0.51268128      109.09326625
2011    27      0.5050913       107.90753375
2011    28      0.46784554      101.59183875
2011    29      0.44258825      97.53228125
2011    30      0.43747275      96.5223875
2011    31      0.49048305      105.22815375
2012    1       0.42665295      94.87945625
2012    2       0.49322216      105.781575
2012    3       0.45833391      99.5368
2012    4       0.40184099      89.4656375
2012    5       0.47300178      102.39845375
2012    6       0.4712664       101.927
2012    7       0.30948133      72.6574
2012    8       0.47475402      102.49330875
2012    9       0.45095196      98.62310125
2012    10      0.24504326      60.217435
2012    11      0.11539921      33.2291325
2012    12      0.1391976       38.4942525
2012    13      0.13420209      37.73327625
2012    14      0.10461506      30.7337875
2012    15      0.06363883      20.74452125
2012    16      0.119865        33.463385
2012    17      0.27349359      66.388115
2012    18      0.41026958      91.62454
2012    19      0.45772332      99.099925
2012    20      0.42008336      92.92325875
2012    21      0.4036252       89.92712125
2012    22      0.34410671      79.30499375
2012    23      0.27015552      65.56701625
2012    24      0.20693425      51.40845125
2012    25      0.40646879      90.706165
2012    26      0.45131119      98.9055825
2012    27      0.45104485      99.07432375
2012    28      0.48797748      104.47153875
2012    29      0.48626898      104.7634025
2012    30      0.47913313      103.5389525
2012    31      0.4434952       97.33929375
2013    1       0.20252002      52.40715125
2013    2       0.30662732      73.7513125
2013    3       0.20811222      52.05719
2013    4       0.43118426      94.63281
2013    5       0.44253552      96.71114375
2013    6       0.4070811       90.88659375
2013    7       0.23300684      57.7060175
2013    8       0.44799466      97.24673375
2013    9       0.53462888      111.6764875
2013    10      0.52753276      110.83260375
2013    11      0.49948929      106.65441625
2013    12      0.48032184      102.90805
2013    13      0.46416804      100.55027375
2013    14      0.52043625      110.3918875
2013    15      0.49399431      105.77213875
2013    16      0.47775596      102.97798375
2013    17      0.52567021      110.71848
2013    18      0.48593966      104.38961
2013    19      0.39289063      88.3191825
2013    20      0.29973295      70.92030625
2013    21      0.09859239      28.8189425
2013    22      0.16768831      43.254105
2013    23      0.34531791      79.18859625
2013    24      0.23240331      57.46699
2013    25      0.18977758      48.89070625
2013    26      0.40357024      90.24771
2013    27      0.2827248       66.9216075
2013    28      0.4153876       92.66570125
2013    29      0.48291926      103.66032625
2013    30      0.51483608      108.8488
2013    31      0.40222501      90.566635
2014    1       0.41434151      90.7368075
2014    2       0.49808701      106.769295
2014    3       0.32969493      77.5540375
2014    4       0.46362845      100.057125
2014    5       0.41008985      90.52777125
2014    6       0.58777926      120.5521375
2014    7       0.60346954      122.749375
2014    8       0.53475373      112.1605375
2014    9       0.45141299      98.95924375
2014    10      0.30164876      72.35492625
2014    11      0.28476994      69.40152375
2014    12      0.33906183      78.49881125
2014    13      0.48849138      105.41347625
2014    14      0.38936615      87.9570725
2014    15      0.52050221      109.91447
2014    16      0.49850784      106.370785
2014    17      0.51697792      109.4815875
2014    18      0.49415364      105.94784875
2014    19      0.44133449      97.4284975
2014    20      0.50777179      108.0845125
2014    21      0.41946392      93.98997375
2014    22      0.45326582      99.175265
2014    23      0.47983108      103.43027625
2014    24      0.27974406      68.4309
2014    25      0.19908835      51.75707375
2014    26      0.26779315      64.6799975
2014    27      0.33428679      77.8767975
2014    28      0.18523914      47.98126625
2014    29      0.22860051      56.63574
2014    30      0.1904289       49.731755
2014    31      0.23111931      57.7870375
2015    1       0.18124901      46.6469725
2015    2       0.38624679      87.0004725
2015    3       0.27073437      65.17399875
2015    4       0.3913948       87.553375
2015    5       0.47027675      101.65904125
2015    6       0.4541938       98.90311125
2015    7       0.30813122      72.0052275
2015    8       0.48695746      104.29683125
2015    9       0.39106634      88.385435
2015    10      0.4222719       93.7449325
2015    11      0.4488461       98.0218725
2015    12      0.4302931       94.56505625
2015    13      0.1977915       50.48020625
2015    14      0.11940053      33.35711
2015    15      0.18606541      48.5859325
2015    16      0.16050097      43.22236375
2015    17      0.3659907       83.47366125
2015    18      0.43381249      95.19409625
2015    19      0.33259238      77.02161125
2015    20      0.41582046      92.0025
2015    21      0.44784748      98.3089225
2015    22      0.42436514      94.20105375
2015    23      0.45107771      98.829585
2015    24      0.3804698       86.1283375
2015    25      0.43647926      96.54791375
2015    26      0.46660558      101.464665
2015    27      0.44062478      97.04256375
2015    28      0.50349187      107.127775
2015    29      0.43621258      96.34874875
2015    30      0.52179971      110.31213125
2015    31      0.45299712      99.30872625
2016    1       0.058708        19.2863175
2016    5       0.19834014      51.228535
2016    6       0.35685551      82.602555
2016    7       0.40468156      90.5824475
2016    8       0.27884965      67.40380875
2016    9       0.15634536      42.084525
2016    10      0.35827792      81.76971
2016    11      0.44959798      98.10358
2016    12      0.52833902      111.62832625
2016    13      0.35443552      80.46408375
2016    14      0.07579009      23.3530975
2016    15      0.08221844      24.76841875
2016    16      0.25501252      61.3535825
2016    17      0.44970228      97.8778775
2016    18      0.54296973      112.70031125
2016    19      0.57121624      117.269375
2016    20      0.58079506      119.1252625
2016    21      0.46842631      102.14825375
2016    22      0.19379962      50.28041375
2016    23      0.22346653      55.97415
2016    24      0.23768155      59.36395
2016    25      0.22872541      57.74945
2016    26      0.4138825       92.49958875
2016    27      0.37751385      86.11308625
2016    28      0.3379426       79.84042
2016    29      0.22080256      56.73612
2016    30      0.12070134      34.60868125
2016    31      0.26314761      62.6198825
2017    1       0.558383        116.1830875
2017    2       0.56438938      116.501775
2017    3       0.53143996      112.0007125
2017    4       0.63496171      127.439675
2017    5       0.6261379       125.6802625
2017    6       0.55918561      116.260525
2017    7       0.54988925      114.5827
2017    8       0.55810628      115.8419125
2017    9       0.52282248      110.319375
2017    10      0.53277744      112.3004125
2017    11      0.57098196      117.9791
2017    12      0.46649305      101.90015375
2017    13      0.53915728      113.3237125
2017    14      0.52311285      110.65678625
2017    15      0.52781981      111.5188225
2017    16      0.53577411      112.103325
2017    17      0.48680526      104.76065
2017    18      0.47434021      102.90671625
2017    19      0.50453641      107.62046875
2017    20      0.29505486      71.48442625
2017    21      0.23602969      59.75873625
2017    22      0.32816074      77.06550125
2017    23      0.49555848      106.38683
2017    24      0.37105448      84.9766875
2017    25      0.44944228      98.24233
2017    26      0.50587888      107.37195
2017    27      0.48370885      103.741435
2017    28      0.41015009      91.79052625
2017    29      0.3040991       71.7295125
2017    30      0.3255712       76.41136875
2017    31      0.30724447      73.805545
2018    1       0.46710734      100.57908875
2018    2       0.45681358      99.9572375
2018    3       0.36696262      84.4067925
2018    4       0.31313994      74.1924
2018    5       0.24304099      59.52301875
2018    6       0.27845376      67.24022625
2018    7       0.45424748      99.89533375
2018    8       0.52890378      111.2605375
2018    9       0.50285796      107.1909025
2018    10      0.48477944      104.2627425
2018    11      0.42910022      95.038485
2018    12      0.49858711      106.40277375
2018    13      0.35215959      81.77490875
2018    14      0.16953617      44.6236725
2018    15      0.31662242      74.6302175
2018    16      0.49284956      105.66423125
2018    17      0.45697756      100.29751375
2018    18      0.46883252      101.83462875
2018    19      0.44718262      98.08655375
2018    20      0.48089704      103.56714375
2018    21      0.46973996      102.14998375
2018    22      0.50598882      107.16037
2018    23      0.47895856      102.9920975
2018    24      0.46916746      101.429465
2018    25      0.39845109      88.8038775
2018    26      0.2318308       57.72114875
2018    27      0.17166802      44.97235625
2018    28      0.18834424      48.33999
2018    29      0.24665352      59.700155
2018    30      0.3824469       86.7199675
2018    31      0.38682729      86.47799125
2019    1       0.35593931      81.266355
