####################################################################################################
# Month: 01Jan                                                                                     #
# Station: SAS                                                                                     #
# Columns are: year    day     RH (percent)                                                        #
####################################################################################################
9       1       0.92828262
9       2       0.90937238
9       3       0.544381
9       4       0.41459675
9       5       0.2481395
9       6       0.31060113
9       7       0.3642115
9       8       0.80234525
9       9       0.75573312
9       10      0.82508875
9       11      0.82621725
9       12      0.763177
9       13      0.853791
9       14      0.81640925
9       15      0.85170438
9       16      0.79127025
9       17      0.46630975
9       18      0.759797
9       19      0.48722762
9       20      0.79549438
9       21      0.63943725
9       22      0.540656
9       23      0.7231985
9       24      0.67862125
9       25      0.5310585
9       26      0.835881
9       27      0.83075762
9       28      0.82074288
9       29      0.866439
9       30      0.77954688
9       31      0.632996
