####################################################################################################
# Month: 01Jan                                                                                     #
# Station: BGK                                                                                     #
# Columns are: year    day     RH (percent)                                                        #
####################################################################################################
9       1       0.86011075
9       2       0.98039338
9       3       0.81711788
9       4       0.7754395
9       5       0.71900325
9       6       1.011112
9       7       0.97594937
9       8       0.95763962
9       9       0.86615862
9       10      0.9848405
9       11      1.03048988
9       12      1.06835812
9       13      0.92045138
9       14      0.72292725
9       15      0.86514288
9       16      0.99521112
9       17      0.93731212
9       18      0.90810888
9       19      1.14461938
9       20      0.93787075
9       21      0.94302725
9       22      0.975569
9       23      0.99649463
9       24      0.9857865
9       25      0.98213975
9       26      0.91004725
9       27      0.93295625
9       28      0.91247612
9       29      0.9623595
9       30      0.90351412
9       31      0.65817788
