####################################################################################################
# Month: 01Jan                                                                                     #
# Station: BGK                                                                                     #
# Columns are: year    day     segment         windspeed (m/s)                                     #
####################################################################################################
2009    1       0       5.541913
2009    1       1       3.68673
2009    1       2       1.277517
2009    1       3       1.264867
2009    1       4       5.007321
2009    1       5       6.878326
2009    1       6       6.39733
2009    1       7       5.909403
2009    2       0       10.282953
2009    2       1       12.137583
2009    2       2       10.921104
2009    2       3       9.860474
2009    2       4       6.825817
2009    2       5       6.928207
2009    2       6       7.39877
2009    2       7       5.60985
2009    3       0       1.53339
2009    3       1       1.946407
2009    3       2       3.949025
2009    3       3       9.759024
2009    3       4       15.629804
2009    3       5       17.65912
2009    3       6       15.029307
2009    3       7       13.521619
2009    4       0       11.29104
2009    4       1       8.746151
2009    4       2       6.665419
2009    4       3       4.169235
2009    4       4       2.19351
2009    4       5       3.549969
2009    4       6       5.538984
2009    4       7       6.301681
2009    5       0       5.38627
2009    5       1       6.072004
2009    5       2       7.391181
2009    5       3       6.574609
2009    5       4       6.001356
2009    5       5       6.794882
2009    5       6       2.921055
2009    5       7       2.344123
2009    6       0       4.691887
2009    6       1       4.522244
2009    6       2       5.327055
2009    6       3       5.463803
2009    6       4       4.615139
2009    6       5       4.295485
2009    6       6       5.280343
2009    6       7       9.056594
2009    7       0       15.387259
2009    7       1       18.20579
2009    7       2       21.845712
2009    7       3       19.655469
2009    7       4       18.797259
2009    7       5       19.063885
2009    7       6       16.629843
2009    7       7       13.901239
2009    8       0       7.494349
2009    8       1       6.652195
2009    8       2       6.335044
2009    8       3       7.473562
2009    8       4       7.710516
2009    8       5       10.831029
2009    8       6       13.033039
2009    8       7       9.373949
2009    9       0       8.148487
2009    9       1       15.756969
2009    9       2       14.794093
2009    9       3       7.509947
2009    9       4       6.270821
2009    9       5       9.275469
2009    9       6       9.269477
2009    9       7       10.3295
2009    10      0       7.152946
2009    10      1       20.396475
2009    10      2       28.340255
2009    10      3       28.302597
2009    10      4       27.541801
2009    10      5       25.20506
2009    10      6       20.116256
2009    10      7       16.890967
2009    11      0       15.146352
2009    11      1       14.563002
2009    11      2       17.618071
2009    11      3       20.360629
2009    11      4       22.396587
2009    11      5       23.552386
2009    11      6       23.106265
2009    11      7       22.56575
2009    12      0       19.982992
2009    12      1       19.683386
2009    12      2       20.693625
2009    12      3       20.552469
2009    12      4       15.87239
2009    12      5       11.9465
2009    12      6       12.18353
2009    12      7       10.377086
2009    13      0       6.529272
2009    13      1       4.100697
2009    13      2       1.195685
2009    13      3       2.010211
2009    13      4       2.352914
2009    13      5       2.61222
2009    13      6       5.418071
2009    13      7       3.688664
2009    14      0       0.823771
2009    14      1       2.249183
2009    14      2       3.855639
2009    14      3       6.542375
2009    14      4       9.57376
2009    14      5       11.673287
2009    14      6       11.500609
2009    14      7       11.955793
2009    15      0       22.425182
2009    15      1       23.367214
2009    15      2       24.719134
2009    15      3       19.14261
2009    15      4       12.116405
2009    15      5       7.82723
2009    15      6       10.000665
2009    15      7       12.571309
2009    16      0       15.595644
2009    16      1       19.188475
2009    16      2       20.516681
2009    16      3       19.323013
2009    16      4       20.085627
2009    16      5       21.37978
2009    16      6       19.569444
2009    16      7       21.14533
2009    17      0       22.932213
2009    17      1       14.671514
2009    17      2       15.542738
2009    17      3       19.276104
2009    17      4       18.013444
2009    17      5       10.340732
2009    17      6       9.64919
2009    17      7       8.955813
2009    18      0       3.37593
2009    18      1       3.169405
2009    18      2       4.507591
2009    18      3       5.895724
2009    18      4       13.344813
2009    18      5       19.354141
2009    18      6       22.688217
2009    18      7       20.161463
2009    19      0       20.050537
2009    19      1       15.915602
2009    19      2       6.562391
2009    19      3       9.905788
2009    19      4       15.737583
2009    19      5       10.415538
2009    19      6       10.760905
2009    19      7       15.81132
2009    20      0       18.511797
2009    20      1       16.853084
2009    20      2       16.314131
2009    20      3       17.050835
2009    20      4       20.79577
2009    20      5       22.525669
2009    20      6       22.944696
2009    20      7       23.52234
2009    21      0       24.905682
2009    21      1       26.500715
2009    21      2       26.049117
2009    21      3       24.511178
2009    21      4       21.437901
2009    21      5       22.46331
2009    21      6       22.8669
2009    21      7       23.121346
2009    22      0       24.407932
2009    22      1       24.977782
2009    22      2       25.071708
2009    22      3       26.546926
2009    22      4       28.611633
2009    22      5       30.071151
2009    22      6       31.711953
2009    22      7       32.447786
2009    23      0       41.266532
2009    23      1       35.864174
2009    23      2       35.434816
2009    23      3       31.393083
2009    23      4       27.371633
2009    23      5       28.717319
2009    23      6       25.504115
2009    23      7       22.994034
2009    24      0       25.53133
2009    24      1       26.495017
2009    24      2       31.460749
2009    24      3       29.037787
2009    24      4       29.714246
2009    24      5       29.162324
2009    24      6       29.328027
2009    24      7       27.123781
2009    25      0       23.974851
2009    25      1       22.262019
2009    25      2       21.599095
2009    25      3       17.990972
2009    25      4       13.357592
2009    25      5       11.885942
2009    25      6       13.834209
2009    25      7       11.83666
2009    26      0       6.803917
2009    26      1       3.251077
2009    26      2       4.478069
2009    26      3       7.937884
2009    26      4       11.462789
2009    26      5       13.724921
2009    26      6       18.707061
2009    26      7       22.167774
2009    27      0       11.754667
2009    27      1       9.111932
2009    27      2       9.966492
2009    27      3       11.139309
2009    27      4       14.311947
2009    27      5       13.395971
2009    27      6       9.808083
2009    27      7       14.183353
2009    28      0       15.342797
2009    28      1       13.065786
2009    28      2       15.473506
2009    28      3       12.217916
2009    28      4       6.183149
2009    28      5       1.658378
2009    28      6       3.710339
2009    28      7       5.711743
2009    29      0       6.015864
2009    29      1       7.422467
2009    29      2       9.096959
2009    29      3       8.967836
2009    29      4       6.800512
2009    29      5       7.502338
2009    29      6       11.298534
2009    29      7       9.918498
2009    30      0       4.048385
2009    30      1       2.987161
2009    30      2       3.944205
2009    30      3       4.327102
2009    30      4       2.377648
2009    30      5       1.958454
2009    30      6       3.593179
2009    30      7       7.025477
2009    31      0       11.201239
2009    31      1       13.754244
2009    31      2       13.636383
2009    31      3       11.736772
2009    31      4       24.56529
2009    31      5       5.256558
2009    31      6       2.473173
2009    31      7       2.229011
