####################################################################################################
# Month: 03Mar                                                                                     #
# Station: KILI                                                                                    #
# Columns are: year    day     segment         RH (percent)                                        #
####################################################################################################
9       1       0       0.6634
9       1       1       0.642804
9       1       2       0.52542
9       1       3       0.500626
9       1       4       0.509994
9       1       5       0.551038
9       1       6       0.392157
9       1       7       0.39409
9       2       0       0.443642
9       2       1       0.362614
9       2       2       0.213558
9       2       3       0.124221
9       2       4       0.138797
9       2       5       0.126252
9       2       6       0.129402
9       2       7       0.141132
9       3       0       0.170329
9       3       1       0.172645
9       3       2       0.102353
9       3       3       0.085605
9       3       4       0.16961
9       3       5       0.310237
9       3       6       0.318441
9       3       7       0.347362
9       4       0       0.463774
9       4       1       0.495803
9       4       2       0.345811
9       4       3       0.297833
9       4       4       0.224281
9       4       5       0.173793
9       4       6       0.205717
9       4       7       0.230909
9       5       0       0.241705
9       5       1       0.20984
9       5       2       0.21507
9       5       3       0.202684
9       5       4       0.223894
9       5       5       0.234954
9       5       6       0.266454
9       5       7       0.337084
9       6       0       0.361753
9       6       1       0.285991
9       6       2       0.226573
9       6       3       0.211131
9       6       4       0.167989
9       6       5       0.133473
9       6       6       0.076913
9       6       7       0.052263
9       7       0       0.062546
9       7       1       0.102151
9       7       2       0.131901
9       7       3       0.123371
9       7       4       0.113077
9       7       5       0.118737
9       7       6       0.145232
9       7       7       0.147808
9       8       0       0.094424
9       8       1       0.046878
9       8       2       0.071991
9       8       3       0.100399
9       8       4       0.212666
9       8       5       0.447227
9       8       6       0.299841
9       8       7       0.165976
9       9       0       0.16733
9       9       1       0.23251
9       9       2       0.362844
9       9       3       0.492407
9       9       4       0.67072
9       9       5       0.751971
9       9       6       0.619512
9       9       7       0.489359
9       10      0       0.527018
9       10      1       0.414721
9       10      2       0.48952
9       10      3       0.638473
9       10      4       0.865023
9       10      5       0.838486
9       10      6       0.792714
9       10      7       0.90286
9       11      0       0.65469
9       11      1       0.489049
9       11      2       0.426232
9       11      3       0.45963
9       11      4       0.597863
9       11      5       0.484365
9       11      6       0.390706
9       11      7       0.420593
9       12      0       0.338462
9       12      1       0.32215
9       12      2       0.417164
9       12      3       0.594305
9       12      4       0.736435
9       12      5       0.847485
9       12      6       0.963967
9       12      7       0.923764
9       13      0       0.884952
9       13      1       0.845002
9       13      2       0.827002
9       13      3       0.894759
9       13      4       0.892368
9       13      5       0.94211
9       13      6       0.908146
9       13      7       0.74278
9       14      0       0.649484
9       14      1       0.564185
9       14      2       0.629027
9       14      3       0.752485
9       14      4       0.836069
9       14      5       0.897508
9       14      6       0.841209
9       14      7       0.71215
9       15      0       0.722866
9       15      1       0.693256
9       15      2       0.74535
9       15      3       0.818383
9       15      4       0.803081
9       15      5       0.637468
9       15      6       0.686883
9       15      7       0.493233
9       16      0       0.361109
9       16      1       0.316229
9       16      2       0.402586
9       16      3       0.542707
9       16      4       0.645231
9       16      5       0.619072
9       16      6       0.445316
9       16      7       0.293498
9       17      0       0.145791
9       17      1       0.027529
9       17      2       0.029034
9       17      3       0.060148
9       17      4       0.256122
9       17      5       0.368074
9       17      6       0.249047
9       17      7       0.187248
9       18      0       0.195125
9       18      1       0.125845
9       18      2       0.090582
9       18      3       0.198357
9       18      4       0.298923
9       18      5       0.431083
9       18      6       0.282814
9       18      7       0.282027
9       19      0       0.346878
9       19      1       0.264542
9       19      2       0.147008
9       19      3       0.137651
9       19      4       0.323548
9       19      5       0.48979
9       19      6       0.193081
9       19      7       0.014391
9       20      0       0.027562
9       20      1       0.04762
9       20      2       0.067183
9       20      3       0.094397
9       20      4       0.172083
9       20      5       0.253462
9       20      6       0.055164
9       20      7       0.020407
9       21      0       0.030799
9       21      1       0.044759
9       21      2       0.057517
9       21      3       0.078314
9       21      4       0.113079
9       21      5       0.160018
9       21      6       0.082045
9       21      7       0.09526
9       22      0       0.126711
9       22      1       0.117511
9       22      2       0.133028
9       22      3       0.239126
9       22      4       0.629561
9       22      5       0.672693
9       22      6       0.520228
9       22      7       0.231916
9       23      0       0.160886
9       23      1       0.138036
9       23      2       0.143502
9       23      3       0.221525
9       23      4       0.536782
9       23      5       0.583853
9       23      6       0.221337
9       23      7       0.131496
9       24      0       0.115038
9       24      1       0.071903
9       24      2       0.069594
9       24      3       0.073551
9       24      4       0.150717
9       24      5       0.285801
9       24      6       0.105333
9       24      7       0.082385
9       25      0       0.094847
9       25      1       0.078916
9       25      2       0.070793
9       25      3       0.07874
9       25      4       0.109088
9       25      5       0.186825
9       25      6       0.084025
9       25      7       0.0809
9       26      0       0.092974
9       26      1       0.103718
9       26      2       0.112025
9       26      3       0.109766
9       26      4       0.208602
9       26      5       0.4807
9       26      6       0.386745
9       26      7       0.368329
9       27      0       0.581139
9       27      1       0.655618
9       27      2       0.600927
9       27      3       0.653586
9       27      4       0.868725
9       27      5       1.021749
9       27      6       1.003391
9       27      7       1.007272
9       28      0       0.996727
9       28      1       0.891069
9       28      2       0.914459
9       28      3       0.803514
9       28      4       0.807507
9       28      5       0.798223
9       28      6       0.836253
9       28      7       0.884444
9       29      0       0.816054
9       29      1       0.776075
9       29      2       0.747983
9       29      3       0.73146
9       29      4       0.841543
9       29      5       0.960497
9       29      6       1.02753
9       29      7       1.01216
9       30      0       0.980932
9       30      1       0.98744
9       30      2       0.934305
9       30      3       0.848922
9       30      4       0.744114
9       30      5       0.771905
9       30      6       0.77794
9       30      7       0.635679
9       31      0       0.652858
9       31      1       0.634756
9       31      2       0.72222
9       31      3       0.88201
9       31      4       0.894008
9       31      5       0.855417
9       31      6       0.744364
9       31      7       0.729513
