####################################################################################################
# Month: 01Jan                                                                                     #
# Station: LMT                                                                                     #
# Columns are: year    day     windspeed (m/s)                                                     #
####################################################################################################
2009    1       7.44086563
2009    2       7.1831725
2009    3       6.066075
2009    4       4.57532675
2009    5       6.07520212
2009    6       11.11425262
2009    7       10.93236438
2009    8       8.45846375
2009    9       5.99416
2009    10      7.33121238
2009    11      6.38298512
2009    12      4.7594795
2009    13      5.004218
2009    14      6.34593775
2009    15      7.24018088
2009    16      8.23134088
2009    17      7.5584265
2009    18      6.315362
2009    19      8.33171225
2009    20      9.26587338
2009    21      9.70005938
2009    22      3.66330112
2009    23      1.8253715
2009    24      3.5991805
2009    25      3.06583437
2009    26      3.94007575
2009    27      7.09246388
2009    28      8.51750825
2009    29      6.1062815
2009    30      8.49930675
2009    31      9.20709012
