####################################################################################################
# Month: 09Sep                                                                                     #
# Station: HES                                                                                     #
# Columns are: year    day     windspeed (m/s)                                                     #
####################################################################################################
2009    1       5.18564938
2009    2       2.60781612
2009    3       3.47976188
2009    4       6.22272938
2009    5       5.35921388
2009    6       4.90057125
2009    7       6.788425
2009    8       7.53800775
2009    9       5.4715555
2009    10      4.35855838
2009    11      2.689843
2009    12      6.0629095
2009    13      4.95619125
2009    14      10.71749575
2009    15      8.57085025
2009    16      7.99020788
2009    17      7.03677612
2009    18      6.81619275
2009    19      5.83990362
2009    20      5.47023662
2009    21      6.01595488
2009    22      4.14013025
2009    23      3.440887
2009    24      7.42739312
2009    25      4.4247375
2009    26      5.20351387
2009    27      4.03185138
2009    28      4.26106175
2009    29      5.72400012
2009    30      3.48822312
