####################################################################################################
# Month: 06Jun                                                                                     #
# Station: FAIR                                                                                    #
# Columns are: year    day     windspeed (m/s)                                                     #
####################################################################################################
2009    1       7.00832212
2009    2       3.40178738
2009    3       2.80671475
2009    4       3.78782425
2009    5       4.10665075
2009    6       7.736415
2009    7       4.178957
2009    8       3.439863
2009    9       4.57662888
2009    10      6.90213662
2009    11      2.17071275
2009    12      4.50667588
2009    13      2.14431975
2009    14      8.51545562
2009    15      8.3580015
2009    16      4.982735
2009    17      4.48525425
2009    18      2.0522115
2009    19      3.3170985
2009    20      2.59415362
2009    21      4.895803
2009    22      6.43226012
2009    23      8.44975313
2009    24      12.55918738
2009    25      9.09564988
2009    26      4.25084688
2009    27      5.940536
2009    28      5.46825225
2009    29      2.8818345
2009    30      1.33985912
