####################################################################################################
# Month: 06Jun                                                                                     #
# Station: FAIR                                                                                    #
# Columns are: year    day     segment         RH (percent)                                        #
####################################################################################################
9       1       0       0.96319
9       1       1       0.976078
9       1       2       0.851184
9       1       3       0.776978
9       1       4       0.74704
9       1       5       0.664372
9       1       6       0.613168
9       1       7       -0.242541
9       2       0       0.551646
9       2       1       0.630811
9       2       2       0.64097
9       2       3       0.616822
9       2       4       0.579983
9       2       5       0.539306
9       2       6       0.549502
9       2       7       0.545629
9       3       0       0.515424
9       3       1       0.514181
9       3       2       0.507625
9       3       3       0.494999
9       3       4       0.487489
9       3       5       0.514248
9       3       6       0.559667
9       3       7       0.771824
9       4       0       0.720367
9       4       1       0.778285
9       4       2       0.79752
9       4       3       0.802619
9       4       4       0.813309
9       4       5       0.808826
9       4       6       0.753894
9       4       7       0.642952
9       5       0       0.517275
9       5       1       0.493798
9       5       2       0.459557
9       5       3       0.376495
9       5       4       0.340384
9       5       5       0.38053
9       5       6       0.453349
9       5       7       0.584894
9       6       0       0.795563
9       6       1       0.962899
9       6       2       0.955369
9       6       3       0.936602
9       6       4       0.772877
9       6       5       0.704176
9       6       6       0.871735
9       6       7       0.951272
9       7       0       0.903697
9       7       1       0.986196
9       7       2       0.964289
9       7       3       0.98119
9       7       4       0.890977
9       7       5       0.832635
9       7       6       0.951693
9       7       7       0.915197
9       8       0       0.839301
9       8       1       0.837873
9       8       2       0.825323
9       8       3       0.725002
9       8       4       0.731927
9       8       5       0.742647
9       8       6       0.785781
9       8       7       0.70874
9       9       0       0.59327
9       9       1       0.571044
9       9       2       0.602964
9       9       3       0.625036
9       9       4       0.695225
9       9       5       0.768651
9       9       6       0.93564
9       9       7       0.994924
9       10      0       0.988986
9       10      1       0.980521
9       10      2       0.918706
9       10      3       0.83118
9       10      4       0.880343
9       10      5       0.863907
9       10      6       0.947398
9       10      7       0.949199
9       11      0       0.891371
9       11      1       0.834138
9       11      2       0.850367
9       11      3       0.852806
9       11      4       0.873838
9       11      5       0.857525
9       11      6       0.813662
9       11      7       0.733021
9       12      0       0.687257
9       12      1       0.696556
9       12      2       0.699907
9       12      3       0.731587
9       12      4       0.761759
9       12      5       0.781395
9       12      6       0.800584
9       12      7       0.822326
9       13      0       0.718442
9       13      1       0.70653
9       13      2       0.700993
9       13      3       0.663139
9       13      4       0.652895
9       13      5       0.647336
9       13      6       0.710139
9       13      7       0.926754
9       14      0       0.960855
9       14      1       0.978241
9       14      2       0.93525
9       14      3       0.978737
9       14      4       0.978632
9       14      5       0.965882
9       14      6       0.976174
9       14      7       0.98244
9       15      0       0.957029
9       15      1       0.897729
9       15      2       0.867204
9       15      3       0.905192
9       15      4       0.918655
9       15      5       0.846913
9       15      6       0.923647
9       15      7       0.849376
9       16      0       0.764824
9       16      1       0.755441
9       16      2       0.82681
9       16      3       0.864691
9       16      4       0.799628
9       16      5       0.755118
9       16      6       0.77533
9       16      7       0.742564
9       17      0       0.679663
9       17      1       0.701465
9       17      2       0.758589
9       17      3       0.720323
9       17      4       0.707628
9       17      5       0.713466
9       17      6       0.792746
9       17      7       0.733087
9       18      0       0.650688
9       18      1       0.6366
9       18      2       0.707212
9       18      3       0.781407
9       18      4       0.86644
9       18      5       0.883962
9       18      6       0.974278
9       18      7       0.977839
9       19      0       0.930757
9       19      1       0.917049
9       19      2       0.872508
9       19      3       0.878208
9       19      4       0.87678
9       19      5       0.839146
9       19      6       0.851806
9       19      7       0.881126
9       20      0       0.871641
9       20      1       0.921207
9       20      2       0.933996
9       20      3       0.897135
9       20      4       0.833
9       20      5       0.791119
9       20      6       0.884784
9       20      7       0.893829
9       21      0       0.816662
9       21      1       0.959376
9       21      2       0.982208
9       21      3       0.972937
9       21      4       0.994653
9       21      5       0.994561
9       21      6       0.986445
9       21      7       0.951941
9       22      0       0.723702
9       22      1       0.648966
9       22      2       0.662508
9       22      3       0.689575
9       22      4       0.623359
9       22      5       0.553831
9       22      6       0.629023
9       22      7       0.645614
9       23      0       0.594661
9       23      1       0.668359
9       23      2       0.693769
9       23      3       0.650164
9       23      4       0.580164
9       23      5       0.670416
9       23      6       0.930212
9       23      7       0.989984
9       24      0       0.992026
9       24      1       0.976883
9       24      2       0.981661
9       24      3       0.979377
9       24      4       0.977608
9       24      5       0.971799
9       24      6       0.977839
9       24      7       0.9704
9       25      0       0.994825
9       25      1       0.993329
9       25      2       0.957848
9       25      3       0.889623
9       25      4       0.912061
9       25      5       0.895543
9       25      6       0.902129
9       25      7       0.749062
9       26      0       0.66739
9       26      1       0.685413
9       26      2       0.780264
9       26      3       0.787165
9       26      4       0.801645
9       26      5       0.829065
9       26      6       0.876952
9       26      7       0.871833
9       27      0       0.865631
9       27      1       0.849223
9       27      2       0.846724
9       27      3       0.857569
9       27      4       0.954904
9       27      5       0.970415
9       27      6       0.976055
9       27      7       0.935334
9       28      0       0.918879
9       28      1       0.981636
9       28      2       0.989599
9       28      3       0.994299
9       28      4       0.982845
9       28      5       0.973767
9       28      6       0.969996
9       28      7       0.886958
9       29      0       0.766965
9       29      1       0.837698
9       29      2       0.865238
9       29      3       0.880531
9       29      4       0.917117
9       29      5       0.950137
9       29      6       0.847377
9       29      7       0.852823
9       30      0       0.886158
9       30      1       0.935612
9       30      2       1.030565
9       30      3       0.88667
9       30      4       0.888908
9       30      5       0.921898
9       30      6       0.926232
9       30      7       0.89478
