####################################################################################################
# Month: 08Aug                                                                                     #
# Station: TRL                                                                                     #
# Columns are: year    day     windspeed (m/s)                                                     #
####################################################################################################
2009    1       12.36234
2009    2       26.78762
2009    3       11.31161512
2009    4       12.84609275
2009    5       26.83140838
2009    6       25.47850212
2009    7       25.73090288
2009    8       20.1677445
2009    9       20.42545212
2009    10      27.6557685
2009    11      12.88838862
2009    12      12.2695225
2009    13      16.57204225
2009    14      20.50223762
2009    15      20.53939512
2009    16      16.59608775
2009    17      26.24896888
2009    18      30.04104012
2009    19      24.29293325
2009    20      25.61110712
2009    21      17.14093963
2009    22      17.983958
2009    23      15.57728875
2009    24      20.50716388
2009    25      12.29520688
2009    26      22.7204265
2009    27      26.11182138
2009    28      28.45518088
2009    29      21.92578675
2009    30      22.31456275
2009    31      16.14589975
