####################################################################################################
# Month: 08Aug                                                                                     #
# Station: TRL                                                                                     #
# Columns are: year    day     segment         RH (percent)                                        #
####################################################################################################
9       1       0       1.009303
9       1       1       1.007442
9       1       2       0.906186
9       1       3       0.811121
9       1       4       0.949563
9       1       5       1.12605
9       1       6       1.206242
9       1       7       0.95605
9       2       0       0.534084
9       2       1       0.086717
9       2       2       0.932441
9       2       3       0.854687
9       2       4       0.978231
9       2       5       0.998369
9       2       6       1.001788
9       2       7       1.010949
9       3       0       1.032397
9       3       1       1.012573
9       3       2       1.008107
9       3       3       1.002864
9       3       4       1.000057
9       3       5       1.010635
9       3       6       1.017087
9       3       7       1.018337
9       4       0       1.010579
9       4       1       1.27675
9       4       2       1.559601
9       4       3       1.573142
9       4       4       1.354002
9       4       5       1.248794
9       4       6       1.16235
9       4       7       1.176232
9       5       0       1.160251
9       5       1       1.031446
9       5       2       1.00339
9       5       3       1.164602
9       5       4       1.747042
9       5       5       1.970091
9       5       6       1.544023
9       5       7       1.206424
9       6       0       1.085259
9       6       1       1.04975
9       6       2       1.035502
9       6       3       1.228694
9       6       4       1.676295
9       6       5       2.356439
9       6       6       2.839559
9       6       7       2.825927
9       7       0       2.694253
9       7       1       2.640207
9       7       2       2.636316
9       7       3       2.423836
9       7       4       2.129642
9       7       5       1.591627
9       7       6       1.004156
9       7       7       1.019589
9       8       0       1.019928
9       8       1       1.030339
9       8       2       0.955119
9       8       3       0.915976
9       8       4       0.955673
9       8       5       0.988338
9       8       6       1.019158
9       8       7       1.002181
9       9       0       0.979926
9       9       1       0.968107
9       9       2       1.004367
9       9       3       0.981094
9       9       4       1.013714
9       9       5       1.005891
9       9       6       0.969649
9       9       7       0.978308
9       10      0       0.971474
9       10      1       0.989837
9       10      2       1.08476
9       10      3       1.139101
9       10      4       1.279945
9       10      5       0.649555
9       10      6       0.202674
9       10      7       0.848137
9       11      0       1.02112
9       11      1       1.065627
9       11      2       1.016095
9       11      3       1.004222
9       11      4       0.999492
9       11      5       1.002454
9       11      6       1.024229
9       11      7       1.011186
9       12      0       1.029513
9       12      1       1.047287
9       12      2       1.015625
9       12      3       1.000065
9       12      4       1.027024
9       12      5       1.014899
9       12      6       1.112881
9       12      7       1.312706
9       13      0       1.408997
9       13      1       1.318372
9       13      2       1.558516
9       13      3       1.760437
9       13      4       1.625482
9       13      5       1.423615
9       13      6       1.129839
9       13      7       0.941768
9       14      0       0.804266
9       14      1       0.70231
9       14      2       0.632734
9       14      3       0.508249
9       14      4       0.662067
9       14      5       1.203489
9       14      6       2.140789
9       14      7       2.797023
9       15      0       2.100667
9       15      1       1.6432
9       15      2       1.103836
9       15      3       1.068304
9       15      4       0.848019
9       15      5       0.782275
9       15      6       0.987881
9       15      7       0.973412
9       16      0       0.721013
9       16      1       0.436142
9       16      2       0.488808
9       16      3       0.681095
9       16      4       0.789112
9       16      5       0.924173
9       16      6       1.102721
9       16      7       0.928076
9       17      0       0.873456
9       17      1       0.940811
9       17      2       1.204126
9       17      3       1.589292
9       17      4       1.997164
9       17      5       1.773072
9       17      6       1.150417
9       17      7       1.155841
9       18      0       1.277797
9       18      1       1.156939
9       18      2       1.191331
9       18      3       1.011
9       18      4       0.661104
9       18      5       0.642471
9       18      6       -0.075778
9       18      7       -0.434835
9       19      0       -0.104197
9       19      1       0.458941
9       19      2       1.460713
9       19      3       1.642354
9       19      4       1.815385
9       19      5       1.997471
9       19      6       1.62301
9       19      7       1.321071
9       20      0       1.1556
9       20      1       0.965382
9       20      2       1.063201
9       20      3       1.058001
9       20      4       0.974141
9       20      5       0.966607
9       20      6       0.921331
9       20      7       0.934989
9       21      0       0.904678
9       21      1       0.827801
9       21      2       0.918612
9       21      3       0.999223
9       21      4       1.128474
9       21      5       1.309423
9       21      6       1.455582
9       21      7       1.585129
9       22      0       1.608514
9       22      1       1.575817
9       22      2       1.336174
9       22      3       1.056735
9       22      4       0.909356
9       22      5       0.698388
9       22      6       0.426795
9       22      7       0.367713
9       23      0       0.644571
9       23      1       0.919001
9       23      2       0.954162
9       23      3       0.92075
9       23      4       1.12523
9       23      5       1.315116
9       23      6       1.049272
9       23      7       0.999869
9       24      0       0.992361
9       24      1       0.981279
9       24      2       1.036522
9       24      3       0.986284
9       24      4       0.994988
9       24      5       1.002207
9       24      6       1.00041
9       24      7       0.999215
9       25      0       0.984599
9       25      1       0.980819
9       25      2       0.986301
9       25      3       0.970827
9       25      4       0.98679
9       25      5       1.037006
9       25      6       1.087807
9       25      7       1.044381
9       26      0       0.81742
9       26      1       1.010263
9       26      2       1.354043
9       26      3       1.535402
9       26      4       1.484286
9       26      5       1.646208
9       26      6       1.924632
9       26      7       2.04973
9       27      0       1.627671
9       27      1       1.113747
9       27      2       1.277173
9       27      3       1.285209
9       27      4       1.676797
9       27      5       1.756081
9       27      6       1.69421
9       27      7       1.804317
9       28      0       2.009903
9       28      1       2.075848
9       28      2       1.746315
9       28      3       1.739835
9       28      4       2.05949
9       28      5       2.320515
9       28      6       2.393207
9       28      7       1.981185
9       29      0       1.344911
9       29      1       1.06578
9       29      2       1.045136
9       29      3       0.994753
9       29      4       1.692874
9       29      5       2.046874
9       29      6       1.444084
9       29      7       1.127167
9       30      0       1.046233
9       30      1       0.953438
9       30      2       1.251784
9       30      3       1.357423
9       30      4       1.501381
9       30      5       1.434187
9       30      6       1.398259
9       30      7       1.304088
9       31      0       1.007197
9       31      1       0.707773
9       31      2       0.590766
9       31      3       0.564529
9       31      4       0.681476
9       31      5       0.662553
9       31      6       0.801787
9       31      7       0.919433
