####################################################################################################
# Month: 07Jul                                                                                     #
# Station: SMT                                                                                     #
# Columns are: year    day     RH (percent)                                                        #
####################################################################################################
9       1       0.80327112
9       2       0.840655
9       3       0.88355925
9       4       0.76167612
9       5       0.81599163
9       6       0.67539088
9       7       0.70165512
9       8       0.63227012
9       9       0.69905362
9       10      0.72787438
9       11      0.47700712
9       12      0.43241075
9       13      0.44677525
9       14      0.56305
9       15      0.61187062
9       16      0.62489225
9       17      0.58621175
9       18      0.66146988
9       19      0.45857562
9       20      0.62945912
9       21      0.79386075
9       22      0.78022
9       23      0.68646325
9       24      0.51732588
9       25      0.74895662
9       26      0.59109725
9       27      0.64891975
9       28      0.63654912
9       29      0.48322175
9       30      0.53801638
9       31      0.43807425
