####################################################################################################
# Month: 07Jul                                                                                     #
# Station: SMT                                                                                     #
# Columns are: year    day     windspeed (m/s)                                                     #
####################################################################################################
2009    1       5.27100562
2009    2       5.39950688
2009    3       2.71251088
2009    4       5.01410538
2009    5       3.52713525
2009    6       1.95628275
2009    7       5.14387875
2009    8       4.23095888
2009    9       4.182343
2009    10      5.65240625
2009    11      8.629353
2009    12      4.09539613
2009    13      2.72275625
2009    14      2.67797212
2009    15      2.8559045
2009    16      2.30621975
2009    17      6.21681925
2009    18      7.72636538
2009    19      2.98499675
2009    20      4.54711075
2009    21      7.14281275
2009    22      4.23487312
2009    23      8.24612762
2009    24      8.844576
2009    25      4.86199525
2009    26      2.28103412
2009    27      3.9763705
2009    28      4.27024812
2009    29      7.35387662
2009    30      5.7979095
2009    31      3.00588362
