####################################################################################################
# Month: 07Jul                                                                                     #
# Station: LMT                                                                                     #
# Columns are: year    day     segment         RH (percent)                                        #
####################################################################################################
9       1       0       0.732571
9       1       1       0.727772
9       1       2       0.696561
9       1       3       0.76164
9       1       4       0.710316
9       1       5       0.700134
9       1       6       0.60711
9       1       7       0.62224
9       2       0       0.756113
9       2       1       0.843379
9       2       2       0.911948
9       2       3       0.931986
9       2       4       0.895534
9       2       5       0.951245
9       2       6       0.978321
9       2       7       0.937493
9       3       0       0.733161
9       3       1       0.721926
9       3       2       0.715823
9       3       3       0.811956
9       3       4       0.895158
9       3       5       0.920662
9       3       6       0.82046
9       3       7       0.76969
9       4       0       0.74576
9       4       1       0.800595
9       4       2       0.898816
9       4       3       0.894133
9       4       4       0.94127
9       4       5       0.96943
9       4       6       0.939069
9       4       7       0.879794
9       5       0       0.84856
9       5       1       0.80705
9       5       2       0.779848
9       5       3       0.783043
9       5       4       0.62346
9       5       5       0.554193
9       5       6       0.447904
9       5       7       0.29239
9       6       0       0.334185
9       6       1       0.330758
9       6       2       0.31368
9       6       3       0.275763
9       6       4       0.336087
9       6       5       0.418499
9       6       6       0.366932
9       6       7       0.354887
9       7       0       0.327637
9       7       1       0.321383
9       7       2       0.342467
9       7       3       0.3919
9       7       4       0.348789
9       7       5       0.221893
9       7       6       0.265889
9       7       7       0.414823
9       8       0       0.321576
9       8       1       0.179779
9       8       2       0.174982
9       8       3       0.180018
9       8       4       0.168246
9       8       5       0.153038
9       8       6       0.187909
9       8       7       0.194834
9       9       0       0.17245
9       9       1       0.219976
9       9       2       0.222465
9       9       3       0.175212
9       9       4       0.20214
9       9       5       0.234256
9       9       6       0.2178
9       9       7       0.184245
9       10      0       0.677184
9       10      1       0.836321
9       10      2       0.876166
9       10      3       0.952306
9       10      4       0.909465
9       10      5       0.946555
9       10      6       0.975328
9       10      7       0.95888
9       11      0       0.986483
9       11      1       0.898784
9       11      2       0.921025
9       11      3       0.983006
9       11      4       0.910764
9       11      5       0.721793
9       11      6       0.672721
9       11      7       0.769459
9       12      0       0.545332
9       12      1       0.529298
9       12      2       0.508611
9       12      3       0.34129
9       12      4       0.367259
9       12      5       0.601906
9       12      6       0.781216
9       12      7       0.907585
9       13      0       0.936828
9       13      1       0.83773
9       13      2       0.749765
9       13      3       0.766333
9       13      4       0.780033
9       13      5       0.89669
9       13      6       0.911939
9       13      7       0.869171
9       14      0       0.858206
9       14      1       0.861178
9       14      2       0.849472
9       14      3       0.859181
9       14      4       0.854762
9       14      5       0.644239
9       14      6       0.544811
9       14      7       0.57281
9       15      0       0.468646
9       15      1       0.476334
9       15      2       0.496747
9       15      3       0.468957
9       15      4       0.415068
9       15      5       0.347409
9       15      6       0.30711
9       15      7       0.291233
9       16      0       0.254572
9       16      1       0.263192
9       16      2       0.303012
9       16      3       0.335684
9       16      4       0.29028
9       16      5       0.254074
9       16      6       0.252805
9       16      7       0.309233
9       17      0       0.350815
9       17      1       0.377055
9       17      2       0.40805
9       17      3       0.436382
9       17      4       0.48489
9       17      5       0.474018
9       17      6       0.440561
9       17      7       0.221231
9       18      0       0.124381
9       18      1       0.136993
9       18      2       0.278455
9       18      3       0.379392
9       18      4       0.434145
9       18      5       0.509867
9       18      6       0.590847
9       18      7       0.497179
9       19      0       0.151924
9       19      1       0.159428
9       19      2       0.161034
9       19      3       0.178563
9       19      4       0.258678
9       19      5       0.278611
9       19      6       0.230006
9       19      7       0.192053
9       20      0       0.164106
9       20      1       0.150069
9       20      2       0.132401
9       20      3       0.074208
9       20      4       0.042113
9       20      5       0.053954
9       20      6       0.06386
9       20      7       0.107172
9       21      0       0.091039
9       21      1       0.063314
9       21      2       0.149573
9       21      3       0.186744
9       21      4       0.178295
9       21      5       0.203406
9       21      6       0.232448
9       21      7       0.327392
9       22      0       0.36792
9       22      1       0.259837
9       22      2       0.270746
9       22      3       0.264218
9       22      4       0.185721
9       22      5       0.112783
9       22      6       0.124431
9       22      7       0.293341
9       23      0       0.233496
9       23      1       0.106694
9       23      2       0.156601
9       23      3       0.227637
9       23      4       0.246608
9       23      5       0.225913
9       23      6       0.182477
9       23      7       0.187604
9       24      0       0.297373
9       24      1       0.545219
9       24      2       0.77215
9       24      3       0.870336
9       24      4       0.877416
9       24      5       0.86948
9       24      6       0.884689
9       24      7       0.867142
9       25      0       0.876791
9       25      1       0.823866
9       25      2       0.692819
9       25      3       0.599472
9       25      4       0.590887
9       25      5       0.592733
9       25      6       0.723329
9       25      7       0.860116
9       26      0       0.880497
9       26      1       0.803651
9       26      2       0.705987
9       26      3       0.731634
9       26      4       0.679608
9       26      5       0.615259
9       26      6       0.820017
9       26      7       0.827082
9       27      0       0.783019
9       27      1       0.620652
9       27      2       0.572578
9       27      3       0.684126
9       27      4       0.718163
9       27      5       0.803957
9       27      6       0.929795
9       27      7       0.960493
9       28      0       0.942668
9       28      1       0.904253
9       28      2       0.915939
9       28      3       0.916503
9       28      4       0.884457
9       28      5       0.817602
9       28      6       0.726308
9       28      7       0.805405
9       29      0       0.828069
9       29      1       0.701128
9       29      2       0.644982
9       29      3       0.476061
9       29      4       0.316521
9       29      5       0.139013
9       29      6       0.081867
9       29      7       0.124577
9       30      0       0.13937
9       30      1       0.14791
9       30      2       0.153059
9       30      3       0.120074
9       30      4       0.118073
9       30      5       0.146137
9       30      6       0.184461
9       30      7       0.288447
9       31      0       0.325078
9       31      1       0.421812
9       31      2       0.478806
9       31      3       0.635119
9       31      4       0.6591
9       31      5       0.618068
9       31      6       0.57763
9       31      7       0.497249
