####################################################################################################
# Month: 09Sep                                                                                     #
# Station: BOL                                                                                     #
# Columns are: year    day     segment         RH (percent)                                        #
####################################################################################################
9       1       0       0.316615
9       1       1       0.315917
9       1       2       0.410207
9       1       3       0.480226
9       1       4       0.614825
9       1       5       0.631435
9       1       6       0.81069
9       1       7       0.874063
9       2       0       0.86104
9       2       1       0.705323
9       2       2       0.766978
9       2       3       0.917657
9       2       4       0.973013
9       2       5       0.985438
9       2       6       0.997663
9       2       7       0.985996
9       3       0       0.988905
9       3       1       0.97465
9       3       2       0.970314
9       3       3       0.943248
9       3       4       0.706636
9       3       5       0.4605
9       3       6       0.287
9       3       7       0.394932
9       4       0       0.291197
9       4       1       0.101083
9       4       2       0.062462
9       4       3       0.04897
9       4       4       0.059888
9       4       5       0.090407
9       4       6       0.22168
9       4       7       0.32142
9       5       0       0.251975
9       5       1       0.074978
9       5       2       0.036482
9       5       3       0.047015
9       5       4       0.052028
9       5       5       0.089737
9       5       6       0.197248
9       5       7       0.184349
9       6       0       0.126874
9       6       1       0.070315
9       6       2       0.051371
9       6       3       0.043382
9       6       4       0.035201
9       6       5       0.040689
9       6       6       0.145238
9       6       7       0.174767
9       7       0       0.110184
9       7       1       0.076149
9       7       2       0.058677
9       7       3       0.053592
9       7       4       0.045718
9       7       5       0.047658
9       7       6       0.202846
9       7       7       0.155251
9       8       0       0.16274
9       8       1       0.202049
9       8       2       0.089382
9       8       3       0.029854
9       8       4       0.026621
9       8       5       0.043223
9       8       6       0.210814
9       8       7       0.097102
9       9       0       0.144178
9       9       1       0.24022
9       9       2       0.208512
9       9       3       0.170541
9       9       4       0.252145
9       9       5       0.637673
9       9       6       0.595353
9       9       7       0.571165
9       10      0       0.371951
9       10      1       0.431332
9       10      2       0.596063
9       10      3       0.698551
9       10      4       0.709337
9       10      5       0.567147
9       10      6       0.575698
9       10      7       0.579388
9       11      0       0.621725
9       11      1       0.633205
9       11      2       0.733655
9       11      3       0.738236
9       11      4       0.743826
9       11      5       0.710581
9       11      6       0.602631
9       11      7       0.655509
9       12      0       0.630367
9       12      1       0.635742
9       12      2       0.611379
9       12      3       0.58991
9       12      4       0.65955
9       12      5       0.660901
9       12      6       0.653235
9       12      7       0.508208
9       13      0       0.508791
9       13      1       0.512017
9       13      2       0.378075
9       13      3       0.297179
9       13      4       0.225288
9       13      5       0.234734
9       13      6       0.242236
9       13      7       0.207196
9       14      0       0.258345
9       14      1       0.397152
9       14      2       0.444552
9       14      3       0.467789
9       14      4       0.410277
9       14      5       0.348003
9       14      6       0.30604
9       14      7       0.23409
9       15      0       0.290839
9       15      1       0.414108
9       15      2       0.569558
9       15      3       0.620116
9       15      4       0.505446
9       15      5       0.480109
9       15      6       0.391783
9       15      7       0.200844
9       16      0       0.167676
9       16      1       0.184037
9       16      2       0.169316
9       16      3       0.193552
9       16      4       0.238049
9       16      5       0.296806
9       16      6       0.277626
9       16      7       0.328287
9       17      0       0.379363
9       17      1       0.411697
9       17      2       0.569041
9       17      3       0.537701
9       17      4       0.552749
9       17      5       0.564703
9       17      6       0.59353
9       17      7       0.610668
9       18      0       0.556261
9       18      1       0.54587
9       18      2       0.580801
9       18      3       0.40722
9       18      4       0.486292
9       18      5       0.486726
9       18      6       0.537446
9       18      7       0.256269
9       19      0       0.258713
9       19      1       0.536462
9       19      2       0.741225
9       19      3       0.755954
9       19      4       0.641607
9       19      5       0.753527
9       19      6       0.935423
9       19      7       0.691884
9       20      0       0.547131
9       20      1       0.544247
9       20      2       0.543675
9       20      3       0.614319
9       20      4       0.594688
9       20      5       0.670642
9       20      6       0.736018
9       20      7       0.616694
9       21      0       0.517783
9       21      1       0.349335
9       21      2       0.343207
9       21      3       0.300332
9       21      4       0.24473
9       21      5       0.295384
9       21      6       0.530522
9       21      7       0.593795
9       22      0       0.383469
9       22      1       0.356657
9       22      2       0.40944
9       22      3       0.341074
9       22      4       0.364615
9       22      5       0.422919
9       22      6       0.497098
9       22      7       0.326895
9       23      0       0.208633
9       23      1       0.427283
9       23      2       0.961241
9       23      3       0.949833
9       23      4       0.963709
9       23      5       0.974668
9       23      6       0.680672
9       23      7       0.640226
9       24      0       0.346235
9       24      1       0.522036
9       24      2       0.807144
9       24      3       0.750659
9       24      4       0.608175
9       24      5       0.609794
9       24      6       0.806375
9       24      7       0.712775
9       25      0       0.531211
9       25      1       0.327683
9       25      2       0.275566
9       25      3       0.412536
9       25      4       0.400181
9       25      5       0.364491
9       25      6       0.429218
9       25      7       0.288124
9       26      0       0.283458
9       26      1       0.372359
9       26      2       0.546231
9       26      3       0.648664
9       26      4       0.564192
9       26      5       0.758761
9       26      6       0.817455
9       26      7       0.515576
9       27      0       0.509019
9       27      1       0.820506
9       27      2       0.942347
9       27      3       0.93599
9       27      4       1.02745
9       27      5       0.937766
9       27      6       0.793284
9       27      7       0.743139
9       28      0       0.498667
9       28      1       0.736178
9       28      2       0.801913
9       28      3       0.753068
9       28      4       0.549713
9       28      5       0.451398
9       28      6       0.532918
9       28      7       0.47891
9       29      0       0.47717
9       29      1       0.564337
9       29      2       0.643322
9       29      3       0.629657
9       29      4       0.5941
9       29      5       0.601297
9       29      6       0.673665
9       29      7       0.67187
9       30      0       0.597994
9       30      1       0.533437
9       30      2       0.462845
9       30      3       0.516942
9       30      4       0.524514
9       30      5       0.621105
9       30      6       0.635328
9       30      7       0.606317
