####################################################################################################
# Month: 04Apr                                                                                     #
# Station: BOL                                                                                     #
# Columns are: year    day     RH (percent)                                                        #
####################################################################################################
9       1       0.75835625
9       2       0.61121862
9       3       0.22684838
9       4       0.30688088
9       5       0.22253062
9       6       0.724803
9       7       0.90014025
9       8       0.93187838
9       9       0.94117775
9       10      0.93733388
9       11      0.7600285
9       12      0.64034625
9       13      0.38211175
9       14      0.4009945
9       15      0.657329
9       16      0.39091038
9       17      0.06841638
9       18      0.07085137
9       19      0.03014275
9       20      0.200715
9       21      0.60889875
9       22      0.76833512
9       23      0.563099
9       24      0.63219675
9       25      0.45475762
9       26      0.43280825
9       27      0.50253838
9       28      0.46184662
9       29      0.25631725
9       30      0.33907762
