####################################################################################################
# Month: 03Mar                                                                                     #
# Station: HAY                                                                                     #
# Columns are: year    day     windspeed (m/s)                                                     #
####################################################################################################
2009    1       7.24037262
2009    2       12.89477387
2009    3       12.237687
2009    4       13.05684575
2009    5       8.54044462
2009    6       16.5775515
2009    7       16.062181
2009    8       14.041632
2009    9       8.99533538
2009    10      4.98191225
2009    11      20.53773375
2009    12      15.69557275
2009    13      6.777423
2009    14      7.52599325
2009    15      7.05405312
2009    16      3.50655
2009    17      1.54430625
2009    18      12.28920638
2009    19      10.02212388
2009    20      8.95456925
2009    21      5.15856887
2009    22      10.3983035
2009    23      11.95900062
2009    24      16.03254038
2009    25      8.06388812
2009    26      5.97019338
2009    27      9.593307
2009    28      4.140598
2009    29      9.40941662
2009    30      10.13594688
2009    31      12.16437488
