####################################################################################################
# Month: 07Jul                                                                                     #
# Station: NZ                                                                                      #
# Columns are: year    day     segment         RH (percent)                                        #
####################################################################################################
9       1       0       0.490612
9       1       1       0.506957
9       1       2       0.526226
9       1       3       0.555559
9       1       4       0.60589
9       1       5       0.592303
9       1       6       0.526104
9       1       7       0.461025
9       2       0       0.69013
9       2       1       0.801276
9       2       2       0.908862
9       2       3       0.943442
9       2       4       0.904992
9       2       5       0.827644
9       2       6       0.604202
9       2       7       0.645891
9       3       0       1.026715
9       3       1       0.716024
9       3       2       0.828546
9       3       3       0.862815
9       3       4       0.883891
9       3       5       0.799879
9       3       6       0.715485
9       3       7       0.638226
9       4       0       0.61594
9       4       1       0.553726
9       4       2       0.634433
9       4       3       0.675982
9       4       4       0.813445
9       4       5       0.879463
9       4       6       0.875192
9       4       7       0.86821
9       5       0       0.912737
9       5       1       0.925441
9       5       2       0.879109
9       5       3       0.848801
9       5       4       0.838111
9       5       5       0.855297
9       5       6       0.874029
9       5       7       0.852112
9       6       0       0.813006
9       6       1       0.847033
9       6       2       0.858088
9       6       3       0.814401
9       6       4       1.401306
9       6       5       0.936541
9       6       6       0.941541
9       6       7       0.581624
9       7       0       0.676962
9       7       1       0.858245
9       7       2       0.975232
9       7       3       0.985238
9       7       4       0.888776
9       7       5       0.688037
9       7       6       0.446958
9       7       7       0.109473
9       8       0       0.2471
9       8       1       0.905718
9       8       2       0.769136
9       8       3       0.558505
9       8       4       0.417267
9       8       5       0.265719
9       8       6       0.276298
9       8       7       0.304077
9       9       0       0.254711
9       9       1       0.162267
9       9       2       0.143953
9       9       3       0.157639
9       9       4       0.196774
9       9       5       0.222543
9       9       6       0.202654
9       9       7       0.220912
9       10      0       0.213636
9       10      1       0.377078
9       10      2       0.371837
9       10      3       0.341412
9       10      4       0.258521
9       10      5       0.231901
9       10      6       0.230435
9       10      7       0.210387
9       11      0       0.28463
9       11      1       0.581273
9       11      2       0.74868
9       11      3       0.52561
9       11      4       0.453433
9       11      5       0.377516
9       11      6       0.200507
9       11      7       0.093474
9       12      0       0.074631
9       12      1       0.251336
9       12      2       0.322971
9       12      3       0.2112
9       12      4       0.260228
9       12      5       0.310896
9       12      6       0.29586
9       12      7       0.388407
9       13      0       0.356647
9       13      1       0.282692
9       13      2       0.333939
9       13      3       0.375926
9       13      4       0.363179
9       13      5       0.331426
9       13      6       0.349111
9       13      7       0.248363
9       14      0       0.195301
9       14      1       0.251596
9       14      2       0.350827
9       14      3       0.433402
9       14      4       0.46746
9       14      5       0.595388
9       14      6       0.85768
9       14      7       0.940396
9       15      0       0.914831
9       15      1       0.840999
9       15      2       0.848054
9       15      3       0.793445
9       15      4       0.771709
9       15      5       0.458349
9       15      6       0.35146
9       15      7       0.346291
9       16      0       0.254872
9       16      1       0.23274
9       16      2       0.260148
9       16      3       0.304735
9       16      4       0.460864
9       16      5       0.731414
9       16      6       0.861829
9       16      7       0.963124
9       17      0       0.864648
9       17      1       0.911458
9       17      2       0.905791
9       17      3       0.641827
9       17      4       0.287553
9       17      5       0.15606
9       17      6       0.2957
9       17      7       0.44216
9       18      0       0.612192
9       18      1       0.703022
9       18      2       0.689321
9       18      3       0.803053
9       18      4       0.349129
9       18      5       0.129818
9       18      6       0.215742
9       18      7       0.261432
9       19      0       0.246242
9       19      1       0.320809
9       19      2       0.368549
9       19      3       0.354498
9       19      4       0.257959
9       19      5       0.178276
9       19      6       0.167635
9       19      7       0.201731
9       20      0       0.264487
9       20      1       0.312238
9       20      2       0.220994
9       20      3       0.452813
9       20      4       0.628688
9       20      5       0.584898
9       20      6       0.627534
9       20      7       0.451411
9       21      0       0.623823
9       21      1       0.622599
9       21      2       0.699503
9       21      3       0.522522
9       21      4       0.469108
9       21      5       0.519325
9       21      6       0.562573
9       21      7       0.630952
9       22      0       0.623874
9       22      1       0.47972
9       22      2       0.53854
9       22      3       0.620879
9       22      4       0.424584
9       22      5       0.571718
9       22      6       0.683657
9       22      7       0.683256
9       23      0       0.639819
9       23      1       0.670727
9       23      2       0.557965
9       23      3       0.753777
9       23      4       0.967006
9       23      5       0.52068
9       23      6       0.239833
9       23      7       0.281585
9       24      0       0.659879
9       24      1       0.791204
9       24      2       0.728949
9       24      3       0.694441
9       24      4       0.587409
9       24      5       0.472562
9       24      6       0.382079
9       24      7       0.28829
9       25      0       0.219668
9       25      1       0.199108
9       25      2       0.199215
9       25      3       0.202467
9       25      4       0.233908
9       25      5       0.295386
9       25      6       0.268138
9       25      7       0.272619
9       26      0       0.296577
9       26      1       0.27893
9       26      2       0.258291
9       26      3       0.241253
9       26      4       0.227393
9       26      5       0.228899
9       26      6       0.307423
9       26      7       0.434877
9       27      0       0.5766
9       27      1       0.607303
9       27      2       0.485632
9       27      3       0.405726
9       27      4       0.45514
9       27      5       0.474364
9       27      6       0.340191
9       27      7       0.460984
9       28      0       0.646916
9       28      1       0.730683
9       28      2       0.78427
9       28      3       0.862341
9       28      4       0.78954
9       28      5       0.488984
9       28      6       0.183142
9       28      7       0.326374
9       29      0       0.48346
9       29      1       0.468668
9       29      2       0.677
9       29      3       0.659292
9       29      4       0.530079
9       29      5       0.14779
9       29      6       0.514953
9       29      7       0.641597
9       30      0       0.669655
9       30      1       0.684982
9       30      2       0.659084
9       30      3       0.637109
9       30      4       0.530785
9       30      5       0.523777
9       30      6       0.618218
9       30      7       0.592609
9       31      0       0.626385
9       31      1       0.738082
9       31      2       0.220151
9       31      3       0.304986
9       31      4       0.416252
9       31      5       0.270626
9       31      6       0.173707
9       31      7       0.15871
