####################################################################################################
# Month: 05May                                                                                     #
# Station: GARS                                                                                    #
# Columns are: year    day     RH (percent)                                                        #
####################################################################################################
9       1       1.04499575
9       2       0.99582325
9       3       1.0962945
9       4       0.95705525
9       5       0.99988512
9       6       0.9762405
9       7       0.9652515
9       8       0.9427985
9       9       0.94188638
9       10      0.92539088
9       11      0.92250275
9       12      1.00789837
9       13      0.97669225
9       14      0.93931362
9       15      0.917323
9       16      0.9973395
9       17      0.99889137
9       18      0.9838485
9       19      0.89840462
9       20      0.758734
9       21      0.94601488
9       22      0.83485675
9       23      0.98952075
9       24      0.97546588
9       25      0.97419188
9       26      0.9985245
9       27      0.94312338
9       28      0.927441
9       29      0.99807288
9       30      0.93794338
9       31      0.90946675
