####################################################################################################
# Month: 08Aug                                                                                     #
# Station: NOEMA                                                                                   #
# Columns are: year    day     windspeed (m/s)                                                     #
####################################################################################################
2009    1       7.81170388
2009    2       10.436508
2009    3       6.59934012
2009    4       5.70412475
2009    5       6.04879475
2009    6       4.3964905
2009    7       2.77713212
2009    8       2.82902338
2009    9       5.3597915
2009    10      7.175047
2009    11      3.50807237
2009    12      1.40488775
2009    13      3.18300238
2009    14      4.0987395
2009    15      3.1568905
2009    16      2.99698912
2009    17      4.36847263
2009    18      5.1030065
2009    19      2.02069313
2009    20      4.81276475
2009    21      6.054818
2009    22      6.47382238
2009    23      2.69489612
2009    24      3.64028475
2009    25      8.86453675
2009    26      6.62266962
2009    27      1.37312288
2009    28      3.08864562
2009    29      6.243997
2009    30      3.27644525
2009    31      5.34793862
