####################################################################################################
# Month: 08Aug                                                                                     #
# Station: ERB                                                                                     #
# Columns are: year    day     windspeed (m/s)                                                     #
####################################################################################################
2009    1       3.89726575
2009    2       2.33422988
2009    3       2.2307775
2009    4       2.13403475
2009    5       1.50563488
2009    6       3.14058138
2009    7       6.38588825
2009    8       6.36503362
2009    9       5.1721855
2009    10      3.75878438
2009    11      4.20693025
2009    12      4.06273575
2009    13      1.7071475
2009    14      2.81719625
2009    15      4.50024963
2009    16      4.18070675
2009    17      5.660981
2009    18      3.00175688
2009    19      4.66748912
2009    20      6.28849525
2009    21      4.46252212
2009    22      6.35952338
2009    23      6.56083038
2009    24      2.20138125
2009    25      5.03386762
2009    26      5.83541538
2009    27      2.81937812
2009    28      3.27881038
2009    29      2.11183575
2009    30      2.80975538
2009    31      3.00013262
