####################################################################################################
# Month: 01Jan                                                                                     #
# Station: HES                                                                                     #
# Columns are: year    day     windspeed (m/s)                                                     #
####################################################################################################
2009    1       9.23451825
2009    2       7.78381512
2009    3       6.40193138
2009    4       6.4558275
2009    5       6.41096725
2009    6       5.202591
2009    7       4.50332888
2009    8       4.7935575
2009    9       6.07587762
2009    10      5.26034663
2009    11      5.65331838
2009    12      3.2473545
2009    13      3.7210595
2009    14      5.3012875
2009    15      5.1539375
2009    16      4.25015087
2009    17      4.11489412
2009    18      5.83052288
2009    19      6.96133162
2009    20      4.54938562
2009    21      4.652054
2009    22      3.75452012
2009    23      4.67893762
2009    24      2.37241288
2009    25      2.3010405
2009    26      2.52909313
2009    27      5.7549535
2009    28      6.69171138
2009    29      4.84236875
2009    30      4.52102675
2009    31      4.69104525
