####################################################################################################
# Month: 01Jan                                                                                     #
# Station: HES                                                                                     #
# Columns are: year    day     segment         RH (percent)                                        #
####################################################################################################
9       1       0       0.334945
9       1       1       0.365692
9       1       2       0.316209
9       1       3       0.416313
9       1       4       0.247505
9       1       5       0.229115
9       1       6       0.248423
9       1       7       0.168139
9       2       0       0.117523
9       2       1       0.128309
9       2       2       0.150362
9       2       3       0.219069
9       2       4       0.229539
9       2       5       0.244607
9       2       6       0.280228
9       2       7       0.245199
9       3       0       0.198057
9       3       1       0.176508
9       3       2       0.15398
9       3       3       0.210401
9       3       4       0.187452
9       3       5       0.187347
9       3       6       0.205747
9       3       7       0.191793
9       4       0       0.184208
9       4       1       0.158843
9       4       2       0.174414
9       4       3       0.176986
9       4       4       0.163186
9       4       5       0.167214
9       4       6       0.187268
9       4       7       0.16175
9       5       0       0.104349
9       5       1       0.085336
9       5       2       0.090007
9       5       3       0.093903
9       5       4       0.085233
9       5       5       0.10209
9       5       6       0.1273
9       5       7       0.116653
9       6       0       0.091434
9       6       1       0.079451
9       6       2       0.086094
9       6       3       0.144753
9       6       4       0.157131
9       6       5       0.151894
9       6       6       0.170692
9       6       7       0.177192
9       7       0       0.210643
9       7       1       0.224334
9       7       2       0.212685
9       7       3       0.180609
9       7       4       0.17898
9       7       5       0.203351
9       7       6       0.241183
9       7       7       0.239659
9       8       0       0.269715
9       8       1       0.285334
9       8       2       0.265251
9       8       3       0.267906
9       8       4       0.242535
9       8       5       0.216827
9       8       6       0.261266
9       8       7       0.313254
9       9       0       0.344777
9       9       1       0.351505
9       9       2       0.379359
9       9       3       0.32717
9       9       4       0.261593
9       9       5       0.23386
9       9       6       0.254117
9       9       7       0.222274
9       10      0       0.16819
9       10      1       0.155362
9       10      2       0.178794
9       10      3       0.239213
9       10      4       0.219127
9       10      5       0.270763
9       10      6       0.347204
9       10      7       0.196588
9       11      0       0.140433
9       11      1       0.12872
9       11      2       0.11716
9       11      3       0.150773
9       11      4       0.184821
9       11      5       0.211076
9       11      6       0.292878
9       11      7       0.186811
9       12      0       0.161546
9       12      1       0.202929
9       12      2       0.230306
9       12      3       0.278689
9       12      4       0.186066
9       12      5       0.19575
9       12      6       0.31257
9       12      7       0.207686
9       13      0       0.204892
9       13      1       0.20567
9       13      2       0.210943
9       13      3       0.246592
9       13      4       0.238049
9       13      5       0.275274
9       13      6       0.347468
9       13      7       0.169904
9       14      0       0.168491
9       14      1       0.246071
9       14      2       0.375394
9       14      3       0.43244
9       14      4       0.32354
9       14      5       0.296508
9       14      6       0.312338
9       14      7       0.309883
9       15      0       0.391188
9       15      1       0.459679
9       15      2       0.480278
9       15      3       0.389126
9       15      4       0.284482
9       15      5       0.257406
9       15      6       0.286201
9       15      7       0.2832
9       16      0       0.286644
9       16      1       0.364647
9       16      2       0.553458
9       16      3       0.499358
9       16      4       0.386352
9       16      5       0.476992
9       16      6       0.689259
9       16      7       0.834659
9       17      0       0.792003
9       17      1       0.785973
9       17      2       0.789279
9       17      3       0.669368
9       17      4       0.493603
9       17      5       0.472414
9       17      6       0.559008
9       17      7       0.613006
9       18      0       0.617715
9       18      1       0.641641
9       18      2       0.712657
9       18      3       0.594865
9       18      4       0.441426
9       18      5       0.376009
9       18      6       0.453583
9       18      7       0.508987
9       19      0       0.504697
9       19      1       0.549449
9       19      2       0.594251
9       19      3       0.538229
9       19      4       0.407406
9       19      5       0.384048
9       19      6       0.474029
9       19      7       0.529084
9       20      0       0.561804
9       20      1       0.599212
9       20      2       0.628276
9       20      3       0.512986
9       20      4       0.385463
9       20      5       0.394925
9       20      6       0.4801
9       20      7       0.502613
9       21      0       0.574772
9       21      1       0.700199
9       21      2       0.801049
9       21      3       0.633663
9       21      4       0.459885
9       21      5       0.499655
9       21      6       0.681261
9       21      7       0.727701
9       22      0       0.758825
9       22      1       0.826006
9       22      2       0.821898
9       22      3       0.692941
9       22      4       0.537261
9       22      5       0.503304
9       22      6       0.542109
9       22      7       0.541752
9       23      0       0.526363
9       23      1       0.412114
9       23      2       0.429697
9       23      3       0.495361
9       23      4       0.396739
9       23      5       0.320745
9       23      6       0.324321
9       23      7       0.301633
9       24      0       0.264876
9       24      1       0.243332
9       24      2       0.302884
9       24      3       0.364511
9       24      4       0.311242
9       24      5       0.311153
9       24      6       0.427289
9       24      7       0.487654
9       25      0       0.508787
9       25      1       0.523938
9       25      2       0.591206
9       25      3       0.543892
9       25      4       0.454056
9       25      5       0.496235
9       25      6       0.573179
9       25      7       0.614086
9       26      0       0.630193
9       26      1       0.574827
9       26      2       0.604978
9       26      3       0.637074
9       26      4       0.553443
9       26      5       0.513431
9       26      6       0.429401
9       26      7       0.350483
9       27      0       0.324237
9       27      1       0.370194
9       27      2       0.508425
9       27      3       0.558384
9       27      4       0.458041
9       27      5       0.507534
9       27      6       0.687562
9       27      7       0.778949
9       28      0       0.745309
9       28      1       0.762869
9       28      2       0.75482
9       28      3       0.615911
9       28      4       0.451469
9       28      5       0.39565
9       28      6       0.465241
9       28      7       0.48441
9       29      0       0.482104
9       29      1       0.490496
9       29      2       0.540901
9       29      3       0.483107
9       29      4       0.381672
9       29      5       0.370645
9       29      6       0.404133
9       29      7       0.388997
9       30      0       0.347909
9       30      1       0.310076
9       30      2       0.342106
9       30      3       0.355039
9       30      4       0.269808
9       30      5       0.228857
9       30      6       0.246648
9       30      7       0.266625
9       31      0       0.281932
9       31      1       0.32542
9       31      2       0.393825
9       31      3       0.350353
9       31      4       0.266932
9       31      5       0.252373
9       31      6       0.280284
9       31      7       0.283352
