####################################################################################################
# Month: 07Jul                                                                                     #
# Station: SAL                                                                                     #
# Columns are: year    day     segment         windspeed (m/s)                                     #
####################################################################################################
2009    1       0       13.381856
2009    1       1       11.383098
2009    1       2       7.854209
2009    1       3       9.528806
2009    1       4       13.537819
2009    1       5       16.080736
2009    1       6       18.403191
2009    1       7       17.785749
2009    2       0       16.226573
2009    2       1       14.924106
2009    2       2       15.424428
2009    2       3       15.471631
2009    2       4       18.649116
2009    2       5       19.968461
2009    2       6       20.970086
2009    2       7       20.90616
2009    3       0       18.991006
2009    3       1       15.518079
2009    3       2       11.418394
2009    3       3       7.387389
2009    3       4       5.2231
2009    3       5       4.699578
2009    3       6       7.209972
2009    3       7       9.037836
2009    4       0       8.889868
2009    4       1       9.022699
2009    4       2       10.070177
2009    4       3       11.912376
2009    4       4       10.635318
2009    4       5       8.978544
2009    4       6       10.542155
2009    4       7       11.904377
2009    5       0       12.40339
2009    5       1       11.352474
2009    5       2       9.265744
2009    5       3       9.247265
2009    5       4       8.349458
2009    5       5       8.175978
2009    5       6       8.219282
2009    5       7       9.023003
2009    6       0       11.042145
2009    6       1       12.67549
2009    6       2       12.738533
2009    6       3       10.507533
2009    6       4       5.785981
2009    6       5       3.962677
2009    6       6       4.198588
2009    6       7       6.351749
2009    7       0       9.341667
2009    7       1       10.905583
2009    7       2       9.949632
2009    7       3       9.141629
2009    7       4       8.665409
2009    7       5       9.385538
2009    7       6       10.916452
2009    7       7       11.865404
2009    8       0       13.621404
2009    8       1       14.99105
2009    8       2       16.554859
2009    8       3       19.352918
2009    8       4       18.633166
2009    8       5       17.448875
2009    8       6       18.558824
2009    8       7       18.391234
2009    9       0       18.288731
2009    9       1       18.063502
2009    9       2       18.407147
2009    9       3       18.194014
2009    9       4       15.28146
2009    9       5       13.973609
2009    9       6       14.899264
2009    9       7       16.12284
2009    10      0       17.561724
2009    10      1       19.224148
2009    10      2       18.121783
2009    10      3       19.025991
2009    10      4       16.53651
2009    10      5       17.077557
2009    10      6       18.412517
2009    10      7       18.08579
2009    11      0       17.790121
2009    11      1       14.434007
2009    11      2       10.893835
2009    11      3       7.149447
2009    11      4       7.080343
2009    11      5       8.008124
2009    11      6       6.699468
2009    11      7       7.620713
2009    12      0       7.677792
2009    12      1       2.625295
2009    12      2       10.785926
2009    12      3       11.18285
2009    12      4       10.615466
2009    12      5       11.555805
2009    12      6       14.676828
2009    12      7       17.162192
2009    13      0       19.294301
2009    13      1       20.425068
2009    13      2       17.089459
2009    13      3       11.140217
2009    13      4       9.020659
2009    13      5       11.425977
2009    13      6       9.550456
2009    13      7       5.563645
2009    14      0       4.588459
2009    14      1       4.021763
2009    14      2       4.237794
2009    14      3       2.231101
2009    14      4       2.894455
2009    14      5       4.288178
2009    14      6       4.841795
2009    14      7       7.5763
2009    15      0       7.507222
2009    15      1       7.609278
2009    15      2       6.85356
2009    15      3       5.451805
2009    15      4       3.116075
2009    15      5       1.03548
2009    15      6       2.590198
2009    15      7       3.238515
2009    16      0       3.134035
2009    16      1       3.334687
2009    16      2       2.726625
2009    16      3       1.592495
2009    16      4       0.970066
2009    16      5       1.333056
2009    16      6       2.0664
2009    16      7       2.856897
2009    17      0       2.771136
2009    17      1       3.497664
2009    17      2       4.523059
2009    17      3       5.775506
2009    17      4       6.442177
2009    17      5       5.520476
2009    17      6       5.33034
2009    17      7       6.17141
2009    18      0       8.6756
2009    18      1       10.617801
2009    18      2       9.822116
2009    18      3       9.709291
2009    18      4       9.707726
2009    18      5       7.654363
2009    18      6       6.524972
2009    18      7       7.567204
2009    19      0       9.108027
2009    19      1       9.724142
2009    19      2       10.659418
2009    19      3       10.947746
2009    19      4       10.618986
2009    19      5       9.6065
2009    19      6       10.53619
2009    19      7       11.542102
2009    20      0       12.516712
2009    20      1       11.519945
2009    20      2       10.025007
2009    20      3       8.715085
2009    20      4       8.6846
2009    20      5       7.578529
2009    20      6       7.440175
2009    20      7       7.274991
2009    21      0       5.591866
2009    21      1       5.548145
2009    21      2       5.68313
2009    21      3       6.359192
2009    21      4       6.842129
2009    21      5       7.574801
2009    21      6       9.496233
2009    21      7       10.654343
2009    22      0       11.034998
2009    22      1       11.388367
2009    22      2       10.807823
2009    22      3       10.544252
2009    22      4       8.748678
2009    22      5       9.925925
2009    22      6       11.124891
2009    22      7       13.629188
2009    23      0       13.526951
2009    23      1       16.670408
2009    23      2       17.234996
2009    23      3       14.652796
2009    23      4       10.355082
2009    23      5       8.582959
2009    23      6       6.334754
2009    23      7       6.004211
2009    24      0       8.870207
2009    24      1       9.139972
2009    24      2       8.990193
2009    24      3       8.032817
2009    24      4       5.525383
2009    24      5       4.534609
2009    24      6       2.564005
2009    24      7       3.777961
2009    25      0       4.943845
2009    25      1       5.637346
2009    25      2       4.47608
2009    25      3       3.583208
2009    25      4       1.919057
2009    25      5       3.381945
2009    25      6       2.53111
2009    25      7       5.339118
2009    26      0       6.412756
2009    26      1       7.147314
2009    26      2       7.431416
2009    26      3       5.992601
2009    26      4       4.067171
2009    26      5       2.717097
2009    26      6       5.411613
2009    26      7       5.385893
2009    27      0       7.411483
2009    27      1       7.235789
2009    27      2       7.86486
2009    27      3       8.719066
2009    27      4       9.620559
2009    27      5       9.845402
2009    27      6       12.681974
2009    27      7       16.863986
2009    28      0       20.793213
2009    28      1       22.083846
2009    28      2       18.089658
2009    28      3       16.533038
2009    28      4       11.749917
2009    28      5       13.368605
2009    28      6       13.711191
2009    28      7       15.054437
2009    29      0       17.652023
2009    29      1       19.059485
2009    29      2       18.19958
2009    29      3       16.940624
2009    29      4       13.141293
2009    29      5       10.327574
2009    29      6       9.771097
2009    29      7       12.295484
2009    30      0       13.034353
2009    30      1       12.491562
2009    30      2       11.531036
2009    30      3       8.896013
2009    30      4       7.212072
2009    30      5       6.289227
2009    30      6       3.973736
2009    30      7       3.691276
2009    31      0       5.015433
2009    31      1       5.366363
2009    31      2       4.368932
2009    31      3       4.070939
2009    31      4       5.295791
2009    31      5       6.040986
2009    31      6       4.142926
2009    31      7       3.4488
