####################################################################################################
# Month: 12Dec                                                                                     #
# Station: WF                                                                                      #
# Frequency: 345 GHz                                                                               #
# Columns are: year    day     tau     Tb (K)                                                      #
####################################################################################################
2009    1       1.92968062      222.075575
2009    2       2.41004562      245.8744875
2009    3       5.50474912      275.1368625
2009    4       2.737928        253.4394
2009    5       2.92089112      254.0581875
2009    6       2.12863275      227.2437
2009    7       1.79314175      220.052975
2009    8       1.92541288      225.3644375
2009    9       3.23331375      248.4977125
2009    10      2.66706988      242.091325
2009    11      1.1597425       176.9997125
2009    12      1.0339802       166.9631625
2009    13      1.56744612      195.545525
2009    14      2.86854162      247.8571125
2009    15      3.58375338      263.7666875
2009    16      1.39273101      185.931375
2009    17      0.76311275      135.702525
2009    18      0.5253312       108.81867125
2009    19      0.58678709      115.49828375
2009    20      1.77712925      216.5796
2009    21      1.1686995       180.705
2009    22      0.98205851      165.6457375
2009    23      0.86147169      151.42155
2009    24      2.17458725      228.2756625
2009    25      2.2352055       241.1544875
2009    26      3.545055        264.826675
2009    27      5.280326        273.2092625
2009    28      2.06354162      232.51785
2009    29      1.39214481      186.1653625
2009    30      0.69604985      129.8115
2009    31      2.13224138      221.0487875
2010    1       5.5209235       275.2994875
2010    2       3.36631662      248.355675
2010    3       2.15286912      234.5150375
2010    4       2.07206825      231.5579125
2010    5       1.68187062      214.894925
2010    6       1.55957425      207.3545
2010    7       1.81462975      219.8857375
2010    8       1.3813765       194.6794875
2010    9       0.97556289      161.8976875
2010    10      0.86808302      149.7632
2010    11      2.05725125      228.1647375
2010    12      3.74316012      257.083
2010    13      6.76421975      277.9659875
2010    14      2.52118938      217.922125
2010    15      0.99948832      164.4136875
2010    16      1.08161024      170.512625
2010    17      1.36477675      195.2068875
2010    18      1.55972875      206.929975
2010    19      1.6721175       214.50155
2010    20      1.93283462      220.225975
2010    21      2.4086685       241.131825
2010    22      2.36337112      240.885575
2010    23      2.50059037      242.9189
2010    24      1.25102539      186.186675
2010    25      1.18501494      183.240475
2010    26      1.79166875      218.761175
2010    27      2.483614        237.54895
2010    28      0.86485951      150.0129375
2010    29      1.29656911      190.429925
2010    30      1.4362385       202.9214375
2010    31      2.46826125      230.4751875
2011    1       2.04619538      233.3932
2011    2       1.78010936      195.874975
2011    3       1.66840762      216.5412875
2011    4       1.99571244      217.464825
2011    5       3.0300655       262.7775
2011    6       5.4059485       278.4755875
2011    7       5.75811275      277.6302625
2011    8       3.14267275      243.074725
2011    9       1.68138325      213.3670625
2011    10      2.42817113      240.903875
2011    11      1.02079989      171.6219
2011    12      1.14747249      182.849475
2011    13      0.92558374      152.5451375
2011    14      2.40953938      242.9263875
2011    15      3.72698675      262.039225
2011    16      3.55764988      259.9469125
2011    17      1.89111612      225.1555
2011    18      0.89790606      151.8814875
2011    19      1.62347435      176.4720375
2011    20      1.89848414      208.8240375
2011    21      3.01719755      226.851825
2011    22      3.84517975      255.7127125
2011    23      3.50578425      261.126325
2011    24      0.72710988      132.31450375
2011    25      1.3128206       182.44885
2011    26      2.26107812      235.2096
2011    27      1.68110012      211.7798
2011    28      3.88750238      258.9538125
2011    29      0.80267278      139.77172625
2011    30      1.67192024      203.398525
2011    31      3.88657512      266.7668875
2012    1       1.99027788      218.8342875
2012    2       5.12687862      271.009
2012    3       3.92377112      268.7303875
2012    4       4.00795875      266.4319125
2012    5       4.33790938      268.2927875
2012    6       1.21078549      184.980375
2012    7       2.142984        221.4295375
2012    8       4.95891912      270.6520125
2012    9       3.00565212      244.0583
2012    10      5.70391212      271.04305
2012    11      3.83622138      257.0896375
2012    12      1.46325325      204.5668375
2012    13      1.7600005       220.8893875
2012    14      1.82010262      223.1055375
2012    15      1.37002944      186.717175
2012    16      1.84568458      215.3276125
2012    17      4.39821187      264.548
2012    18      6.6471625       275.6254375
2012    19      3.34231975      259.654875
2012    20      2.16165375      241.711725
2012    21      4.87931488      270.0142625
2012    22      2.48481562      242.9016875
2012    23      1.34741975      193.065725
2012    24      1.53440312      205.7768
2012    25      1.945959        225.3653375
2012    26      1.16143544      180.4331125
2012    27      3.83110475      262.982325
2012    28      1.851937        222.8056125
2012    29      2.07216462      226.57445
2012    30      2.21028925      223.1873125
2012    31      1.37102784      189.2601875
2013    1       3.10390438      247.5612375
2013    2       4.1336465       265.43255
2013    3       2.8558465       255.309125
2013    4       1.76652012      219.7042875
2013    5       4.41698862      260.828825
2013    6       5.10633175      273.853775
2013    7       2.267955        233.917525
2013    8       1.19937038      183.993525
2013    9       2.53834825      241.722975
2013    10      2.655488        245.1379875
2013    11      1.20200204      181.838075
2013    12      0.88957305      149.46595
2013    13      1.05915159      166.2044125
2013    14      0.90282247      153.8152375
2013    15      2.83557775      248.1781
2013    16      1.28195537      188.138425
2013    17      0.85657314      144.0830375
2013    18      1.79624875      217.2472125
2013    19      1.78454325      218.7728
2013    20      3.09707362      258.6974875
2013    21      5.37637112      278.6691625
2013    22      8.6054985       283.73925
2013    23      7.42508513      279.4855125
2013    24      1.945228        216.8242375
2013    25      0.7810383       139.3874875
2013    26      1.9562285       216.958975
2013    27      1.56940875      208.6881875
2013    28      2.07157725      231.0366875
2013    29      3.27253562      261.1561625
2013    30      2.85213711      243.2021375
2013    31      0.64894819      123.15809
2014    1       4.30976         274.3758375
2014    2       1.54561959      200.14575
2014    3       4.61975025      269.7215375
2014    4       2.0278          228.8636
2014    5       1.6142205       199.7716625
2014    6       4.32613025      263.9488125
2014    7       1.71141322      176.472985
2014    8       0.92542796      145.77051875
2014    9       3.72038612      258.4281875
2014    10      5.53108612      273.8981
2014    11      3.1915745       255.8809625
2014    12      2.1131885       231.839875
2014    13      2.26869725      237.744
2014    14      2.24909038      240.4528625
2014    15      2.09289613      241.86425
2014    16      3.07217775      271.788025
2014    17      4.84807488      271.50495
2014    18      2.83703188      251.5916625
2014    19      1.74987075      219.4231
2014    20      1.44999525      199.686325
2014    21      2.24459613      237.27975
2014    22      2.67911188      245.55275
2014    23      4.99398588      270.1584
2014    24      8.49134188      279.053825
2014    25      6.89384862      275.3246125
2014    26      2.67474412      252.0207
2014    27      2.63831212      252.1370125
2014    28      3.64984812      265.8796375
2014    29      1.69192075      215.1628625
2014    30      0.83161338      147.1561125
2014    31      0.81316464      142.3
2015    1       1.95639888      229.4267125
2015    2       6.60343075      277.5301375
2015    3       4.50682313      267.6129
2015    4       2.20744275      237.5983
2015    5       2.26303338      243.299375
2015    6       1.34856059      199.89075
2015    7       1.01777393      170.3453375
2015    8       2.50601088      247.4722
2015    9       2.43011662      244.6299375
2015    10      4.34539362      270.70015
2015    11      4.51410388      274.489675
2015    12      3.19624825      263.6816625
2015    13      3.40785762      266.1058125
2015    14      5.63468075      273.7591
2015    15      6.46218412      278.464975
2015    16      2.08464213      239.0061
2015    17      4.21396225      264.1785625
2015    18      4.59012563      270.6502125
2015    19      1.60668475      210.31865
2015    20      1.414007        199.955725
2015    21      1.77558462      222.0175
2015    22      4.68063562      270.1705125
2015    23      4.44178712      275.9016875
2015    24      8.40795862      284.63825
2015    25      2.24726038      235.6867875
2015    26      2.12966209      221.3930375
2015    27      4.74632912      255.459375
2015    28      1.54525291      198.1390375
2015    29      2.98489162      248.458
2015    30      3.23257575      266.37075
2015    31      3.74981838      257.4707125
2016    1       5.26945975      273.030425
2016    2       2.706126        252.0767625
2016    3       2.33910475      240.3189375
2016    4       1.69995175      216.1150875
2016    5       2.06651363      222.5355875
2016    6       2.16228763      237.5899125
2016    7       3.28846575      258.227525
2016    8       2.414616        242.4773125
2016    9       1.44661125      198.87845
2016    10      0.85407286      149.435325
2016    11      1.02182275      162.2804875
2016    12      3.06749238      250.139975
2016    13      1.92657425      226.05975
2016    14      1.9081165       221.8009625
2016    15      0.94683566      156.8634625
2016    16      0.56406518      109.3967825
2016    17      2.26554776      219.928275
2016    18      5.43367862      274.0045125
2016    19      0.77370646      135.40045125
2016    20      0.69991692      134.6864125
2016    21      1.53595775      208.6289875
2016    22      2.29258225      238.614075
2016    23      1.989248        229.37525
2016    24      1.96012238      217.524025
2016    25      1.78861499      208.392
2016    26      1.01622845      156.8761875
2016    27      4.31133638      267.410375
2016    28      1.822729        223.9430375
2016    29      2.21496412      229.769125
2016    30      2.44693663      237.689825
2016    31      1.4576235       197.034675
2017    1       3.13588575      256.1090625
2017    2       1.85566138      223.88805
2017    3       2.25233912      238.0137625
2017    4       2.16525662      236.8345875
2017    5       3.98154075      260.7848375
2017    6       4.51902338      249.93545
2017    7       1.53139375      209.915725
2017    8       1.5399315       207.37705
2017    9       2.22982625      232.8051
2017    10      2.43538412      236.9142125
2017    11      1.77672162      219.2869375
2017    12      2.91632662      245.2768125
2017    13      2.31401263      214.2463125
2017    14      1.18812558      179.3961125
2017    15      0.86121418      145.479725
2017    16      1.42231575      196.6948875
2017    17      0.74834854      138.67015
2017    18      2.15180605      207.056275
2017    19      3.22887112      260.072
2017    20      2.29041262      236.33185
2017    21      1.155548        181.9406875
2017    22      1.5621275       205.78675
2017    23      4.59361375      267.1883875
2017    24      2.03155591      212.9972375
2017    25      2.26701775      229.3730125
2017    26      0.96954328      159.7414625
2017    27      0.66345305      125.2362125
2017    28      0.45802216      94.90676125
2017    29      0.6446576       121.99841375
2017    30      0.67607804      124.77125
2017    31      0.66000158      121.47271375
2018    1       2.0726895       232.14635
2018    2       4.8483795       265.1796875
2018    3       4.67603725      272.3113125
2018    4       1.89802762      216.3386
2018    5       0.98413315      164.8135375
2018    6       1.54352287      205.332675
2018    7       1.56492094      202.5561625
2018    8       0.62685909      119.53776375
2018    9       1.03168358      166.8437
2018    10      1.39545862      199.3568625
2018    11      1.02367156      168.8241125
2018    12      1.3092495       191.279075
2018    13      0.92732379      138.51794
2018    14      2.0911305       235.1439625
2018    15      2.6523827       234.9302375
2018    16      2.2635875       228.8380125
2018    17      3.30195675      258.035175
2018    18      1.47437312      197.7217625
2018    19      1.43589994      203.5439625
2018    20      1.95783387      233.3941875
2018    21      7.0180555       276.1566625
2018    22      6.2988515       273.932675
2018    23      1.4188895       201.8588125
2018    24      1.7822545       215.5812875
2018    25      1.27318885      171.80465
2018    26      0.87190515      147.5741375
2018    27      1.02047832      162.4382
2018    28      3.80239463      247.81285
2018    29      3.99651462      264.1522875
2018    30      1.38488388      196.4412125
2018    31      2.181104        235.7188875
