####################################################################################################
# Month: 07Jul                                                                                     #
# Station: ERB                                                                                     #
# Columns are: year    day     segment         RH (percent)                                        #
####################################################################################################
9       1       0       0.107502
9       1       1       0.110948
9       1       2       0.117309
9       1       3       0.181328
9       1       4       0.082878
9       1       5       0.089485
9       1       6       0.108035
9       1       7       0.14273
9       2       0       0.201282
9       2       1       0.241147
9       2       2       0.301196
9       2       3       0.268311
9       2       4       0.207557
9       2       5       0.186113
9       2       6       0.209718
9       2       7       0.246888
9       3       0       0.270862
9       3       1       0.268284
9       3       2       0.303424
9       3       3       0.275135
9       3       4       0.2278
9       3       5       0.23375
9       3       6       0.25314
9       3       7       0.275677
9       4       0       0.298785
9       4       1       0.305504
9       4       2       0.285867
9       4       3       0.249852
9       4       4       0.215523
9       4       5       0.238241
9       4       6       0.298434
9       4       7       0.301776
9       5       0       0.30651
9       5       1       0.315469
9       5       2       0.372971
9       5       3       0.452404
9       5       4       0.369715
9       5       5       0.338822
9       5       6       0.51219
9       5       7       0.623474
9       6       0       0.694582
9       6       1       0.730616
9       6       2       0.614617
9       6       3       0.519462
9       6       4       0.481497
9       6       5       0.469669
9       6       6       0.49332
9       6       7       0.518271
9       7       0       0.551453
9       7       1       0.588734
9       7       2       0.589327
9       7       3       0.448983
9       7       4       0.370448
9       7       5       0.373181
9       7       6       0.420618
9       7       7       0.520468
9       8       0       0.497113
9       8       1       0.468188
9       8       2       0.534326
9       8       3       0.492256
9       8       4       0.381989
9       8       5       0.35379
9       8       6       0.390574
9       8       7       0.448485
9       9       0       0.451314
9       9       1       0.446994
9       9       2       0.479842
9       9       3       0.43736
9       9       4       0.345921
9       9       5       0.338159
9       9       6       0.375803
9       9       7       0.409766
9       10      0       0.437368
9       10      1       0.460014
9       10      2       0.446421
9       10      3       0.340372
9       10      4       0.276341
9       10      5       0.224074
9       10      6       0.233278
9       10      7       0.301412
9       11      0       0.345862
9       11      1       0.364842
9       11      2       0.367381
9       11      3       0.266807
9       11      4       0.209249
9       11      5       0.19728
9       11      6       0.216379
9       11      7       0.224132
9       12      0       0.244787
9       12      1       0.267023
9       12      2       0.308042
9       12      3       0.227981
9       12      4       0.187532
9       12      5       0.192118
9       12      6       0.221537
9       12      7       0.240849
9       13      0       0.256249
9       13      1       0.267964
9       13      2       0.31113
9       13      3       0.269634
9       13      4       0.244577
9       13      5       0.228456
9       13      6       0.20557
9       13      7       0.232966
9       14      0       0.24802
9       14      1       0.240694
9       14      2       0.249356
9       14      3       0.194316
9       14      4       0.167035
9       14      5       0.172381
9       14      6       0.218908
9       14      7       0.292602
9       15      0       0.297891
9       15      1       0.321142
9       15      2       0.365347
9       15      3       0.309903
9       15      4       0.336267
9       15      5       0.404782
9       15      6       0.455593
9       15      7       0.474201
9       16      0       0.457876
9       16      1       0.445005
9       16      2       0.455039
9       16      3       0.405656
9       16      4       0.384354
9       16      5       0.374287
9       16      6       0.360785
9       16      7       0.349458
9       17      0       0.332369
9       17      1       0.349657
9       17      2       0.370465
9       17      3       0.301586
9       17      4       0.285975
9       17      5       0.295412
9       17      6       0.299924
9       17      7       0.308728
9       18      0       0.327881
9       18      1       0.329384
9       18      2       0.323431
9       18      3       0.268318
9       18      4       0.260831
9       18      5       0.312535
9       18      6       0.368468
9       18      7       0.376596
9       19      0       0.346522
9       19      1       0.383627
9       19      2       0.43267
9       19      3       0.378243
9       19      4       0.356016
9       19      5       0.373554
9       19      6       0.39601
9       19      7       0.398254
9       20      0       0.397085
9       20      1       0.416171
9       20      2       0.395343
9       20      3       0.307954
9       20      4       0.28744
9       20      5       0.303912
9       20      6       0.300731
9       20      7       0.36888
9       21      0       0.429449
9       21      1       0.436556
9       21      2       0.429994
9       21      3       0.37036
9       21      4       0.30142
9       21      5       0.284078
9       21      6       0.315719
9       21      7       0.423779
9       22      0       0.416832
9       22      1       0.392469
9       22      2       0.394367
9       22      3       0.39077
9       22      4       0.333853
9       22      5       0.300362
9       22      6       0.317641
9       22      7       0.396178
9       23      0       0.402374
9       23      1       0.399591
9       23      2       0.466479
9       23      3       0.450836
9       23      4       0.371489
9       23      5       0.354051
9       23      6       0.368315
9       23      7       0.444547
9       24      0       0.443798
9       24      1       0.435619
9       24      2       0.476081
9       24      3       0.484118
9       24      4       0.387554
9       24      5       0.423227
9       24      6       0.457927
9       24      7       0.457762
9       25      0       0.483639
9       25      1       0.48642
9       25      2       0.538694
9       25      3       0.404601
9       25      4       0.348639
9       25      5       0.369318
9       25      6       0.415629
9       25      7       0.482406
9       26      0       0.556807
9       26      1       0.556819
9       26      2       0.586164
9       26      3       0.438418
9       26      4       0.384249
9       26      5       0.39096
9       26      6       0.397957
9       26      7       0.417409
9       27      0       0.458319
9       27      1       0.457863
9       27      2       0.492317
9       27      3       0.406737
9       27      4       0.351116
9       27      5       0.352098
9       27      6       0.358971
9       27      7       0.387995
9       28      0       0.446315
9       28      1       0.446148
9       28      2       0.45928
9       28      3       0.389568
9       28      4       0.306615
9       28      5       0.277384
9       28      6       0.260964
9       28      7       0.260431
9       29      0       0.31652
9       29      1       0.328737
9       29      2       0.350901
9       29      3       0.347761
9       29      4       0.26271
9       29      5       0.242452
9       29      6       0.580079
9       29      7       0.285589
9       30      0       0.280993
9       30      1       0.284555
9       30      2       0.30643
9       30      3       0.292805
9       30      4       0.230609
9       30      5       0.22665
9       30      6       0.248084
9       30      7       0.283234
9       31      0       0.270368
9       31      1       0.251959
9       31      2       0.311344
9       31      3       0.255617
9       31      4       0.197564
9       31      5       0.210584
9       31      6       0.267758
9       31      7       0.28302
