####################################################################################################
# Month: 10Oct                                                                                     #
# Station: SPX                                                                                     #
# Columns are: year    day     segment         RH (percent)                                        #
####################################################################################################
9       1       0       0.346373
9       1       1       0.263356
9       1       2       0.273473
9       1       3       0.296217
9       1       4       0.350312
9       1       5       0.334817
9       1       6       0.316893
9       1       7       0.378226
9       2       0       0.322986
9       2       1       0.246907
9       2       2       0.214715
9       2       3       0.179503
9       2       4       0.185651
9       2       5       0.170836
9       2       6       0.602222
9       2       7       0.641706
9       3       0       0.477761
9       3       1       0.495363
9       3       2       0.426179
9       3       3       0.365965
9       3       4       0.403308
9       3       5       0.36658
9       3       6       0.269842
9       3       7       0.147126
9       4       0       0.143719
9       4       1       0.173705
9       4       2       0.120647
9       4       3       0.097169
9       4       4       0.163724
9       4       5       0.268694
9       4       6       0.452274
9       4       7       0.354738
9       5       0       0.240985
9       5       1       0.519798
9       5       2       0.818217
9       5       3       0.946246
9       5       4       0.92086
9       5       5       0.93549
9       5       6       0.955585
9       5       7       0.486253
9       6       0       0.259871
9       6       1       0.419483
9       6       2       0.593138
9       6       3       0.7761
9       6       4       0.971232
9       6       5       0.976068
9       6       6       0.970708
9       6       7       0.940518
9       7       0       0.6433
9       7       1       0.505587
9       7       2       0.428222
9       7       3       0.297399
9       7       4       0.621747
9       7       5       0.778075
9       7       6       0.967692
9       7       7       0.898001
9       8       0       0.707569
9       8       1       0.77275
9       8       2       0.879369
9       8       3       0.942018
9       8       4       0.970302
9       8       5       0.978003
9       8       6       0.961758
9       8       7       0.966454
9       9       0       0.935379
9       9       1       0.939338
9       9       2       0.965941
9       9       3       0.963633
9       9       4       0.912059
9       9       5       0.847106
9       9       6       0.892887
9       9       7       0.885084
9       10      0       0.878298
9       10      1       0.915588
9       10      2       0.99182
9       10      3       0.980482
9       10      4       0.944488
9       10      5       0.624406
9       10      6       0.320225
9       10      7       0.116841
9       11      0       0.085443
9       11      1       0.068348
9       11      2       0.060987
9       11      3       0.062526
9       11      4       0.337932
9       11      5       0.84911
9       11      6       1.014355
9       11      7       0.761049
9       12      0       0.634012
9       12      1       0.593618
9       12      2       0.25722
9       12      3       0.476662
9       12      4       0.589634
9       12      5       0.232387
9       12      6       0.162041
9       12      7       0.163329
9       13      0       0.057665
9       13      1       0.060621
9       13      2       0.195017
9       13      3       0.352493
9       13      4       0.481489
9       13      5       0.419884
9       13      6       0.364781
9       13      7       0.254874
9       14      0       0.098323
9       14      1       0.05668
9       14      2       0.097715
9       14      3       0.141084
9       14      4       0.195417
9       14      5       0.1653
9       14      6       0.065362
9       14      7       0.111789
9       15      0       0.128063
9       15      1       0.052645
9       15      2       0.037984
9       15      3       0.576963
9       15      4       0.770992
9       15      5       0.890928
9       15      6       0.369657
9       15      7       0.548536
9       16      0       0.816608
9       16      1       0.704561
9       16      2       0.271959
9       16      3       0.766846
9       16      4       0.687056
9       16      5       0.624798
9       16      6       0.628103
9       16      7       0.348909
9       17      0       1.008787
9       17      1       0.976532
9       17      2       0.942738
9       17      3       0.613227
9       17      4       0.758606
9       17      5       0.999777
9       17      6       0.832377
9       17      7       0.446139
9       18      0       0.276323
9       18      1       0.254122
9       18      2       0.601782
9       18      3       0.541638
9       18      4       0.353295
9       18      5       0.293996
9       18      6       0.171745
9       18      7       0.116032
9       19      0       0.10912
9       19      1       0.127236
9       19      2       0.208894
9       19      3       0.329524
9       19      4       0.355187
9       19      5       0.249802
9       19      6       0.165782
9       19      7       0.178885
9       20      0       0.180871
9       20      1       0.169898
9       20      2       0.182028
9       20      3       0.227993
9       20      4       0.327287
9       20      5       0.352447
9       20      6       0.421524
9       20      7       0.819845
9       21      0       0.920833
9       21      1       0.853705
9       21      2       0.784009
9       21      3       0.819605
9       21      4       0.751577
9       21      5       0.828292
9       21      6       0.706794
9       21      7       0.708556
9       22      0       0.88576
9       22      1       0.95768
9       22      2       0.879273
9       22      3       0.741861
9       22      4       0.460025
9       22      5       0.415096
9       22      6       0.472043
9       22      7       0.510062
9       23      0       0.588565
9       23      1       0.669339
9       23      2       0.84257
9       23      3       0.981916
9       23      4       0.987026
9       23      5       0.830565
9       23      6       0.333729
9       23      7       0.15204
