####################################################################################################
# Month: 05May                                                                                     #
# Station: BRZ                                                                                     #
# Columns are: year    day     RH (percent)                                                        #
####################################################################################################
9       1       0.77273938
9       2       0.73048575
9       3       0.82976
9       4       0.777158
9       5       0.57702388
9       6       0.69796488
9       7       0.38304912
9       8       0.35456175
9       9       0.26277838
9       10      0.60299575
9       11      0.65742287
9       12      0.56637162
9       13      0.39340838
9       14      0.62361725
9       15      0.70016625
9       16      0.91220362
9       17      0.63152962
9       18      0.12860438
9       19      0.12377038
9       20      0.1371805
9       21      0.14096575
9       22      0.05699862
9       23      0.05184688
9       24      0.09010812
9       25      0.1860125
9       26      0.348938
9       27      0.6485545
9       28      0.32748137
9       29      0.44898025
9       30      0.4924835
9       31      0.63483488
