####################################################################################################
# Month: 11Nov                                                                                     #
# Station: JELM                                                                                    #
# Frequency: 345 GHz                                                                               #
# Columns are: year    day     tau     Tb (K)                                                      #
####################################################################################################
2009    1       0.72522709      139.6528375
2009    2       0.80914566      148.6442125
2009    3       0.59221014      119.58925
2009    4       0.61336001      122.50714
2009    5       0.43370339      96.2708575
2009    6       0.59715336      123.3426875
2009    7       0.93624702      162.35135
2009    8       0.80070312      143.96235625
2009    9       0.59268981      120.259975
2009    10      0.65672269      129.0948625
2009    11      0.85990965      154.17525
2009    12      1.26059043      191.8935
2009    13      1.4759845       205.382425
2009    14      0.49986578      101.32625
2009    15      0.73428824      132.407225
2009    16      0.19360186      50.13722625
2009    17      0.43187491      96.74048875
2009    18      0.30382916      74.89609625
2009    19      0.44267862      97.697875
2009    20      0.297945        71.89389625
2009    21      0.34012         78.901335
2009    22      0.53151494      106.37397
2009    23      0.6652185       127.510175
2009    24      0.32296786      75.02430375
2009    25      0.73503324      138.610975
2009    26      0.47725306      103.50288
2009    27      0.16763896      46.44972625
2009    28      0.48482096      99.011875
2009    29      0.70256449      127.78910125
2009    30      0.51856615      109.6928625
2010    1       0.9512003       160.931875
2010    2       1.04344231      167.62672625
2010    3       0.76786564      143.3610375
2010    4       0.5560521       116.9847875
2010    5       0.70816755      139.2983
2010    6       0.60650201      124.845575
2010    7       0.72653882      137.9658625
2010    8       1.01981024      172.064575
2010    9       1.26011525      190.580625
2010    10      0.5842277       116.2336275
2010    11      0.73473301      135.956925
2010    12      0.26104387      62.11323
2010    13      0.55197444      111.6552875
2010    14      0.49239238      101.748785
2010    15      0.79917786      143.0821375
2010    16      0.81461929      146.059025
2010    17      0.54396361      109.25423375
2010    18      0.54921995      113.5173125
2010    19      0.42853122      95.29292875
2010    20      0.65658039      128.6424875
2010    21      0.86910002      153.0639375
2010    22      0.56597631      110.3317125
2010    23      0.40814277      89.44123625
2010    24      0.43775         90.88323125
2010    25      0.15746548      41.88284125
2010    26      0.54225665      111.09171125
2010    27      0.3223806       75.54987875
2010    28      0.40515825      88.83076375
2010    29      0.53609698      107.9636575
2010    30      0.30037474      68.8495375
2011    1       1.08477689      177.2875125
2011    2       0.85848366      143.78050125
2011    3       0.21231771      55.36627625
2011    4       0.54548264      109.96243125
2011    5       1.07558054      175.6898
2011    6       0.48393956      102.17007375
2011    7       0.6314908       121.947845
2011    8       0.54488511      110.53595875
2011    9       0.33867732      78.05775625
2011    10      0.31804952      75.40029625
2011    11      0.22285669      56.8417175
2011    12      0.73354935      135.9203425
2011    13      0.97189278      162.276
2011    14      0.56776429      114.92132375
2011    15      0.61378634      121.348725
2011    16      0.31271862      72.42939875
2011    17      0.50501099      105.6661125
2011    18      0.63032519      125.98335
2011    19      0.88224722      152.9805
2011    20      0.9465177       161.0670875
2011    21      0.89019074      154.416125
2011    22      0.68476829      131.185
2011    23      0.40863175      90.7367475
2011    24      0.27219128      67.60240875
2011    25      0.61225311      122.9081125
2011    26      0.3976812       83.37193
2011    27      0.56450035      115.83781625
2011    28      0.59903902      120.54592875
2011    29      0.66876875      126.21351375
2011    30      0.55716573      113.884445
2012    1       0.68116164      133.8447625
2012    2       0.86666502      156.00545
2012    3       0.73544988      140.41135
2012    4       1.04259324      169.15315
2012    5       1.23856712      190.7838
2012    6       1.0876298       178.927825
2012    7       0.49369229      107.05665875
2012    8       0.63491         128.594725
2012    9       1.0136504       170.4928375
2012    10      1.05070203      171.19575
2012    11      0.46070025      96.62176625
2012    12      0.33586582      77.00473625
2012    13      0.7337554       137.9682375
2012    14      0.64170285      125.0369875
2012    15      0.86599779      152.734275
2012    16      0.48377105      100.227855
2012    17      0.99620185      168.047775
2012    18      1.06109316      174.74635
2012    19      0.80809936      148.2745625
2012    20      0.73204302      141.26785
2012    21      0.67492995      134.1376
2012    22      0.5892419       119.05796625
2012    23      0.46479658      100.88605125
2012    24      0.38581171      87.6501
2012    25      0.46398287      99.29886
2012    26      0.51212176      105.87996875
2012    27      0.25447008      62.658385
2012    28      0.2942689       70.43272
2012    29      0.63576886      126.056825
2012    30      0.89544313      155.7365875
2013    1       0.73907362      136.5664375
2013    2       0.43552602      96.48232
2013    3       0.48904232      102.69704125
2013    4       0.60283347      111.9265075
2013    5       0.63484344      118.4870325
2013    6       0.44102341      93.63869
2013    7       0.74105032      137.5859125
2013    8       0.96800795      165.18425
2013    9       1.13658252      181.9539125
2013    10      0.74710035      141.7411625
2013    11      0.66926656      131.1720625
2013    12      0.55379351      109.7561475
2013    13      0.33900311      78.76907
2013    14      0.78764039      140.68770625
2013    15      0.59076827      114.3781
2013    16      0.70385719      131.754145
2013    17      0.58257502      112.83212
2013    18      0.39143654      89.702735
2013    19      0.60906117      118.15508875
2013    20      0.91428664      156.3728125
2013    21      1.20288434      183.8091625
2013    22      0.51793825      100.12334375
2013    23      0.46242616      96.2912
2013    24      1.0983641       177.84445
2013    25      0.86184208      148.55715
2013    26      0.70669977      134.526175
2013    27      0.6877318       133.5520625
2013    28      0.70458285      135.82495
2013    29      0.68871516      132.8646625
2013    30      0.56926266      117.119075
2014    1       1.30074946      194.6023375
2014    2       1.28722937      193.8184875
2014    3       1.21927978      184.7754375
2014    4       0.3240243       74.66566625
2014    5       0.73129221      136.941825
2014    6       0.83931422      154.1602875
2014    7       0.82738576      149.12231
2014    8       0.58316691      112.400435
2014    9       0.90120422      159.2733875
2014    10      0.96238202      164.4518375
2014    11      0.52839902      108.65129125
2014    12      0.48156182      100.44890125
2014    13      0.28976169      64.12352625
2014    14      0.73242772      137.0193125
2014    15      0.65493435      124.62066125
2014    16      0.23974069      58.2090625
2014    17      0.20997659      52.85407375
2014    18      0.31148266      72.66708625
2014    19      0.53110244      109.5156125
2014    20      0.6506147       126.7938
2014    21      0.8793081       150.739065
2014    22      0.68461174      130.9452325
2014    23      0.79523379      138.9389875
2014    24      0.53771458      108.2348175
2014    25      0.63354521      118.34512375
2014    26      1.13791252      179.315325
2014    27      0.72956361      137.79795
2014    28      0.6583062       129.3969125
2014    29      0.43134014      96.62675125
2014    30      0.69876675      132.4416
2015    1       0.80525776      148.351475
2015    2       0.9351602       163.95325
2015    3       0.55015595      116.39071875
2015    4       1.04522155      172.9417625
2015    5       0.82322984      144.8308875
2015    6       0.58856475      116.9753625
2015    7       0.29705495      70.6183525
2015    8       0.27810732      69.1875425
2015    9       0.24916488      62.6134175
2015    10      0.62737634      125.985375
2015    11      0.83806869      141.37708125
2015    12      0.55927046      113.35125875
2015    13      0.44493245      97.1681325
2015    14      0.46936732      103.6556375
2015    15      0.28411627      70.29075125
2015    16      0.86931989      145.78348875
2015    17      0.77666585      135.3973025
2015    18      0.79293388      145.533325
2015    19      0.59071233      115.97207875
2015    20      0.89325269      155.8756875
2015    21      0.24598641      58.7083775
2015    22      0.51509174      108.88069625
2015    23      0.50193479      106.6872925
2015    24      0.54376493      113.4061975
2015    25      0.6632109       129.074625
2015    26      0.90265984      155.9734875
2015    27      0.47621505      99.015045
2015    28      0.55350782      110.856645
2015    29      0.47164934      99.40142375
2015    30      0.4368812       92.9468675
2016    1       1.11233326      174.4217
2016    2       1.27944859      192.121525
2016    3       0.45572381      99.503665
2016    4       0.54551265      113.23174125
2016    5       1.10972772      181.0787125
2016    6       1.38204279      201.08395
2016    7       0.82204936      151.3699375
2016    8       0.61743145      125.194275
2016    9       0.82354368      153.0368625
2016    10      0.75286656      145.1524375
2016    11      1.07622375      177.7719625
2016    12      0.84936949      155.640325
2016    13      1.02467354      172.16205
2016    14      0.98871845      165.9506625
2016    15      0.86691638      155.211225
2016    16      0.87354432      157.6097375
2016    17      1.06283946      171.55405
2016    18      0.48625914      98.18893625
2016    19      0.6061477       118.7502525
2016    20      0.75290725      139.8005375
2016    21      1.31109825      194.7584
2016    22      1.31615692      192.318125
2016    23      0.44405242      95.2915325
2016    24      0.55851211      112.41072
2016    25      0.21480729      55.264985
2016    26      0.13708518      38.932925
2016    27      0.73587932      132.21063625
2016    28      0.63300794      122.52076375
2016    29      0.56679019      112.85395
2016    30      0.32412275      73.63356625
2017    1       1.06956834      174.33935
2017    2       1.0687821       175.617825
2017    3       0.96936802      165.1607125
2017    4       1.15602174      181.1320125
2017    5       1.48832625      204.9649625
2017    6       1.15908198      181.085875
2017    7       0.98032826      161.863125
2017    8       0.37894474      82.46501125
2017    9       0.3991632       88.45295625
2017    10      0.59916189      123.0824375
2017    11      0.70430674      134.7868875
2017    12      0.32775569      77.0377575
2017    13      0.66182871      127.39693375
2017    14      0.7499185       141.6421875
2017    15      0.3871377       84.8711875
2017    16      0.8916359       159.105925
2017    17      1.41078112      202.46665
2017    18      0.6106108       111.96733875
2017    19      0.39243636      88.63763
2017    20      0.47896539      97.961745
2017    21      1.06757111      173.261175
2017    22      1.18024176      180.238975
2017    23      1.0282379       172.0417125
2017    24      1.11740399      182.0200375
2017    25      0.4638372       100.10217875
2017    26      0.83183589      151.2031875
2017    27      0.48099216      104.79218125
2017    28      0.65430502      125.1528725
2017    29      0.36521341      84.71742375
2017    30      0.39355958      87.9278675
2018    1       0.75056735      136.67095625
2018    2       1.13588808      179.5763125
2018    3       1.02601413      167.7165375
2018    4       0.95777276      158.9484125
2018    5       0.91117541      156.378725
2018    6       0.63475668      124.0386375
2018    7       0.4991313       104.15032
2018    8       0.40871299      89.41188375
2018    9       0.28666281      68.5517875
2018    10      0.47526968      100.06573375
2018    11      0.62030592      120.24638125
2018    12      0.33323019      74.387285
2018    13      0.55177319      112.04199125
2018    14      0.59318976      119.977765
2018    15      0.56630439      116.936125
2018    16      0.59415354      119.60986875
2018    17      1.05608664      171.2493625
2018    18      0.23464327      56.77509375
2018    19      0.55403708      112.19339625
2018    20      0.44595954      98.26866375
2018    21      0.36070609      83.91887375
2018    22      0.44362642      91.70535625
2018    23      0.81560032      143.4170625
2018    24      0.95302358      159.2645375
2018    25      0.4343891       91.65769375
2018    26      0.42576337      92.06001625
2018    27      0.83842136      149.7587
2018    28      0.86657329      153.0101625
2018    29      0.82493264      144.48551375
2018    30      0.96185481      161.947
