####################################################################################################
# Month: 09Sep                                                                                     #
# Station: FAIR                                                                                    #
# Frequency: 230 GHz                                                                               #
# Columns are: year    day     tau     Tb (K)                                                      #
####################################################################################################
2009    1       1.02856719      172.4744375
2009    2       0.82203641      151.9857125
2009    3       0.7542684       144.4888375
2009    4       0.56303096      118.80605
2009    5       0.5722349       120.8372875
2009    6       0.70904575      139.35815
2009    7       0.76517026      147.1361125
2009    8       0.76820989      146.4710875
2009    9       0.74192085      142.677975
2009    10      0.77353209      146.8874
2009    11      0.94925149      165.09145
2009    12      0.89801736      159.7416625
2009    13      0.93200242      163.591975
2009    14      0.83927536      153.20185
2009    15      0.66152454      129.771375
2009    16      0.70250956      138.2442375
2009    17      1.06463801      177.29075
2009    18      1.12863429      181.48055
2009    19      0.9112901       158.229625
2009    20      0.6337192       124.5264125
2009    21      0.5740549       117.9585725
2009    22      0.65270058      129.0681625
2009    23      0.82251675      147.8262375
2009    24      0.47788434      97.18367625
2009    25      0.54635639      113.1673275
2009    26      0.86506716      153.9417125
2009    27      0.56078303      111.72265125
2009    28      0.40757339      88.50807125
2009    29      0.24713448      60.16541125
2009    30      0.37753509      84.970945
2010    1       1.04611981      173.2912375
2010    2       0.97422152      158.65555
2010    3       0.66403236      131.736375
2010    4       0.65823857      130.9965125
2010    5       1.14982651      184.37405
2010    6       0.99382815      170.512775
2010    7       0.88070285      156.759125
2010    8       1.28338622      195.0300625
2010    9       1.32635034      195.0648
2010    10      0.85007816      146.4111375
2010    11      0.79116719      141.81136625
2010    12      0.4136177       94.77996125
2010    13      0.57762534      120.9116375
2010    14      0.52571621      113.0898875
2010    15      0.53629496      115.8978625
2010    16      0.58432771      122.30785
2010    17      0.57366714      120.1755875
2010    18      0.72275609      139.1052625
2010    19      0.39034908      89.40786125
2010    20      0.34164689      81.18883625
2010    21      0.54947826      116.7843375
2010    22      0.58374462      117.02878625
2010    23      0.25567556      62.51849625
2010    24      0.20868425      52.39089375
2010    25      0.1729529       45.66692625
2010    26      0.32642341      75.19091625
2010    27      0.34572849      78.38296125
2010    28      0.24271205      59.1215875
2010    29      0.38306808      84.0359375
2010    30      0.58826482      119.119025
2011    1       1.04911675      174.879525
2011    2       1.3669994       192.4704
2011    3       0.8390168       153.3563375
2011    4       0.8058976       148.728425
2011    5       0.65603285      129.979225
2011    6       0.74431088      141.62735
2011    7       0.64814697      129.24175
2011    8       0.6438451       129.117575
2011    9       0.75615385      142.0585375
2011    10      1.13353824      180.3736875
2011    11      1.0245421       170.37445
2011    12      0.68266866      133.62285
2011    13      0.8061845       150.9191
2011    14      0.55034725      116.5246275
2011    15      0.9520918       163.731525
2011    16      0.70218795      136.053325
2011    17      0.67101155      132.0939875
2011    18      0.6089359       121.47453625
2011    19      0.61866269      124.094875
2011    20      0.66341915      129.7317375
2011    21      0.58454149      121.139675
2011    22      0.57247061      119.3228125
2011    23      0.9975142       167.98105
2011    24      0.91727854      158.7665875
2011    25      0.73995994      136.922875
2011    26      0.58163734      117.7787125
2011    27      0.56947715      115.800375
2011    28      0.62139518      122.756875
2011    29      0.42514805      93.03543625
2011    30      0.44685775      97.011585
2012    1       0.92995096      162.953075
2012    2       1.42972862      203.9226125
2012    3       0.75334765      143.4732875
2012    4       0.78311595      146.653975
2012    5       0.75235639      142.778525
2012    6       0.82090131      149.390525
2012    7       0.71551585      133.65485
2012    8       0.68114148      131.71785
2012    9       0.55351572      111.20811375
2012    10      0.56074374      113.67627625
2012    11      0.54424195      109.83229875
2012    12      0.33513814      78.29613625
2012    13      0.35629412      81.928785
2012    14      0.39296365      87.80459125
2012    15      0.6659475       129.7452125
2012    16      0.83565815      152.8362625
2012    17      0.67190596      131.2990625
2012    18      0.52115815      109.9607
2012    19      0.68997662      132.8459
2012    20      1.17006812      187.178775
2012    21      1.05492549      173.92825
2012    22      0.83006731      155.0271125
2012    23      0.76527673      145.83925
2012    24      0.71147231      134.0842125
2012    25      0.49456206      106.33708875
2012    26      0.64968464      128.0597525
2012    27      0.5644983       114.396905
2012    28      0.50837661      107.97642625
2012    29      0.43373246      95.21695
2012    30      0.39596759      87.75798875
2013    1       0.47230142      100.3573275
2013    2       1.0787149       176.003525
2013    3       1.02932915      175.67175
2013    4       0.87532868      157.1861125
2013    5       0.77273952      144.1257
2013    6       0.67472882      132.2680625
2013    7       0.92209435      162.45665
2013    8       1.25341213      190.95195
2013    9       1.04445966      164.5720875
2013    10      0.68830879      136.2796875
2013    11      0.86915931      156.787825
2013    12      1.03700219      168.7801
2013    13      0.6740395       134.192425
2013    14      1.02546735      169.81515
2013    15      0.38602324      86.15692125
2013    16      0.23447322      58.76880875
2013    17      0.44811185      95.81648875
2013    18      0.88872445      156.99515
2013    19      0.73466654      136.7375375
2013    20      0.56354026      113.2380725
2013    21      0.39440979      88.0641875
2013    22      0.69601348      132.9269
2013    23      0.61624519      121.18688125
2013    24      0.44493689      95.68595625
2013    25      0.53637294      107.48646625
2013    26      0.72646091      139.062725
2013    27      0.6267099       125.188825
2013    28      0.52991931      111.4845625
2013    29      0.76107349      141.6199625
2013    30      0.69132758      132.314075
2014    1       0.4569401       99.2035375
2014    2       1.2891209       190.437975
2014    3       0.62001455      122.35616875
2014    4       0.35269142      79.9353825
2014    5       0.32869625      76.6775175
2014    6       0.3330615       77.61193125
2014    7       0.28647139      68.76274625
2014    8       0.38624902      88.86754375
2014    9       0.56665325      119.4507125
2014    10      0.95808675      165.973175
2014    11      1.00052651      171.44785
2014    12      0.78214835      148.2998
2014    13      1.171389        190.0142
2014    14      1.03155209      176.8471625
2014    15      0.85636867      157.2434375
2014    16      0.78665026      147.87685
2014    17      0.73070911      140.2655375
2014    18      0.64831149      130.402725
2014    19      0.6668167       134.4036125
2014    20      0.86989669      157.855325
2014    21      0.91888744      159.53685
2014    22      0.60897562      120.081305
2014    23      0.46847202      100.2664725
2014    24      0.48465079      97.3034575
2014    25      0.36933209      82.84395
2014    26      0.26984626      65.8117325
2014    27      0.40611216      90.8756025
2014    28      0.41713627      93.64836875
2014    29      0.53613002      110.71377875
2014    30      0.68221168      128.56840375
2015    1       0.47590706      102.4349125
2015    2       0.490911        106.7745425
2015    3       0.65813911      131.374275
2015    4       0.5981362       124.2783875
2015    5       0.65814064      131.372375
2015    6       0.44110291      98.34071
2015    7       0.45856488      101.59352625
2015    8       0.78987979      145.9935875
2015    9       0.94182024      162.530775
2015    10      0.68713098      133.851175
2015    11      0.53828994      111.55094
2015    12      0.56981619      117.142525
2015    13      0.5206862       106.84050125
2015    14      0.75353862      140.3151125
2015    15      0.68624945      130.47931875
2015    16      0.54008679      111.51198125
2015    17      0.59902034      121.41695
2015    18      0.75856358      141.637725
2015    19      0.60334014      120.6375125
2015    20      0.56694149      114.37954625
2015    21      0.50105294      104.92325625
2015    22      0.57869094      116.3193
2015    23      0.5362594       109.274425
2015    24      0.33798252      76.79149
2015    25      0.43847391      92.34005375
2015    26      0.40037321      85.5713725
2015    27      0.51199654      106.32510625
2015    28      1.13856242      182.554575
2015    29      1.23321086      189.7260125
2015    30      0.73276874      137.9787625
2016    1       0.62097824      126.786975
2016    2       0.64059748      128.01005
2016    3       0.50218724      107.9444975
2016    4       0.4299821       98.25352125
2016    5       0.72458721      139.0937375
2016    6       1.420917        204.6931875
2016    7       0.75920825      137.82910875
2016    8       0.31993885      75.196925
2016    9       0.40024168      89.590085
2016    10      0.31284219      74.15712125
2016    11      0.3929151       89.10585
2016    12      0.98926328      169.972775
2016    13      1.05274695      170.1728125
2016    14      1.00559611      166.3305
2016    15      0.80759241      148.5776875
2016    16      0.92137618      162.522975
2016    17      0.68336671      134.1188375
2016    18      0.83644262      148.5733125
2016    19      0.48683416      101.27641125
2016    20      0.56097711      116.6925
2016    21      0.69839376      135.637025
2016    22      0.89779825      159.6662
2016    23      0.59423526      120.837025
2016    24      0.57879299      117.3503375
2016    25      0.60025687      120.3661125
2016    26      0.42086485      90.80473125
2016    27      0.3950825       86.09831
2016    28      0.47322665      100.33394875
2016    29      1.01670991      167.0850375
2016    30      0.39401325      87.99439375
2017    1       0.703796        137.6774375
2017    2       0.60402968      121.5396625
2017    3       0.50557134      107.938005
2017    4       0.626582        126.83905
2017    5       0.78783832      148.2240625
2017    6       1.07506103      174.3189125
2017    7       0.73101654      140.529
2017    8       0.75755044      141.075225
2017    9       0.67102379      132.8303
2017    10      0.83844706      152.35445
2017    11      0.92173071      159.496175
2017    12      0.84693884      151.8166375
2017    13      0.73371033      141.635425
2017    14      0.71989968      139.2098875
2017    15      0.71796706      137.6769125
2017    16      0.51506095      110.1750325
2017    17      0.60797826      124.59175
2017    18      0.73271598      141.52495
2017    19      0.95567067      164.01735
2017    20      0.4850841       103.433775
2017    21      0.47944599      102.6797925
2017    22      0.75804814      142.3440375
2017    23      0.80813504      149.0438875
2017    24      0.65812449      131.61075
2017    25      0.98427252      167.504775
2017    26      0.86075594      153.3042
2017    27      0.57592589      115.93563875
2017    28      0.8725033       153.876275
2017    29      0.78797585      143.0648625
2017    30      0.53394412      109.65387875
2018    1       0.72897889      136.0225725
2018    2       1.08714958      176.7129125
2018    3       1.11536981      174.3056125
2018    4       0.69362841      130.73904625
2018    5       0.89953893      155.1232625
2018    6       1.01474131      169.5227
2018    7       0.87777465      153.0896125
2018    8       0.32538053      76.54701
2018    9       0.35028365      78.88317
2018    10      0.51096366      110.6885
2018    11      0.72998372      140.54085
2018    12      1.09867081      178.81625
2018    13      1.19074906      172.4100375
2018    14      0.34519935      79.1770975
2018    15      0.44288824      96.66576125
2018    16      0.77281155      144.73705
2018    17      0.7625761       144.284
2018    18      0.88721296      157.35375
2018    19      0.94081904      162.2214375
2018    20      0.8552838       153.0943
2018    21      0.75549654      142.44575
2018    22      0.8517892       152.839625
2018    23      0.951979        163.525775
2018    24      0.80822608      147.513925
2018    25      1.01291821      169.038925
2018    26      0.98062609      165.2940125
2018    27      0.50699512      101.044355
2018    28      0.30063695      72.72025875
2018    29      0.14565033      39.53322125
2018    30      0.21033054      54.36814375
