####################################################################################################
# Month: 05May                                                                                     #
# Station: ROB                                                                                     #
# Columns are: year    day     RH (percent)                                                        #
####################################################################################################
9       1       0.09105438
9       2       0.04762788
9       3       0.11455988
9       4       0.12642375
9       5       0.09381288
9       6       0.15387188
9       7       0.2249145
9       8       0.30871062
9       9       0.21894062
9       10      0.30094263
9       11      0.61325888
9       12      0.74376862
9       13      0.92389162
9       14      0.21837625
9       15      0.45720038
9       16      0.3808745
9       17      0.46361875
9       18      0.22774888
9       19      0.07108962
9       20      0.13414375
9       21      0.105235
9       22      0.132893
9       23      0.08929388
9       24      0.23352475
9       25      0.64118438
9       26      0.43415038
9       27      0.153304
9       28      0.523903
9       29      0.69428838
9       30      0.85198225
9       31      0.439367
