####################################################################################################
# Month: 09Sep                                                                                     #
# Station: BLDR                                                                                    #
# Columns are: year    day     RH (percent)                                                        #
####################################################################################################
9       1       0.29785375
9       2       0.31086125
9       3       0.47466238
9       4       0.42185062
9       5       0.4765735
9       6       0.58302412
9       7       0.51750075
9       8       0.49947075
9       9       0.60379975
9       10      0.44391425
9       11      0.43415912
9       12      0.78090125
9       13      0.68860938
9       14      0.5089705
9       15      0.6619985
9       16      0.657426
9       17      0.56596125
9       18      0.47841462
9       19      0.43388375
9       20      0.41058725
9       21      0.72194512
9       22      0.65462825
9       23      0.82753675
9       24      0.88067188
9       25      0.69378662
9       26      0.36568138
9       27      0.23046988
9       28      0.36368738
9       29      0.2617005
9       30      0.3330465
