####################################################################################################
# Month: 02Feb                                                                                     #
# Station: JELM                                                                                    #
# Frequency: 345 GHz                                                                               #
# Columns are: year    day     tau     Tb (K)                                                      #
####################################################################################################
2009    1       0.39250285      85.67297
2009    2       0.53141461      107.5112475
2009    3       0.75263812      140.1117125
2009    4       0.2442232       60.90385125
2009    5       0.2160379       55.58702
2009    6       0.5351876       109.84269
2009    7       0.82868585      148.577325
2009    8       0.77611871      143.6099375
2009    9       0.86012922      151.031325
2009    10      0.69515948      129.2664525
2009    11      0.44301714      94.78342875
2009    12      0.41376789      90.63519
2009    13      0.52309529      106.00339625
2009    14      0.57288685      113.688175
2009    15      0.40771776      86.00523875
2009    16      0.46394997      98.77371375
2009    17      0.62266158      122.991125
2009    18      0.63830582      123.3462625
2009    19      0.52225579      107.33365125
2009    20      0.36573432      80.48138125
2009    21      0.38944515      84.62063375
2009    22      0.34803231      79.055485
2009    23      1.14179322      180.3001625
2009    24      0.9068341       155.2881125
2009    25      0.59788586      119.62004
2009    26      0.73748216      137.4703
2009    27      0.59796838      116.36295125
2009    28      0.17845145      46.18109125
2010    1       0.58028794      116.27
2010    2       0.37648695      83.19484375
2010    3       0.61527428      121.6317625
2010    4       0.76769742      139.58855
2010    5       0.61305251      119.6015475
2010    6       0.83380571      149.531275
2010    7       0.61820115      121.36742375
2010    8       0.26120665      63.71713375
2010    9       0.22252706      55.69308125
2010    10      0.35081654      80.35264375
2010    11      0.53276776      108.97042125
2010    12      0.67363556      127.71145
2010    13      0.68375624      129.4130125
2010    14      0.45423522      91.80605875
2010    15      0.19279604      48.69827125
2010    16      0.35043245      78.79167125
2010    17      0.64796444      122.45084625
2010    18      0.91747561      156.5927625
2010    19      0.58095048      114.25992
2010    20      0.77240705      139.0256125
2010    21      0.66016766      124.9719375
2010    22      0.41536374      87.94584375
2010    23      0.32717921      75.48147375
2010    24      0.33331372      74.8072025
2010    25      0.7869402       142.470175
2010    26      0.4751598       97.764515
2010    27      0.47085432      96.95844875
2010    28      0.85454954      150.95415
2011    1       0.21319254      52.59111125
2011    2       0.10567471      30.51095125
2011    3       0.4634066       88.565615
2011    4       0.70905457      125.77024
2011    5       0.92148221      157.4246
2011    6       0.53963359      107.01441
2011    7       0.63404652      121.70244125
2011    8       0.66247686      122.48592875
2011    9       0.20081292      50.0024725
2011    10      0.27643658      64.16501375
2011    11      0.4746115       100.70617875
2011    12      0.57717985      116.67738
2011    13      0.33416734      79.3706175
2011    14      0.32564222      76.5283675
2011    15      0.30894019      72.25537375
2011    16      0.3940135       88.83611375
2011    17      0.71699785      134.1576125
2011    18      0.49421979      100.72183125
2011    19      0.80289905      139.84054125
2011    20      0.90458055      150.41495125
2011    21      0.4572042       96.2935
2011    22      0.38212548      85.87389875
2011    23      0.43736716      95.6727025
2011    24      0.62818572      122.19865
2011    25      0.77014485      139.083875
2011    26      0.73741831      137.5471375
2011    27      0.52668944      107.83205875
2011    28      0.30754673      69.8944375
2012    1       0.29894441      70.2394125
2012    2       0.52732129      105.03491
2012    3       0.70929599      131.8552875
2012    4       0.49610059      102.78817875
2012    5       0.42728091      92.34488375
2012    6       0.4066617       89.684065
2012    7       0.34174949      77.49616
2012    8       0.40173501      85.84422875
2012    9       0.85039965      149.7896875
2012    10      0.62206059      118.76455
2012    11      0.83706006      147.63015
2012    12      0.92415042      159.031425
2012    13      0.89002201      154.4695125
2012    14      0.78336981      141.2401625
2012    15      0.56100168      110.91117625
2012    16      0.57353991      114.37928375
2012    17      0.40834908      87.72615
2012    18      0.3926641       86.1299225
2012    19      0.69884748      129.21568625
2012    20      0.62416972      116.4588775
2012    21      0.56779049      113.2237675
2012    22      1.06806168      172.976325
2012    23      0.7700843       135.4731375
2012    24      0.33424217      75.87038375
2012    25      0.48865032      104.82026875
2012    26      0.29403437      68.87148625
2012    27      0.3994448       80.81079875
2012    28      0.94420511      160.0194375
2012    29      0.41732649      90.4777675
2013    1       0.63179222      123.5360625
2013    2       0.36911664      82.12279875
2013    3       0.33250118      77.88555375
2013    4       0.51368534      106.541335
2013    5       0.69418379      132.1791125
2013    6       1.01595699      167.9343625
2013    7       0.29508904      66.37137
2013    8       0.26948741      63.37739
2013    9       0.76468886      140.009475
2013    10      0.57618768      113.6406
2013    11      0.46646933      97.4561675
2013    12      0.30300735      69.592755
2013    13      0.5470924       111.71644125
2013    14      0.56578675      113.7202625
2013    15      0.46322854      97.283585
2013    16      0.48122028      102.75338125
2013    17      0.28504939      68.5804275
2013    18      0.43853421      93.32041375
2013    19      0.2614858       62.94210875
2013    20      0.48638486      103.03340625
2013    21      0.7522336       138.0129625
2013    22      0.48307304      100.65257375
2013    23      0.55820581      109.83334625
2013    24      0.7532638       136.967625
2013    25      0.32091689      72.77433625
2013    26      0.56174775      112.224585
2013    27      0.39138784      85.00224125
2013    28      0.39202749      85.41828375
2014    1       0.49924241      102.0066075
2014    2       0.21572471      53.58350375
2014    3       0.420839        89.81115625
2014    4       0.61376299      119.198175
2014    5       0.2882657       66.4257125
2014    6       0.4454103       93.749035
2014    7       0.59055238      116.634525
2014    8       0.81641321      145.8679375
2014    9       1.03642176      168.782
2014    10      0.68139951      129.2227125
2014    11      0.47812546      100.1220975
2014    12      0.69896119      130.01125
2014    13      0.93695521      160.1985875
2014    14      0.5806923       110.91917375
2014    15      1.38151262      198.7582125
2014    16      0.91087605      158.90735
2014    17      0.38846581      78.1082725
2014    18      0.37071548      84.4728875
2014    19      0.68535425      130.716475
2014    20      0.39419815      81.93179625
2014    21      0.51314541      104.699545
2014    22      0.62101919      119.9229875
2014    23      0.67086849      128.0402
2014    24      0.61806178      123.39825
2014    25      0.95185314      161.7358
2014    26      0.26720767      56.35498125
2014    27      0.66975416      121.92732625
2014    28      0.94506355      157.58535
2015    1       0.41777341      90.36679125
2015    2       0.71410856      131.59961625
2015    3       0.84107534      148.7616625
2015    4       1.20564205      183.970875
2015    5       0.81400054      145.5186125
2015    6       0.53676087      112.86189
2015    7       0.65139028      127.998295
2015    8       0.73588079      139.2559625
2015    9       0.55212982      115.49176
2015    10      0.85105122      151.3697875
2015    11      0.51746905      107.3933875
2015    12      0.5745996       111.35550125
2015    13      0.83930285      149.2970375
2015    14      0.45623152      99.3026975
2015    15      1.06999327      173.7992375
2015    16      0.62563616      120.872335
2015    17      0.36776469      81.6341525
2015    18      0.57245094      115.55087125
2015    19      0.51731751      109.92425
2015    20      0.73081314      135.33053625
2015    21      0.67852655      128.0568375
2015    22      0.53003058      107.23515
2015    23      0.45376135      95.7912325
2015    24      0.38577761      84.3023675
2015    25      0.74060481      134.31901625
2015    26      0.47693614      98.51844625
2015    27      0.39747236      86.54661625
2015    28      0.4490792       95.42023875
2016    1       0.88383838      152.5721625
2016    2       0.61322798      117.623425
2016    3       0.33386356      74.8210125
2016    4       0.37244724      80.80672
2016    5       0.44655386      94.12093375
2016    6       0.48510189      103.43000875
2016    7       0.5810621       116.08420125
2016    8       0.61498605      122.4766
2016    9       0.41205619      92.282795
2016    10      0.32884174      77.62839375
2016    11      0.56800636      114.9341775
2016    12      1.02548699      171.2025625
2016    13      0.58425539      118.92687125
2016    14      0.65230242      125.2263325
2016    15      0.94805775      160.0637375
2016    16      0.85209231      150.4863625
2016    17      0.51529365      107.9438175
2016    18      0.8110581       145.838235
2016    19      0.43445506      88.860185
2016    20      0.63251938      123.749205
2016    21      0.44667954      96.00611625
2016    22      0.72799135      135.674575
2016    23      0.58851371      111.4904175
2016    24      0.25883831      62.36072875
2016    25      0.60880505      121.421925
2016    26      0.4469838       95.3380875
2016    27      0.50949184      108.5396725
2016    28      0.47140399      100.535925
2016    29      0.65631192      123.30567125
2017    1       0.74789101      138.679925
2017    2       0.66506991      125.8345575
2017    3       0.73195518      137.1544125
2017    4       0.95227321      162.178975
2017    5       0.87347222      154.7135375
2017    6       0.84093954      151.4169375
2017    7       1.13528726      176.783875
2017    8       0.96484962      157.3793125
2017    9       1.12661239      180.054625
2017    10      1.20304855      189.7290875
2017    11      1.39455225      200.2448375
2017    12      0.30698301      67.01160875
2017    13      0.36906346      83.9941925
2017    14      0.51415988      107.8800275
2017    15      0.3649676       83.9803225
2017    16      0.22864542      58.96096875
2017    17      0.55531947      108.18224375
2017    18      1.25156825      189.2829375
2017    19      1.09330774      175.6455875
2017    20      0.65937425      119.33672875
2017    21      0.70119721      136.1839375
2017    22      1.07524082      174.7123875
2017    23      1.07062974      170.4008375
2017    24      0.54551556      109.007595
2017    25      0.33136338      74.5539425
2017    26      0.25427079      61.0299925
2017    27      0.57743328      112.167135
2017    28      0.73576534      134.6735875
2018    1       0.77430212      139.9601875
2018    2       0.95057264      161.48755
2018    3       0.79221708      142.90356875
2018    4       0.97226436      164.0558
2018    5       0.982167        164.9791375
2018    6       0.57433034      114.562725
2018    7       0.6566382       126.373075
2018    8       0.82124026      148.9428125
2018    9       0.85494886      152.0793125
2018    10      0.83442196      147.205625
2018    11      0.28893944      67.7381275
2018    12      0.58421606      109.5288425
2018    13      0.71148318      134.00310125
2018    14      0.43522345      93.0909025
2018    15      0.85272698      149.403125
2018    16      0.27937161      64.7590875
2018    17      0.42109965      91.3450825
2018    18      0.60142884      121.8735125
2018    19      0.74530641      138.789475
2018    20      0.43955324      90.10776875
2018    21      0.22984768      56.29565125
2018    22      0.51628823      105.5989325
2018    23      0.446444        93.8583575
2018    24      0.34544869      76.6207
2018    25      0.30604862      70.590225
2018    26      0.39641946      87.54554375
2018    27      0.36265442      82.75702125
2018    28      0.48103715      101.48319
