####################################################################################################
# Month: 08Aug                                                                                     #
# Station: DomeC                                                                                   #
# Columns are: year    day     RH (percent)                                                        #
####################################################################################################
9       1       0.878655
9       2       0.80140175
9       3       0.9806615
9       4       1.03499925
9       5       0.8958945
9       6       0.95593638
9       7       0.94588338
9       8       0.96242962
9       9       0.95112138
9       10      0.7771195
9       11      0.7880595
9       12      0.69153775
9       13      0.55569538
9       14      0.60950975
9       15      0.72774138
9       16      0.440523
9       17      0.8432625
9       18      0.61902113
9       19      0.96815675
9       20      0.95213138
9       21      0.95487775
9       22      0.85202088
9       23      0.85415362
9       24      0.2474565
9       25      0.87043462
9       26      0.9538725
9       27      1.04778575
9       28      0.92639712
9       29      0.64358525
9       30      0.78159575
9       31      0.83898575
