####################################################################################################
# Month: 11Nov                                                                                     #
# Station: SGO                                                                                     #
# Frequency: 345 GHz                                                                               #
# Columns are: year    day     tau     Tb (K)                                                      #
####################################################################################################
2009    1       0.59935105      119.420425
2009    2       0.58047563      115.693995
2009    3       0.62862699      114.74777
2009    4       0.08804796      27.61422
2009    5       0.06163111      21.29478375
2009    6       0.1027607       30.72470875
2009    7       0.11607881      33.8731675
2009    8       0.22296504      55.6587025
2009    9       0.51548036      102.6148125
2009    10      0.28852078      68.09382375
2009    11      0.33612348      79.01908125
2009    12      0.33072354      77.90218125
2009    13      0.28728949      70.38485125
2009    14      0.1981697       52.05531
2009    15      0.15241224      41.886855
2009    16      0.33470565      77.03319
2009    17      0.85122125      149.99355
2009    18      0.77132382      142.314875
2009    19      0.24964301      60.39120875
2009    20      0.93474476      158.9971125
2009    21      0.87297565      155.5247125
2009    22      0.85073139      151.0654625
2009    23      0.70542321      134.6137375
2009    24      0.63354326      127.534575
2009    25      0.38766002      88.28598375
2009    26      0.36876684      82.9069425
2009    27      0.27497438      67.28861375
2009    28      0.33822778      78.17265
2009    29      0.83891529      149.50010625
2009    30      0.23384752      58.9238925
2010    1       0.29860284      72.178985
2010    2       0.25228956      63.446945
2010    3       0.41881978      91.4052975
2010    4       0.32799959      75.80775875
2010    5       0.57563298      112.51875625
2010    6       0.74672836      137.67138875
2010    7       1.01942318      168.7682125
2010    8       0.36891021      79.85616875
2010    9       0.11418113      33.7713425
2010    10      0.1165785       34.005055
2010    11      0.1257778       36.5290825
2010    12      0.1250011       35.92646
2010    13      0.17250899      46.40532125
2010    14      0.22140371      56.23906125
2010    15      0.20624805      53.51541
2010    16      0.23744095      59.9355175
2010    17      0.2750918       66.32031375
2010    18      0.25128414      62.378265
2010    19      0.29154032      68.15889375
2010    20      0.35344896      80.78487375
2010    21      0.44405708      96.03555875
2010    22      0.56782267      115.8728625
2010    23      0.24361162      61.42364375
2010    24      0.27876542      68.99699625
2010    25      0.19690211      51.8805275
2010    26      0.16900014      46.36506
2010    27      0.14973298      41.93151375
2010    28      0.18025235      48.25763875
2010    29      0.24169144      57.11189875
2010    30      0.25178475      62.55719875
2011    1       0.3543527       81.5565075
2011    2       0.21209811      54.38828125
2011    3       0.17499132      47.8191325
2011    4       0.19737046      52.03314
2011    5       0.23149198      59.174905
2011    6       0.4744137       103.2483625
2011    7       0.42444309      92.50942375
2011    8       0.60435111      118.6510625
2011    9       0.20185951      50.86309375
2011    10      0.15051399      41.832
2011    11      0.30005715      72.219055
2011    12      0.38183318      87.71239125
2011    13      0.99191322      163.1092625
2011    14      0.76587206      142.7756875
2011    15      0.32698171      78.6771975
2011    16      0.29535444      71.77147
2011    17      0.20554185      53.8105225
2011    18      0.17595048      46.73362
2011    19      0.18847276      49.75806875
2011    20      0.21877212      55.15128875
2011    21      0.47789155      99.65591625
2011    22      0.62378534      126.7980875
2011    23      0.29353034      71.20942
2011    24      0.24459695      62.38178
2011    25      0.20999532      55.44703875
2011    26      0.2136798       55.81711625
2011    27      0.17703589      48.02937625
2011    28      0.15755345      43.84771
2011    29      0.13911571      39.7721825
2011    30      0.13774714      39.75441125
2012    1       0.4029613       91.00235375
2012    2       0.15575828      43.48842125
2012    3       0.26628048      64.53488125
2012    4       0.23617536      59.80247375
2012    5       0.12220471      36.15406625
2012    6       0.20183954      52.93185125
2012    7       0.22425971      57.77583875
2012    8       0.23341435      59.17134625
2012    9       0.36975607      83.6230675
2012    10      0.21959666      56.1626
2012    11      0.13610109      38.83450375
2012    12      0.14399355      40.6220125
2012    13      0.14423531      41.01229625
2012    14      0.20572753      53.3317575
2012    15      0.26141476      65.255415
2012    16      0.45536509      100.12142125
2012    17      0.29829534      72.550465
2012    18      0.190484        51.160695
2012    19      0.16246851      44.74041625
2012    20      0.16484312      45.556295
2012    21      0.16914565      46.01865625
2012    22      0.22009961      56.26004375
2012    23      0.13614572      38.53706375
2012    24      0.06896315      23.15682
2012    25      0.16627581      44.8995375
2012    26      0.21830554      55.60685375
2012    27      0.19034569      50.6518475
2012    28      0.2309174       58.24355875
2012    29      0.40686689      89.5460325
2012    30      0.44193286      92.5758725
2013    1       0.59036574      114.9050325
2013    2       0.22294394      55.550315
2013    3       0.39636835      90.05931375
2013    4       0.24209949      61.9639975
2013    5       0.1145148       34.303755
2013    6       0.19392085      51.5437275
2013    7       0.09790078      29.5550225
2013    8       0.18502914      49.17341375
2013    9       0.25421048      60.65834875
2013    10      0.65416411      126.13505
2013    11      0.37588714      85.32631
2013    12      0.37781628      85.74867125
2013    13      0.15641639      43.2558825
2013    14      0.19593629      51.61479125
2013    15      0.13390854      38.54121375
2013    16      0.13452414      38.9083225
2013    17      0.24715865      60.62527625
2013    18      0.28577776      70.13176625
2013    19      0.2732337       66.46855875
2013    20      0.30720454      72.9788175
2013    21      0.38328911      88.48440875
2013    22      0.33073138      78.4416175
2013    23      0.47104262      101.2894675
2013    24      0.37202915      85.9358375
2013    25      0.25121619      62.91565375
2013    26      0.14956082      42.011265
2013    27      0.0789883       25.68587375
2013    28      0.11235447      33.62695
2013    29      0.1743815       47.24287125
2013    30      0.11632966      34.71218125
2014    1       0.18533521      47.77716375
2014    2       0.2300788       56.713585
2014    3       0.09559754      29.39089875
2014    4       0.11102127      32.76388125
2014    5       0.30451115      70.7929275
2014    6       0.19164719      50.5505725
2014    7       0.14889088      41.64145375
2014    8       0.11775032      34.98466125
2014    9       0.19104971      50.45606625
2014    10      0.303453        73.364575
2014    11      0.28401095      68.89873
2014    12      0.10920415      32.58733
2014    13      0.1396509       39.43645625
2014    14      0.31157195      74.11507375
2014    15      0.42206485      94.50811
2014    16      0.60591276      120.76728
2014    17      0.55841268      113.6641075
2014    18      0.30490033      72.9994725
2014    19      0.28306954      66.2662725
2014    20      0.20941031      54.00685125
2014    21      0.1290688       36.90917
2014    22      0.50106049      104.01022375
2014    23      0.44286408      94.94749
2014    24      0.65302844      124.38429625
2014    25      0.49696755      105.16558125
2014    26      0.13075111      37.4048025
2014    27      0.19498606      50.68282625
2014    28      0.53780342      107.6267525
2014    29      0.82258455      143.24594125
2014    30      0.18446559      46.8534275
2015    1       0.26740429      65.11608375
2015    2       0.39960533      88.04158125
2015    3       0.42911038      93.141525
2015    4       0.81613446      145.4997375
2015    5       0.7210295       134.8830625
2015    6       0.30480495      71.67543625
2015    7       0.27578724      67.16794625
2015    8       0.38856696      84.59012375
2015    9       0.35752396      80.3406775
2015    10      0.56437719      109.10250875
2015    11      0.62374508      122.39677
2015    12      0.72829224      134.85556625
2015    13      0.33251129      77.1541575
2015    14      0.45682204      99.87469875
2015    15      0.2516763       62.70446125
2015    16      0.38621348      85.51032875
2015    17      0.39294819      88.494495
2015    18      0.31524759      73.79138125
2015    19      0.18340191      46.21634375
2015    20      0.35125478      81.59840125
2015    21      0.47267906      101.07107375
2015    22      0.31999335      74.39460375
2015    23      0.25526929      63.53323
2015    24      0.23998495      60.130255
2015    25      0.24956526      61.61381625
2015    26      0.2162732       55.95526375
2015    27      0.1735022       46.68322375
2015    28      0.14233212      40.11364625
2015    29      0.13784273      39.19304125
2015    30      0.13791516      39.30507
2016    1       0.2572902       61.7594425
2016    2       0.34880462      78.85179625
2016    3       0.48254862      104.0799625
2016    4       0.4831655       104.9476675
2016    5       0.38920439      88.4460475
2016    6       0.51575558      110.95491125
2016    7       0.56996509      118.38179375
2016    8       0.41372324      92.28106125
2016    9       0.54671337      114.4262375
2016    10      0.37911371      86.606525
2016    11      0.33532988      79.29694125
2016    12      0.36749332      83.968885
2016    13      0.65282554      125.159775
2016    14      0.55592421      114.08541375
2016    15      0.69136419      132.838925
2016    16      0.70964156      134.3040375
2016    17      0.28483123      66.98
2016    18      0.31936455      75.75701
2016    19      0.63003145      117.65066625
2016    20      0.65803933      123.36458375
2016    21      0.87507311      154.2998
2016    22      0.9977955       165.9901625
2016    23      1.05313979      172.21475
2016    24      0.85656401      153.0653625
2016    25      0.53627751      109.89852875
2016    26      0.36279521      80.8802075
2016    27      0.35813869      81.69661125
2016    28      0.18351305      48.71462875
2016    29      0.73451638      132.202745
2016    30      1.09326334      178.47005
2017    1       0.49730112      102.29752625
2017    2       0.63710888      123.31598375
2017    3       0.56274189      109.8953975
2017    4       0.72733782      133.139045
2017    5       0.65627492      127.873175
2017    6       0.83188472      146.9906625
2017    7       0.81104919      142.30351125
2017    8       0.75174359      139.3139875
2017    9       0.61687566      122.7592625
2017    10      0.28622859      69.8250325
2017    11      0.33396226      78.86599625
2017    12      0.49006796      105.574325
2017    13      0.87328011      159.20555
2017    14      0.42703114      95.1088475
2017    15      0.35808617      83.35976875
2017    16      0.2027464       52.9444925
2017    17      0.41244885      89.37039375
2017    18      0.38784078      86.72364625
2017    19      0.48662342      104.60257375
2017    20      0.62563396      123.654575
2017    21      0.23758196      58.3375825
2017    22      0.26939486      66.5744625
2017    23      0.25221939      62.858065
2017    24      0.3836082       85.189835
2017    25      0.337992        79.951625
2017    26      0.42206451      94.945515
2017    27      1.11244654      176.4252375
2017    28      0.69589672      131.5508675
2017    29      0.38067744      87.2576375
2017    30      0.63405771      126.61185
2018    1       0.82538834      144.65475625
2018    2       0.75463624      138.7152025
2018    3       0.20969949      54.42561625
2018    4       0.30262272      72.32173875
2018    5       0.33377399      78.2709175
2018    6       0.43907804      96.7022
2018    7       0.4544994       100.72282875
2018    8       0.30260957      73.26935375
2018    9       0.2812901       67.701685
2018    10      0.38470296      87.26203125
2018    11      0.43384991      94.75134
2018    12      0.45899828      98.34051125
2018    13      0.45063249      96.15173875
2018    14      0.41897778      90.84661375
2018    15      0.51453705      108.39306875
2018    16      0.46009442      99.24490375
2018    17      0.43754004      94.72015875
2018    18      0.30006628      72.2254875
2018    19      0.41871892      95.3313475
2018    20      0.36407005      83.63240125
2018    21      0.37839041      88.112875
2018    22      0.64162222      115.04713125
2018    23      0.71001609      136.5085125
2018    24      0.59123197      119.640075
2018    25      0.74409626      140.8562625
2018    26      0.75624268      143.10895
2018    27      0.26635128      64.31804625
2018    28      0.75795562      139.2781875
2018    29      0.73079831      138.0806625
2018    30      0.66924645      127.99090625
