####################################################################################################
# Month: 10Oct                                                                                     #
# Station: SGO                                                                                     #
# Columns are: year    day     RH (percent)                                                        #
####################################################################################################
9       1       0.06847475
9       2       0.11767062
9       3       0.06614512
9       4       0.14087438
9       5       0.2385135
9       6       0.35843038
9       7       0.51924612
9       8       0.336446
9       9       0.150051
9       10      0.67980638
9       11      0.401309
9       12      0.23491
9       13      0.29558013
9       14      0.58756888
9       15      0.49709912
9       16      0.45906675
9       17      0.10887012
9       18      0.14578738
9       19      0.16118738
9       20      0.23163238
9       21      0.34564138
9       22      0.4941285
9       23      0.507645
