####################################################################################################
# Month: 06Jun                                                                                     #
# Station: SAS                                                                                     #
# Columns are: year    day     RH (percent)                                                        #
####################################################################################################
9       1       0.07293062
9       2       0.05668638
9       3       0.05278625
9       4       0.09913538
9       5       0.10386063
9       6       0.142053
9       7       0.19462738
9       8       0.06761012
9       9       0.08287825
9       10      0.05136825
9       11      0.0940705
9       12      0.1015715
9       13      0.0990935
9       14      0.21226225
9       15      0.13824488
9       16      0.06075313
9       17      0.08934575
9       18      0.077192
9       19      0.27484988
9       20      0.27754962
9       21      0.10454475
9       22      0.35824712
9       23      0.64562712
9       24      0.35222112
9       25      0.11029525
9       26      0.09492425
9       27      0.06731112
9       28      0.0454325
9       29      0.02370212
9       30      0.044094
