####################################################################################################
# Month: 05May                                                                                     #
# Station: BAR                                                                                     #
# Columns are: year    day     RH (percent)                                                        #
####################################################################################################
9       1       0.83225288
9       2       0.72210038
9       3       0.4506645
9       4       0.6590375
9       5       0.38640175
9       6       0.34110912
9       7       0.17143012
9       8       0.3151815
9       9       0.37310325
9       10      0.37196712
9       11      0.3900705
9       12      0.34731375
9       13      0.51937125
9       14      0.59295563
9       15      0.59784638
9       16      0.36509438
9       17      0.28182163
9       18      0.44566075
9       19      0.79196288
9       20      0.34764812
9       21      0.43769025
9       22      0.73638113
9       23      0.88089
9       24      0.5288495
9       25      0.55833838
9       26      0.79163575
9       27      0.71596975
9       28      0.80601675
9       29      0.72127712
9       30      0.87047688
9       31      0.82289688
