####################################################################################################
# Month: 05May                                                                                     #
# Station: VLA                                                                                     #
# Frequency: 345 GHz                                                                               #
# Columns are: year    day     tau     Tb (K)                                                      #
####################################################################################################
2009    1       0.91265811      166.5935875
2009    2       1.94851575      230.0879625
2009    3       2.31129313      249.79905
2009    4       1.86606388      235.501375
2009    5       2.05841525      243.30805
2009    6       1.310529        205.5829125
2009    7       1.176199        196.750625
2009    8       1.05937289      185.132475
2009    9       1.06455139      184.8018125
2009    10      0.86101069      161.68985
2009    11      0.73915032      147.38615
2009    12      0.90930781      167.7157875
2009    13      0.69196126      141.5519875
2009    14      0.85941341      162.5504375
2009    15      1.08302975      186.578175
2009    16      1.82868512      225.94615
2009    17      2.77635412      262.3706375
2009    18      2.08035325      245.6315
2009    19      2.01164975      241.5947625
2009    20      2.981947        263.9096375
2009    21      3.82816325      271.8905
2009    22      3.89315462      271.27845
2009    23      3.10157962      261.5831125
2009    24      3.30465475      267.404775
2009    25      2.46657225      251.412925
2009    26      2.24913075      246.3786625
2009    27      2.255903        248.3224625
2009    28      2.32831025      249.3621875
2009    29      2.77224325      259.496875
2009    30      2.64195388      258.40615
2009    31      2.84897175      261.0022
2010    1       0.96678215      163.4282
2010    2       1.3955205       200.636375
2010    3       0.94252389      159.3584625
2010    4       0.74579975      148.0295125
2010    5       0.63459256      132.7024125
2010    6       0.64400155      135.2994625
2010    7       1.18255019      192.87555
2010    8       1.41989062      211.2339125
2010    9       1.16252409      191.9941125
2010    10      0.77380398      146.73576625
2010    11      0.75738734      148.5899375
2010    12      0.71272736      140.0863875
2010    13      1.06200574      178.58905
2010    14      1.16732961      185.503575
2010    15      1.31187648      199.245875
2010    16      1.2840695       196.255575
2010    17      1.05777079      179.6520875
2010    18      1.31705737      201.329125
2010    19      1.2204135       194.1955
2010    20      0.8531403       161.507075
2010    21      0.95292259      172.5885875
2010    22      0.86407264      164.5855125
2010    23      0.79964628      156.64125
2010    24      0.7031633       134.035135
2010    25      0.59572411      124.24501
2010    26      0.81735906      156.706
2010    27      1.60799305      213.601625
2010    28      2.64327125      263.1179875
2010    29      1.93940512      240.2165875
2010    30      0.8651139       160.604975
2010    31      1.167176        191.5272375
2011    1       0.57920579      120.41305875
2011    2       0.57765831      119.1020625
2011    3       0.37369575      88.27132625
2011    4       0.46022032      104.2821175
2011    5       0.73344606      145.2783
2011    6       0.72319381      142.5917125
2011    7       0.60826158      128.7337375
2011    8       0.50295544      112.4625825
2011    9       0.90945909      162.63885
2011    10      1.23500151      194.1609125
2011    11      1.33337898      194.6931375
2011    12      1.3201077       194.045825
2011    13      0.69953906      142.3340375
2011    14      0.98147318      174.41885
2011    15      0.85373721      160.830375
2011    16      0.75044115      147.565525
2011    17      1.00462641      170.17
2011    18      1.4644145       209.2262875
2011    19      1.539124        208.5982125
2011    20      1.26259388      194.0899
2011    21      1.57787425      212.827625
2011    22      1.3017345       201.582325
2011    23      0.86791406      161.365425
2011    24      0.83228403      154.1041625
2011    25      0.8961839       165.3887125
2011    26      0.77491391      151.4677375
2011    27      1.06173998      184.24975
2011    28      0.92849048      172.731
2011    29      1.12774506      191.23145
2011    30      0.9499926       169.5712
2011    31      0.5284213       114.14460125
2012    1       1.0085515       178.3317375
2012    2       0.73402906      146.4063
2012    3       0.69512902      139.8484125
2012    4       0.90584531      165.5101125
2012    5       0.75331838      147.93505
2012    6       1.02039379      177.3333
2012    7       0.83364326      155.0933625
2012    8       1.54911299      190.7460475
2012    9       2.24125025      245.62305
2012    10      2.11616375      242.482675
2012    11      1.60354162      220.36145
2012    12      1.6112945       218.6875625
2012    13      1.68374888      224.488325
2012    14      1.59088331      215.3733375
2012    15      1.05175461      180.6313875
2012    16      0.96975944      174.08865
2012    17      1.26534088      198.210675
2012    18      1.04248715      180.6904375
2012    19      0.75872445      147.4059875
2012    20      1.01880213      177.6840375
2012    21      1.40151375      209.3237625
2012    22      1.31385529      184.4528625
2012    23      0.62883144      131.897875
2012    24      0.98155208      176.28045
2012    25      1.19498289      196.6665
2012    26      1.14981305      190.93635
2012    27      0.63655815      123.54511125
2012    28      0.35950929      87.31542
2012    29      0.39563134      94.35162375
2012    30      0.40168812      95.82965
2012    31      0.7638974       148.664725
2013    1       0.77113838      150.5252875
2013    2       0.66950866      133.2352875
2013    3       0.46489253      104.569015
2013    4       0.67349182      133.87215
2013    5       1.49358612      211.7914
2013    6       1.73249138      224.2177
2013    7       1.44863025      209.3814625
2013    8       0.96729656      170.3579125
2013    9       1.32535225      198.6276875
2013    10      2.00717525      234.7629
2013    11      1.54148638      213.2546875
2013    12      1.50941788      213.2854625
2013    13      1.51655875      216.0580875
2013    14      1.56721262      217.20715
2013    15      1.91494538      236.5389
2013    16      0.95273942      170.301525
2013    17      1.05980568      178.0774625
2013    18      1.14510929      187.6741125
2013    19      1.23909913      196.820875
2013    20      1.19096174      190.221225
2013    21      1.09400298      183.50095
2013    22      0.95037134      168.9657625
2013    23      1.01618564      179.259375
2013    24      0.91801358      169.5910375
2013    25      0.83378095      158.5899875
2013    26      0.76226578      148.7027875
2013    27      0.85095509      153.0106125
2013    28      0.84616982      158.9833
2013    29      1.53495338      216.2592125
2013    30      1.4919715       215.771175
2013    31      1.4327915       215.5264
2014    1       1.28886475      193.7567125
2014    2       0.82383289      153.6532375
2014    3       1.01554748      176.9345625
2014    4       1.01281409      176.2083
2014    5       0.83788469      158.793375
2014    6       0.78163269      148.47725
2014    7       1.06620795      178.95385
2014    8       1.16908996      184.5064375
2014    9       1.15175275      188.216525
2014    10      1.29116425      201.9021375
2014    11      1.28190045      200.08915
2014    12      0.85861782      158.086025
2014    13      0.86640145      155.6712375
2014    14      0.76185754      145.9279
2014    15      0.75552954      146.2383125
2014    16      1.09333656      182.8342375
2014    17      1.52439438      215.6123625
2014    18      0.88323714      160.7405375
2014    19      0.54262736      119.53277875
2014    20      0.63201302      131.3508875
2014    21      1.12555312      188.35155
2014    22      1.8511135       231.4869
2014    23      2.38033838      249.5640125
2014    24      1.62530563      219.8179625
2014    25      1.73328862      222.6819875
2014    26      2.64084625      254.399475
2014    27      1.75839738      232.9222
2014    28      1.8783305       239.0314375
2014    29      3.12467938      269.38985
2014    30      3.28362838      268.8908875
2014    31      2.31529625      253.2057125
2015    1       1.56167675      218.001975
2015    2       2.309346        247.545925
2015    3       1.82609225      231.3499625
2015    4       2.39118387      249.580075
2015    5       2.57293388      251.048025
2015    6       2.3416555       248.1672125
2015    7       1.22461893      193.8824375
2015    8       1.1914264       188.7794375
2015    9       1.00917326      171.8563875
2015    10      1.16899736      186.597725
2015    11      1.13228971      183.8455125
2015    12      1.8937815       227.931325
2015    13      1.95536275      232.413675
2015    14      1.93365088      234.7558125
2015    15      1.77304713      225.3436625
2015    16      1.75560088      222.6182375
2015    17      1.14445512      185.516625
2015    18      1.31440775      201.2714875
2015    19      1.48718985      204.173
2015    20      0.7546134       147.8701625
2015    21      1.66326196      210.0029
2015    22      1.41173909      201.2142625
2015    23      1.08289912      182.1209375
2015    24      1.52012012      213.6683125
2015    25      2.24338112      243.506475
2015    26      2.06746938      239.311725
2015    27      1.62079388      219.0436125
2015    28      1.06576868      182.1217625
2015    29      1.3096875       201.74305
2015    30      2.04370225      242.371975
2015    31      2.6389515       261.176475
2016    1       1.99811862      232.9836
2016    2       1.78676275      223.732225
2016    3       1.80790538      227.7007375
2016    4       1.34721538      204.7769125
2016    5       1.62219812      222.34075
2016    6       1.50595389      208.8097375
2016    7       0.92582184      167.2076625
2016    8       1.22580719      191.2471375
2016    9       1.66325488      221.8868125
2016    10      1.431021        210.986375
2016    11      1.1289382       188.4851375
2016    12      1.2939743       200.7580625
2016    13      1.667571        224.44755
2016    14      2.86594675      263.19575
2016    15      2.59129412      252.021125
2016    16      1.10952214      185.3293
2016    17      1.70875175      217.4709375
2016    18      2.79178075      257.47145
2016    19      2.24797         244.4679875
2016    20      1.64414112      224.5893125
2016    21      0.91716779      168.4713625
2016    22      1.0039193       177.4803875
2016    23      1.08460901      183.5908
2016    24      0.88417874      164.276575
2016    25      0.82248092      157.1257
2016    26      0.96437696      169.962525
2016    27      1.25776512      196.0803
2016    28      1.38720625      207.2706875
2016    29      0.822903        155.3589
2016    30      1.24261827      192.4449625
2016    31      1.8644535       233.0795
2017    1       1.03408914      177.2172375
2017    2       1.12892337      188.0436375
2017    3       1.19940351      187.3308625
2017    4       0.85383834      161.044825
2017    5       1.22444663      198.0023
2017    6       1.9481505       236.794425
2017    7       1.455646        204.7681
2017    8       1.31065316      196.6780875
2017    9       1.45532661      206.8623375
2017    10      1.58522812      211.5018375
2017    11      1.90409325      231.655075
2017    12      1.61376225      222.8511125
2017    13      1.343179        205.01055
2017    14      1.05187634      180.6976375
2017    15      1.09496422      185.2086375
2017    16      1.34669888      202.680475
2017    17      1.4213565       203.6043375
2017    18      1.52157981      210.7573625
2017    19      0.98660809      170.2607375
2017    20      0.84039755      157.1907875
2017    21      0.96739572      172.28615
2017    22      1.4177205       209.0181
2017    23      1.14495118      189.1008875
2017    24      1.26660663      202.4078
2017    25      1.29404319      202.545325
2017    26      1.0050373       175.7151375
2017    27      0.76228744      150.1219125
2017    28      1.3882595       208.1515875
2017    29      2.13574588      244.365625
2017    30      2.8178935       262.24465
2017    31      3.0201295       263.8714125
2018    1       1.13105549      183.9532375
2018    2       1.60393088      215.8229375
2018    3       0.91185375      162.4938125
2018    4       1.15687187      187.728225
2018    5       1.00644625      176.4172375
2018    6       0.995971        176.443475
2018    7       1.82072038      230.1554125
2018    8       1.55115188      213.1207375
2018    9       0.9626491       173.6602375
2018    10      1.10969452      186.75075
2018    11      1.25104133      199.616025
2018    12      1.36658         208.732225
2018    13      1.29716288      203.031775
2018    14      1.59962225      221.2393
2018    15      1.21076035      194.5229625
2018    16      0.88712669      161.964475
2018    17      0.68880685      141.251175
2018    18      0.69727909      141.6533375
2018    19      0.71517456      143.30235
2018    20      1.04668424      175.9556375
2018    21      2.20552194      226.1469375
2018    22      1.505711        213.94005
2018    23      1.32524637      204.924425
2018    24      1.2128436       196.293675
2018    25      0.63087378      132.213675
2018    26      1.08791556      171.8928375
2018    27      0.9604179       156.2029875
2018    28      0.71077484      145.1952375
2018    29      1.06972221      184.59095
2018    30      1.73954125      230.1470875
2018    31      0.93360414      169.7102625
