####################################################################################################
# Month: 03Mar                                                                                     #
# Station: YAN                                                                                     #
# Columns are: year    day     windspeed (m/s)                                                     #
####################################################################################################
2009    1       5.40181512
2009    2       6.55039988
2009    3       4.856515
2009    4       3.13792775
2009    5       6.40137238
2009    6       7.40520725
2009    7       7.44453725
2009    8       7.21316712
2009    9       5.588816
2009    10      4.49754525
2009    11      2.98059375
2009    12      5.20020913
2009    13      4.98265588
2009    14      2.8200875
2009    15      5.33697575
2009    16      5.7248525
2009    17      7.69549338
2009    18      3.3804485
2009    19      1.72861712
2009    20      2.25414312
2009    21      4.23473475
2009    22      2.69515687
2009    23      1.80895988
2009    24      2.25388613
2009    25      2.305182
2009    26      2.79488387
2009    27      3.73663675
2009    28      3.38772237
2009    29      3.00573912
2009    30      2.19506237
2009    31      4.70292275
