####################################################################################################
# Month: 02Feb                                                                                     #
# Station: SMA                                                                                     #
# Frequency: 345 GHz                                                                               #
# Columns are: year    day     tau     Tb (K)                                                      #
####################################################################################################
2009    1       0.14168141      40.42357125
2009    2       0.13191881      37.14143125
2009    3       0.37546659      81.88919875
2009    4       0.95222246      163.0591
2009    5       0.96564478      163.8590125
2009    6       0.98634985      164.7778125
2009    7       0.8304879       148.9757625
2009    8       0.71862422      135.47995
2009    9       0.569035        115.917425
2009    10      0.55613069      115.187025
2009    11      0.66945162      129.25044375
2009    12      0.75115166      137.82805
2009    13      0.48239449      99.662135
2009    14      0.11025002      32.7062825
2009    15      0.06994123      23.41868
2009    16      0.20716074      54.39262875
2009    17      0.21395916      56.13925625
2009    18      0.22324135      57.9335125
2009    19      0.26403386      64.93854875
2009    20      0.46649596      99.35472375
2009    21      0.60582825      119.7548925
2009    22      0.18999251      49.4109975
2009    23      0.11308283      32.89407
2009    24      0.41815048      88.2049825
2009    25      0.89060365      156.8591375
2009    26      0.25302168      59.5704375
2009    27      0.14246285      39.69953
2009    28      0.26700251      65.2091375
2010    1       0.11727228      35.1024275
2010    2       0.31337462      75.98715875
2010    3       0.16220102      44.17809625
2010    4       0.13160955      37.82049125
2010    5       0.07046858      23.9423175
2010    6       0.09782192      30.51741625
2010    7       0.09739644      30.56572875
2010    8       0.12560649      37.2852525
2010    9       0.14327508      41.4571425
2010    10      0.12424115      37.05244
2010    11      0.13073216      38.2176375
2010    12      0.10895404      33.134855
2010    13      0.10265439      31.599135
2010    14      0.10000391      30.97788125
2010    15      0.11859497      35.1849725
2010    16      0.10119637      30.98221
2010    17      0.08475343      26.963365
2010    18      0.10311033      31.4950175
2010    19      0.156329        43.33943625
2010    20      0.08088696      26.1378675
2010    21      0.19469679      52.03543125
2010    22      0.18919848      50.27028375
2010    23      0.17752652      47.6511525
2010    24      0.16317261      44.74490625
2010    25      0.14598939      41.34683875
2010    26      0.17102191      46.87719
2010    27      0.23173495      60.11194875
2010    28      0.19939042      53.2091525
2011    1       0.21994764      56.0826775
2011    2       0.37487166      86.09212
2011    3       0.31071812      74.6706725
2011    4       0.33580704      79.828505
2011    5       0.30530804      74.126225
2011    6       0.63208492      124.1765275
2011    7       0.99269708      166.6074125
2011    8       0.78738981      146.884375
2011    9       0.63245039      127.985975
2011    10      0.68090702      132.8774375
2011    11      0.55665083      115.76895
2011    12      0.79546575      146.41155
2011    13      0.88031818      155.6381375
2011    14      0.30647031      72.6561525
2011    15      0.52758778      111.13435
2011    16      0.44212078      97.75716625
2011    17      0.32830378      77.49634125
2011    18      0.55744281      114.37737375
2011    19      0.70384676      136.6116375
2011    20      0.63685759      125.879525
2011    21      0.33044391      77.3724775
2011    22      0.68516854      131.43409625
2011    23      0.77706029      141.8998
2011    24      1.0528602       169.6823
2011    25      0.57777499      116.74536125
2011    26      0.95656035      164.665325
2011    27      0.43955868      98.15362625
2011    28      0.54118136      113.83383875
2012    1       0.11805548      35.2725875
2012    2       0.10101678      31.324705
2012    3       0.17256845      47.36125
2012    4       0.08697727      27.8744025
2012    5       0.06450658      22.42934625
2012    6       0.11661078      35.05575
2012    7       0.09372995      29.5682425
2012    8       0.09769511      30.12025125
2012    9       0.06567544      22.42092375
2012    10      0.09363996      28.72062625
2012    11      0.31225256      72.87423125
2012    12      0.31146877      73.42227
2012    13      0.2482951       62.63964125
2012    14      0.16777375      45.8816875
2012    15      0.13771464      38.6215725
2012    16      0.15861454      42.8390225
2012    17      0.17088284      45.5951675
2012    18      0.16086346      43.84220625
2012    19      0.28274829      66.99891125
2012    20      0.24387351      60.55497875
2012    21      0.40021438      89.0836275
2012    22      0.54022213      111.481975
2012    23      0.52326044      109.5255975
2012    24      0.4048115       91.3198975
2012    25      0.46493219      100.71996
2012    26      0.43377902      94.79961625
2012    27      0.46837994      100.66444375
2012    28      0.33292849      78.810525
2012    29      0.32361714      76.29621875
2013    1       0.13129736      38.19665875
2013    2       0.16151215      45.12900125
2013    3       0.15671034      44.2084825
2013    4       0.09691194      30.33996125
2013    5       0.10029356      31.0602575
2013    6       0.1123959       33.67335875
2013    7       0.11800929      34.82226
2013    8       0.14502548      40.912275
2013    9       0.18281755      48.94828
2013    10      0.1221095       35.68262375
2013    11      0.10594133      31.58874875
2013    12      0.15794008      43.29128375
2013    13      0.21843576      56.3037625
2013    14      0.15144192      42.42378875
2013    15      0.13913356      39.26170625
2013    16      0.14851276      41.29914875
2013    17      0.13710359      39.024155
2013    18      0.0788505       25.57251125
2013    19      0.07273481      24.26167875
2013    20      0.1397306       39.759755
2013    21      0.21951681      56.31581125
2013    22      1.06352185      169.4181125
2013    23      0.48685652      99.69691625
2013    24      0.45053805      97.42303
2013    25      0.1037426       31.2992875
2013    26      0.08598128      27.54860625
2013    27      0.08876717      27.9969275
2013    28      0.11384346      34.1120575
2014    1       0.36073239      84.715855
2014    2       0.30061506      72.9897075
2014    3       0.55686846      114.98505375
2014    4       1.33474488      194.9580625
2014    5       0.8119843       150.506375
2014    6       1.10882494      178.5283
2014    7       0.89190414      155.760975
2014    8       0.6035433       123.1637
2014    9       0.42320205      93.968895
2014    10      0.3697899       85.53686
2014    11      0.27507768      69.04243375
2014    12      0.2806163       69.36930125
2014    13      0.27102592      66.6576725
2014    14      0.48338193      99.86075875
2014    15      1.21375183      187.3721
2014    16      1.235362        188.88555
2014    17      1.25167037      188.845375
2014    18      1.337411        195.4866875
2014    19      0.5781375       116.16178875
2014    20      0.25125121      62.81109625
2014    21      0.2635234       63.91467125
2014    22      0.44876566      98.78655375
2014    23      0.22353609      57.69176125
2014    24      0.07632901      25.29011625
2014    25      0.1118505       33.42348
2014    26      0.13010894      38.226025
2014    27      0.37369522      86.2396575
2014    28      0.30507069      73.35851875
2015    1       0.22325771      56.85821375
2015    2       0.4423903       97.87885125
2015    3       0.65870064      127.04818
2015    4       0.09330607      29.5758925
2015    5       0.08481154      27.17676875
2015    6       0.07910212      25.73232375
2015    7       0.07764743      25.50402375
2015    8       0.14944604      41.77391375
2015    9       0.2352931       60.171415
2015    10      0.22809885      59.04973
2015    11      0.13063012      37.6999175
2015    12      0.34934148      79.1149425
2015    13      0.68753885      131.980525
2015    14      0.30125719      72.61447
2015    15      0.40296115      92.05223125
2015    16      0.29493201      72.1223
2015    17      0.48347878      105.3375775
2015    18      0.27623281      68.311065
2015    19      0.47710378      103.00340625
2015    20      0.42560181      94.85141375
2015    21      0.30092637      73.136665
2015    22      0.60870656      121.7674875
2015    23      0.94229428      163.60815
2015    24      0.76446868      143.3471125
2015    25      0.39699116      91.59484
2015    26      0.45975161      100.735735
2015    27      0.5376552       112.3769875
2015    28      1.11914106      178.0793125
2016    1       0.08234997      26.60974875
2016    2       0.16916359      46.853235
2016    3       0.13440253      38.9303925
2016    4       0.07770477      25.61008875
2016    5       0.06774674      23.275785
2016    6       0.06622718      22.87087625
2016    7       0.13497237      38.6981725
2016    8       0.18312598      48.2018
2016    9       0.10557314      31.9459525
2016    10      0.08961165      28.50768
2016    11      0.11246496      33.93598875
2016    12      0.08811649      28.2066575
2016    13      0.05889235      21.0813025
2016    14      0.06204317      21.80869625
2016    15      0.0599348       21.17458625
2016    16      0.07544282      25.1481125
2016    17      0.16239442      45.47466
2016    18      0.30239919      73.3248875
2016    19      0.14458906      40.282825
2016    20      0.08720115      27.86270125
2016    21      0.12318489      35.64685375
2016    22      0.11982883      35.7763575
2016    23      0.12511978      37.24858125
2016    24      0.10862705      33.2280675
2016    25      0.10234396      31.59897625
2016    26      0.10669456      32.90167125
2016    27      0.09467156      30.1188175
2016    28      0.08720423      28.2101675
2016    29      0.08047446      26.5369175
2017    1       0.31198678      74.09068375
2017    2       0.23773414      60.17535375
2017    3       0.44523249      97.7590175
2017    4       0.21546279      55.19817875
2017    5       0.35173822      83.07629125
2017    6       0.34905836      82.4417575
2017    7       0.50380748      106.12152
2017    8       0.62909672      127.5572375
2017    9       0.2324474       59.42327
2017    10      0.29448699      71.38256
2017    11      0.56167194      114.5185725
2017    12      0.53219974      107.86022125
2017    13      0.43467485      97.44960625
2017    14      0.56707419      117.965335
2017    15      0.1721374       47.505525
2017    16      0.1915052       52.02619875
2017    17      0.15182112      43.14026875
2017    18      0.16325917      45.5506725
2017    19      0.32647352      78.028805
2017    20      0.44757159      97.31221625
2017    21      0.10677896      32.26971625
2017    22      0.30456824      72.0846
2017    23      0.1166366       33.7851225
2017    24      0.11406995      32.90012
2017    25      0.39171348      85.8269175
2017    26      0.61044713      119.7304125
2017    27      0.77365742      141.071075
2017    28      0.92427997      158.036825
2018    1       0.28170749      69.1866175
2018    2       0.49286595      107.80591
2018    3       0.32350667      78.70931125
2018    4       0.2268863       59.20633625
2018    5       0.57309571      117.47126375
2018    6       0.44917545      97.5294125
2018    7       0.31998907      74.4311075
2018    8       0.29593014      69.84423
2018    9       0.27239481      66.098895
2018    10      0.26011848      65.236265
2018    11      0.22010968      57.87852
2018    12      0.13620782      39.4937675
2018    13      0.27098451      66.43527125
2018    14      0.78781681      143.1488875
2018    15      0.44073129      96.93350375
2018    16      0.46099956      101.50643625
2018    17      0.39163629      87.91555125
2018    18      0.81492694      146.28305
2018    19      0.86447527      148.8058125
2018    20      0.46870017      99.38616125
2018    21      0.38707025      85.79751
2018    22      1.02572548      165.8947375
2018    23      1.34376312      195.5271625
2018    24      1.16804337      181.7107875
2018    25      1.21914375      186.9092
2018    26      0.99171994      165.6420625
2018    27      0.73934745      139.4846875
2018    28      0.76305172      141.72135
