####################################################################################################
# Month: 06Jun                                                                                     #
# Station: DomeF                                                                                   #
# Frequency: 230 GHz                                                                               #
# Columns are: year    day     tau     Tb (K)                                                      #
####################################################################################################
2009    1       0.0274855       10.6622375
2009    2       0.02883463      10.98117375
2009    3       0.02797264      10.7125525
2009    4       0.02556212      10.154054
2009    5       0.02888077      10.99720462
2009    6       0.03093757      11.48757912
2009    7       0.02361775      9.68087063
2009    8       0.02348366      9.6566475
2009    9       0.02460043      9.91557988
2009    10      0.03155882      11.58782875
2009    11      0.03460711      12.33096375
2009    12      0.03036662      11.27593375
2009    13      0.02563963      10.1804725
2009    14      0.02762953      10.63894375
2009    15      0.02632053      10.3430075
2009    16      0.036924        12.9105625
2009    17      0.03008613      11.21582875
2009    18      0.04451162      14.7462675
2009    19      0.04123555      13.93900125
2009    20      0.03485685      12.3777275
2009    21      0.02848425      10.85656375
2009    22      0.02697929      10.4294665
2009    23      0.02605904      10.16527875
2009    24      0.02807422      10.66586375
2009    25      0.03705567      12.89528
2009    26      0.05204388      16.5341575
2009    27      0.04908764      15.8113125
2009    28      0.04678745      15.24943125
2009    29      0.03916268      13.52239125
2009    30      0.03401147      12.18830875
2010    1       0.02599505      10.20694112
2010    2       0.02454         9.8327035
2010    3       0.02276415      9.37378512
2010    4       0.02280128      9.36220013
2010    5       0.02446162      9.75107712
2010    6       0.02623174      10.21391675
2010    7       0.02436917      9.75462962
2010    8       0.02438887      9.779675
2010    9       0.02476802      9.89526787
2010    10      0.02453954      9.85164938
2010    11      0.02622052      10.25476375
2010    12      0.02709447      10.44620625
2010    13      0.02895118      10.8918925
2010    14      0.02502702      9.94150275
2010    15      0.02339276      9.56985325
2010    16      0.02711764      10.462868
2010    17      0.02550707      10.03559425
2010    18      0.02403089      9.63985012
2010    19      0.02403984      9.63575638
2010    20      0.02261286      9.28128262
2010    21      0.0222214       9.2153515
2010    22      0.02364746      9.58424988
2010    23      0.0258828       10.1618535
2010    24      0.02636746      10.2774175
2010    25      0.02694923      10.39776125
2010    26      0.02511317      9.94930288
2010    27      0.02449194      9.80292875
2010    28      0.02522611      9.9701605
2010    29      0.02481001      9.87586262
2010    30      0.02482102      9.83730825
2011    1       0.02955642      11.0512475
2011    2       0.03283115      11.883895
2011    3       0.03366161      12.09466125
2011    4       0.03579224      12.6182775
2011    5       0.02937915      11.05899625
2011    6       0.02929534      11.01006625
2011    7       0.03044574      11.28063375
2011    8       0.02825558      10.74632875
2011    9       0.02724889      10.4873925
2011    10      0.02770432      10.57914
2011    11      0.02602905      10.20910625
2011    12      0.02690575      10.4218625
2011    13      0.02741584      10.5267925
2011    14      0.02595497      10.1659625
2011    15      0.02795794      10.7042325
2011    16      0.03400955      12.1907
2011    17      0.03733719      12.988565
2011    18      0.03226595      11.74587
2011    19      0.02816119      10.7408225
2011    20      0.03097915      11.46939125
2011    21      0.03412439      12.2205575
2011    22      0.02795516      10.68950625
2011    23      0.0270894       10.4413525
2011    24      0.03810884      13.1600775
2011    25      0.03204972      11.72053125
2011    26      0.03886121      13.35153875
2011    27      0.03164387      11.58923875
2011    28      0.02863497      10.84307875
2011    29      0.02690089      10.4123325
2011    30      0.02504117      9.9847995
2012    1       0.02679345      10.3703425
2012    2       0.02568172      10.085285
2012    3       0.02405856      9.675488
2012    4       0.02213713      9.23508738
2012    5       0.02234675      9.30054188
2012    6       0.02532872      10.011202
2012    7       0.02398636      9.64067125
2012    8       0.02333346      9.48550662
2012    9       0.0222203       9.2089835
2012    10      0.02301612      9.38973275
2012    11      0.02369821      9.5609955
2012    12      0.02633984      10.23655875
2012    13      0.02582459      10.12092662
2012    14      0.02877186      10.86509625
2012    15      0.0304786       11.30568625
2012    16      0.02730414      10.55702087
2012    17      0.02928449      10.97936475
2012    18      0.03014138      11.18815625
2012    19      0.02865323      10.8190075
2012    20      0.02666002      10.33854875
2012    21      0.02487386      9.89393625
2012    22      0.02448118      9.77407313
2012    23      0.02512855      9.91699525
2012    24      0.02363175      9.53053875
2012    25      0.02519265      9.93454088
2012    26      0.0242459       9.70441913
2012    27      0.02943211      10.99637125
2012    28      0.02655812      10.28329175
2012    29      0.02861464      10.79955388
2012    30      0.03445925      12.2606425
2013    1       0.02860516      10.88023888
2013    2       0.04760686      15.59498625
2013    3       0.0450502       14.98076625
2013    4       0.03539895      12.55633125
2013    5       0.027314        10.55810112
2013    6       0.02284746      9.39746313
2013    7       0.02321732      9.48042475
2013    8       0.02344903      9.51462175
2013    9       0.02234942      9.227183
2013    10      0.02412565      9.72401313
2013    11      0.02911628      10.934515
2013    12      0.02942258      11.0645625
2013    13      0.02890145      10.97329875
2013    14      0.03600244      12.67162
2013    15      0.03102125      11.439645
2013    16      0.02649803      10.31119425
2013    17      0.02672189      10.34255038
2013    18      0.02797039      10.6588225
2013    19      0.02781758      10.61625875
2013    20      0.02668582      10.350253
2013    21      0.02983761      11.2250975
2013    22      0.02908945      11.046205
2013    23      0.0379457       13.13237875
2013    24      0.03492376      12.39916125
2013    25      0.03327563      12.0051125
2013    26      0.03416565      12.26253625
2013    27      0.02828419      10.76991825
2013    28      0.0291802       10.9517825
2013    29      0.02715248      10.48496875
2013    30      0.03074252      11.37554
2014    1       0.03015508      11.25937125
2014    2       0.02588656      10.1944785
2014    3       0.02678763      10.39790312
2014    4       0.02611577      10.25892513
2014    5       0.02479968      9.91536475
2014    6       0.02492587      9.96534812
2014    7       0.0240342       9.76380388
2014    8       0.02370783      9.68128725
2014    9       0.02539682      10.07517412
2014    10      0.02565021      10.12746437
2014    11      0.02563237      10.1016265
2014    12      0.0273044       10.513485
2014    13      0.03401506      12.16540875
2014    14      0.04421978      14.65334125
2014    15      0.03732061      12.9764625
2014    16      0.02763391      10.56006462
2014    17      0.02595734      10.14161062
2014    18      0.0251674       9.951103
2014    19      0.02500231      9.92548312
2014    20      0.02431888      9.7539535
2014    21      0.02510365      9.92943475
2014    22      0.02495369      9.88834514
2014    23      0.02935089      10.96092875
2014    24      0.02916709      10.9323725
2014    25      0.02750928      10.52468125
2014    26      0.02623023      10.21637625
2014    27      0.02438224      9.8215245
2014    28      0.02347469      9.591609
2014    29      0.02985721      11.1734575
2014    30      0.02860846      10.81244375
2015    1       0.02646114      10.31122125
2015    2       0.02615135      10.21398125
2015    3       0.02619082      10.23427875
2015    4       0.02561149      10.11646962
2015    5       0.02438883      9.86893138
2015    6       0.02332336      9.62404975
2015    7       0.02987726      11.26599162
2015    8       0.03194724      11.73725375
2015    9       0.02757699      10.62568
2015    10      0.02567938      10.14653725
2015    11      0.0263467       10.29580875
2015    12      0.02540232      10.03525225
2015    13      0.02348315      9.516322
2015    14      0.02464031      9.78903475
2015    15      0.025076        9.90828387
2015    16      0.02550613      10.00967075
2015    17      0.0250287       9.87174188
2015    18      0.02348469      9.4914865
2015    19      0.02278961      9.32986162
2015    20      0.02327323      9.44577937
2015    21      0.02849092      10.76317538
2015    22      0.03023773      11.18992125
2015    23      0.02981085      11.0782575
2015    24      0.0251752       9.9603555
2015    25      0.02617234      10.24543075
2015    26      0.0282201       10.73045375
2015    27      0.03037609      11.25528
2015    28      0.02911205      10.9438675
2015    29      0.02700836      10.42066375
2015    30      0.02496275      9.90055213
2016    1       0.02538884      10.05586463
2016    2       0.02458509      9.84568713
2016    3       0.02569351      10.13171163
2016    4       0.02606627      10.2143425
2016    5       0.02963858      11.0941025
2016    6       0.02742498      10.54359
2016    7       0.02610339      10.216615
2016    8       0.02506517      9.94445812
2016    9       0.02415946      9.699459
2016    10      0.0235635       9.56139175
2016    11      0.02448677      9.79735662
2016    12      0.02472703      9.86622613
2016    13      0.0222851       9.27096388
2016    14      0.02460528      9.896161
2016    15      0.02668126      10.41526125
2016    16      0.02304377      9.481143
2016    17      0.02285984      9.41137725
2016    18      0.02300593      9.44975912
2016    19      0.02376315      9.63598375
2016    20      0.02602369      10.193135
2016    21      0.02435687      9.73585938
2016    22      0.02488183      9.85334788
2016    23      0.02491632      9.89389775
2016    24      0.0242455       9.74329038
2016    25      0.02230942      9.25715838
2016    26      0.02191985      9.1386415
2016    27      0.02297495      9.38196037
2016    28      0.02227874      9.21138575
2016    29      0.02309575      9.41181363
2016    30      0.02363592      9.544917
2017    1       0.02872305      10.849045
2017    2       0.02889251      10.890955
2017    3       0.028355        10.76278
2017    4       0.02738905      10.51872375
2017    5       0.02668903      10.3382075
2017    6       0.0252904       9.980297
2017    7       0.02472679      9.82667425
2017    8       0.02444257      9.757118
2017    9       0.02355749      9.53693
2017    10      0.02406262      9.66637438
2017    11      0.02346778      9.53689925
2017    12      0.02479203      9.830392
2017    13      0.0245908       9.75197063
2017    14      0.0246344       9.7759445
2017    15      0.0241343       9.67331738
2017    16      0.02178148      9.10628537
2017    17      0.02185795      9.15617725
2017    18      0.02355688      9.5794845
2017    19      0.02572692      10.11326675
2017    20      0.02604348      10.17736762
2017    21      0.02369855      9.59534625
2017    22      0.02198332      9.17753538
2017    23      0.02178449      9.12558262
2017    24      0.02371942      9.588768
2017    25      0.02395145      9.629946
2017    26      0.02489131      9.84823912
2017    27      0.02374815      9.5554685
2017    28      0.02387742      9.59624462
2017    29      0.02439781      9.71618012
2017    30      0.02521953      9.9243835
2018    1       0.02518437      9.99776812
2018    2       0.03872202      13.34347825
2018    3       0.03451872      12.33387625
2018    4       0.03171826      11.63194125
2018    5       0.02945774      11.05476875
2018    6       0.02926284      11.00312875
2018    7       0.03125855      11.49682875
2018    8       0.03169925      11.59686625
2018    9       0.0272125       10.46508
2018    10      0.02738386      10.52799
2018    11      0.02537004      10.0340405
2018    12      0.02481012      9.91437438
2018    13      0.02692866      10.44685912
2018    14      0.02389888      9.70696413
2018    15      0.02730224      10.51517262
2018    16      0.02976491      11.1264725
2018    17      0.03277887      11.84914125
2018    18      0.02888787      10.9275925
2018    19      0.02794062      10.722485
2018    20      0.02804751      10.72655125
2018    21      0.03005363      11.1745125
2018    22      0.03142866      11.51182125
2018    23      0.03161424      11.5658225
2018    24      0.02887105      10.9096375
2018    25      0.0314152       11.5677275
2018    26      0.03698638      12.92085
2018    27      0.03146655      11.5206725
2018    28      0.02965651      11.06758875
2018    29      0.02920425      10.96327375
2018    30      0.02966713      11.0731725
