####################################################################################################
# Month: 01Jan                                                                                     #
# Station: BRZ                                                                                     #
# Columns are: year    day     segment         RH (percent)                                        #
####################################################################################################
9       1       0       0.909112
9       1       1       0.779316
9       1       2       0.661223
9       1       3       0.651379
9       1       4       0.73145
9       1       5       0.818067
9       1       6       0.920324
9       1       7       1.02773
9       2       0       0.889089
9       2       1       0.629026
9       2       2       0.609212
9       2       3       0.635997
9       2       4       0.749805
9       2       5       0.778736
9       2       6       0.770678
9       2       7       0.579582
9       3       0       0.685144
9       3       1       0.72674
9       3       2       0.851094
9       3       3       0.8129
9       3       4       0.784298
9       3       5       0.781397
9       3       6       0.781551
9       3       7       0.776868
9       4       0       0.719567
9       4       1       0.791219
9       4       2       0.843329
9       4       3       0.998896
9       4       4       0.940437
9       4       5       0.842938
9       4       6       0.726108
9       4       7       0.819257
9       5       0       0.864436
9       5       1       0.942413
9       5       2       0.945844
9       5       3       0.897793
9       5       4       0.890277
9       5       5       0.866899
9       5       6       0.970986
9       5       7       0.985816
9       6       0       0.93219
9       6       1       0.934644
9       6       2       0.903901
9       6       3       0.899314
9       6       4       0.958022
9       6       5       0.978798
9       6       6       0.999104
9       6       7       1.010328
9       7       0       1.037955
9       7       1       0.970407
9       7       2       1.002654
9       7       3       0.949663
9       7       4       0.943406
9       7       5       0.950007
9       7       6       0.928849
9       7       7       0.97427
9       8       0       0.911546
9       8       1       0.82335
9       8       2       0.781374
9       8       3       0.83752
9       8       4       0.830695
9       8       5       0.75751
9       8       6       1.044177
9       8       7       0.787148
9       9       0       0.79736
9       9       1       0.928664
9       9       2       0.967645
9       9       3       0.977878
9       9       4       0.959404
9       9       5       0.871092
9       9       6       0.875889
9       9       7       0.945698
9       10      0       0.857398
9       10      1       0.688606
9       10      2       0.525803
9       10      3       0.352788
9       10      4       0.228244
9       10      5       0.17776
9       10      6       0.291949
9       10      7       0.150803
9       11      0       0.111366
9       11      1       0.115458
9       11      2       0.103088
9       11      3       0.095034
9       11      4       0.100448
9       11      5       0.204531
9       11      6       0.51547
9       11      7       0.664361
9       12      0       0.699081
9       12      1       0.70991
9       12      2       0.76886
9       12      3       0.840156
9       12      4       0.725181
9       12      5       0.721843
9       12      6       0.826597
9       12      7       0.75658
9       13      0       0.567757
9       13      1       0.507708
9       13      2       0.554413
9       13      3       0.599859
9       13      4       0.716923
9       13      5       0.792982
9       13      6       0.741562
9       13      7       0.710257
9       14      0       0.804936
9       14      1       0.902564
9       14      2       0.908634
9       14      3       0.836984
9       14      4       0.727468
9       14      5       0.728794
9       14      6       0.688011
9       14      7       0.727506
9       15      0       0.751812
9       15      1       0.642462
9       15      2       0.572606
9       15      3       0.465382
9       15      4       0.358199
9       15      5       0.287111
9       15      6       0.370439
9       15      7       0.453049
9       16      0       0.430225
9       16      1       0.587715
9       16      2       0.751648
9       16      3       0.753122
9       16      4       0.607932
9       16      5       0.569994
9       16      6       0.635472
9       16      7       0.681562
9       17      0       0.646141
9       17      1       0.691862
9       17      2       0.970263
9       17      3       0.940107
9       17      4       0.841827
9       17      5       0.650936
9       17      6       0.715715
9       17      7       0.856408
9       18      0       0.852378
9       18      1       0.965232
9       18      2       0.917249
9       18      3       0.834033
9       18      4       0.79535
9       18      5       0.789446
9       18      6       0.873211
9       18      7       0.933441
9       19      0       0.905277
9       19      1       0.869762
9       19      2       0.911835
9       19      3       0.956339
9       19      4       0.961305
9       19      5       0.892245
9       19      6       0.851548
9       19      7       0.848777
9       20      0       0.866196
9       20      1       0.834039
9       20      2       0.924712
9       20      3       0.937496
9       20      4       0.923315
9       20      5       0.912809
9       20      6       0.931677
9       20      7       0.926916
9       21      0       0.854964
9       21      1       0.762088
9       21      2       0.851227
9       21      3       0.820594
9       21      4       0.877901
9       21      5       0.893313
9       21      6       0.849186
9       21      7       0.932402
9       22      0       0.933743
9       22      1       0.960734
9       22      2       0.976654
9       22      3       0.949144
9       22      4       0.915902
9       22      5       0.874892
9       22      6       0.87756
9       22      7       0.832654
9       23      0       0.812483
9       23      1       0.926652
9       23      2       0.948275
9       23      3       0.96515
9       23      4       0.952788
9       23      5       0.916632
9       23      6       0.923278
9       23      7       0.937125
9       24      0       0.932327
9       24      1       0.8951
9       24      2       0.89892
9       24      3       0.903008
9       24      4       0.875948
9       24      5       0.880529
9       24      6       0.880424
9       24      7       0.893289
9       25      0       0.906569
9       25      1       0.876016
9       25      2       0.870187
9       25      3       0.907113
9       25      4       0.890494
9       25      5       0.891627
9       25      6       0.947365
9       25      7       0.926544
9       26      0       0.905707
9       26      1       0.941859
9       26      2       0.922095
9       26      3       0.915172
9       26      4       0.908906
9       26      5       0.888461
9       26      6       0.947396
9       26      7       0.870473
9       27      0       0.847736
9       27      1       0.841947
9       27      2       0.91069
9       27      3       0.930828
9       27      4       0.886465
9       27      5       0.82117
9       27      6       0.87193
9       27      7       0.926011
9       28      0       0.952966
9       28      1       0.970888
9       28      2       0.967469
9       28      3       0.92344
9       28      4       0.944448
9       28      5       0.791502
9       28      6       0.764948
9       28      7       0.919704
9       29      0       0.615154
9       29      1       0.280085
9       29      2       0.210445
9       29      3       0.245263
9       29      4       0.239075
9       29      5       0.231607
9       29      6       0.239621
9       29      7       0.289748
9       30      0       0.381954
9       30      1       0.526243
9       30      2       0.636224
9       30      3       0.717329
9       30      4       0.757433
9       30      5       0.584861
9       30      6       0.50439
9       30      7       0.503223
9       31      0       0.508277
9       31      1       0.54581
9       31      2       0.782895
9       31      3       0.744696
9       31      4       0.657057
9       31      5       0.703151
9       31      6       0.7511
9       31      7       0.782193
