####################################################################################################
# Month: 05May                                                                                     #
# Station: DomeA                                                                                   #
# Columns are: year    day     RH (percent)                                                        #
####################################################################################################
9       1       0.82153275
9       2       0.91838725
9       3       0.7009515
9       4       0.91712975
9       5       0.86713475
9       6       0.86515562
9       7       0.83909738
9       8       0.7801365
9       9       0.88716025
9       10      0.7937295
9       11      0.85164512
9       12      0.9499025
9       13      0.89810088
9       14      0.85731625
9       15      0.94903712
9       16      0.88699762
9       17      0.85537738
9       18      0.77268575
9       19      0.8681855
9       20      0.87374825
9       21      0.64508925
9       22      0.78174562
9       23      0.9045725
9       24      0.90311588
9       25      0.90021812
9       26      0.80996775
9       27      0.82517575
9       28      0.71224288
9       29      0.85928162
9       30      0.81020975
9       31      0.95861837
