####################################################################################################
# Month: 05May                                                                                     #
# Station: DomeA                                                                                   #
# Frequency: 230 GHz                                                                               #
# Columns are: year    day     tau     Tb (K)                                                      #
####################################################################################################
2009    1       0.02700473      10.54583125
2009    2       0.02536308      10.1214485
2009    3       0.02452254      9.914911
2009    4       0.02680241      10.4769225
2009    5       0.02780414      10.72514875
2009    6       0.03017782      11.32218375
2009    7       0.02524287      10.085504
2009    8       0.02436869      9.90210588
2009    9       0.02637103      10.39593975
2009    10      0.0249243       10.02779438
2009    11      0.02293185      9.51398625
2009    12      0.02400616      9.81391412
2009    13      0.02792054      10.796955
2009    14      0.02807382      10.81228375
2009    15      0.02755005      10.66104375
2009    16      0.02594413      10.2521575
2009    17      0.02456544      9.8985905
2009    18      0.02354159      9.677343
2009    19      0.03688782      12.99968
2009    20      0.02771691      10.74313812
2009    21      0.02575819      10.27098675
2009    22      0.0309132       11.51579625
2009    23      0.02418648      9.81747425
2009    24      0.0274981       10.61265875
2009    25      0.02670597      10.42524875
2009    26      0.03368668      12.19840375
2009    27      0.02852779      10.9072575
2009    28      0.02771045      10.73803125
2009    29      0.03313831      12.03567375
2009    30      0.02750182      10.61610125
2009    31      0.02438084      9.82306013
2010    1       0.02380781      9.69423937
2010    2       0.02459324      9.92906812
2010    3       0.0256684       10.200215
2010    4       0.02671506      10.45440625
2010    5       0.02581264      10.20571962
2010    6       0.02588034      10.20840362
2010    7       0.02531684      10.07023875
2010    8       0.02677549      10.44214325
2010    9       0.02815495      10.79125125
2010    10      0.02484633      9.954768
2010    11      0.02434039      9.822381
2010    12      0.02342606      9.58741712
2010    13      0.02341459      9.601356
2010    14      0.0235015       9.629632
2010    15      0.0229831       9.48592725
2010    16      0.02332605      9.58196938
2010    17      0.02231252      9.32915688
2010    18      0.02147732      9.10304938
2010    19      0.0210091       8.99341988
2010    20      0.02096309      9.00620025
2010    21      0.02394168      9.7322945
2010    22      0.02432191      9.82135562
2010    23      0.02453439      9.85482263
2010    24      0.02475716      9.9117195
2010    25      0.02358982      9.59546375
2010    26      0.02287626      9.40218688
2010    27      0.0213915       9.03676475
2010    28      0.02440782      9.79778213
2010    29      0.02726948      10.517095
2010    30      0.02507339      9.97647025
2010    31      0.02208008      9.22259488
2011    1       0.02348879      9.7026625
2011    2       0.02426132      9.89860237
2011    3       0.0267782       10.53201375
2011    4       0.02713142      10.61662375
2011    5       0.02696321      10.5507825
2011    6       0.02995733      11.26955375
2011    7       0.02448416      9.917421
2011    8       0.02505255      10.05376575
2011    9       0.02553378      10.21081988
2011    10      0.02814967      10.85520875
2011    11      0.02668567      10.4659845
2011    12      0.02414527      9.8448175
2011    13      0.02489436      10.01315762
2011    14      0.02357438      9.67714375
2011    15      0.02390508      9.74256312
2011    16      0.02324181      9.56710975
2011    17      0.02134455      9.06256688
2011    18      0.02118648      9.001725
2011    19      0.02148847      9.0874395
2011    20      0.02142573      9.0625045
2011    21      0.02068108      8.87416075
2011    22      0.0214208       9.0723715
2011    23      0.02118817      9.00989838
2011    24      0.02096523      8.95386875
2011    25      0.02150146      9.09156425
2011    26      0.02223683      9.29242238
2011    27      0.02332028      9.55863162
2011    28      0.0229195       9.44747012
2011    29      0.02353796      9.587294
2011    30      0.02304684      9.45687638
2011    31      0.02244033      9.304294
2012    1       0.02427594      9.876619
2012    2       0.02264454      9.44608975
2012    3       0.02112975      9.048786
2012    4       0.02206452      9.280321
2012    5       0.02422746      9.84089925
2012    6       0.0220141       9.297953
2012    7       0.02452195      9.92452888
2012    8       0.02883853      10.993295
2012    9       0.02342676      9.6563325
2012    10      0.02853499      10.90199625
2012    11      0.03094296      11.51167875
2012    12      0.02616635      10.33810787
2012    13      0.02664432      10.41847975
2012    14      0.03370924      12.16364125
2012    15      0.03244951      11.8513775
2012    16      0.02858535      10.89516125
2012    17      0.0258535       10.2220125
2012    18      0.02597657      10.2347475
2012    19      0.02417349      9.78179438
2012    20      0.02371606      9.65273612
2012    21      0.0233564       9.55529625
2012    22      0.02175201      9.14943962
2012    23      0.02007725      8.72699563
2012    24      0.01967349      8.60167012
2012    25      0.02003795      8.68806925
2012    26      0.02083272      8.88741738
2012    27      0.02080974      8.89029712
2012    28      0.02175904      9.1415265
2012    29      0.0221074       9.23222262
2012    30      0.02252949      9.344619
2012    31      0.02173121      9.121017
2013    1       0.02493861      9.98587038
2013    2       0.02249425      9.36298275
2013    3       0.02391263      9.69286037
2013    4       0.02360387      9.62704213
2013    5       0.02318662      9.54206712
2013    6       0.02098778      9.013541
2013    7       0.02172271      9.17760688
2013    8       0.02209159      9.24934725
2013    9       0.02159848      9.1586215
2013    10      0.02066719      8.91972387
2013    11      0.02089179      8.97486612
2013    12      0.0207348       8.91930925
2013    13      0.02097516      8.97233075
2013    14      0.02312344      9.515811
2013    15      0.02256137      9.38571
2013    16      0.02679204      10.44920675
2013    17      0.02705611      10.50607375
2013    18      0.0237057       9.64542688
2013    19      0.0235096       9.58327525
2013    20      0.02279667      9.405282
2013    21      0.02134674      9.04637
2013    22      0.02259355      9.36548725
2013    23      0.02591069      10.18639625
2013    24      0.02678848      10.40392625
2013    25      0.02438651      9.79115175
2013    26      0.02308461      9.45021912
2013    27      0.02179147      9.12869137
2013    28      0.02237433      9.2667605
2013    29      0.02267171      9.36073625
2013    30      0.02286403      9.3964315
2013    31      0.02282418      9.41103663
2014    1       0.02393799      9.74030138
2014    2       0.02443428      9.88969788
2014    3       0.02683289      10.4619325
2014    4       0.02543782      10.11322812
2014    5       0.02504257      10.00317388
2014    6       0.02435075      9.82604088
2014    7       0.02372772      9.68989525
2014    8       0.02422237      9.8312815
2014    9       0.02766013      10.6754975
2014    10      0.03100605      11.5152475
2014    11      0.03245339      11.87279125
2014    12      0.03216753      11.81804125
2014    13      0.02917784      11.10563625
2014    14      0.03056509      11.40804375
2014    15      0.02596368      10.28868375
2014    16      0.02484906      10.00802163
2014    17      0.02812806      10.8107425
2014    18      0.02662789      10.41324
2014    19      0.02733201      10.57622
2014    20      0.02211319      9.25696962
2014    21      0.02908245      11.01880738
2014    22      0.02991024      11.22211875
2014    23      0.02951142      11.17248625
2014    24      0.02560281      10.2186325
2014    25      0.02290094      9.555673
2014    26      0.02577305      10.2201585
2014    27      0.02737045      10.6073575
2014    28      0.02692708      10.50820625
2014    29      0.02592976      10.2716525
2014    30      0.02588836      10.24917125
2014    31      0.02774644      10.68049375
2015    1       0.02255852      9.39799875
2015    2       0.02218515      9.35338338
2015    3       0.02474414      9.98732588
2015    4       0.02508694      10.05677875
2015    5       0.02387559      9.74941825
2015    6       0.02531916      10.098982
2015    7       0.02652122      10.37595838
2015    8       0.02373733      9.69362287
2015    9       0.02306244      9.49658912
2015    10      0.02320076      9.512543
2015    11      0.02223262      9.26431463
2015    12      0.02263639      9.3786855
2015    13      0.02440922      9.84458625
2015    14      0.02087236      8.95070912
2015    15      0.02070031      8.89313888
2015    16      0.02107976      8.97232375
2015    17      0.02064193      8.86363362
2015    18      0.02095734      8.9455965
2015    19      0.02236096      9.31087688
2015    20      0.02219779      9.251987
2015    21      0.02132224      9.02896975
2015    22      0.02285803      9.45037038
2015    23      0.02181135      9.19654662
2015    24      0.02502713      10.00403588
2015    25      0.02205354      9.27308038
2015    26      0.01923913      8.56359038
2015    27      0.02037632      8.80865862
2015    28      0.02064241      8.8949625
2015    29      0.01980361      8.72909925
2015    30      0.02673017      10.43320962
2015    31      0.02583062      10.19138962
2016    1       0.02398371      9.77735638
2016    2       0.02634551      10.35836875
2016    3       0.03121875      11.5819775
2016    4       0.03073823      11.463825
2016    5       0.02559355      10.1987465
2016    6       0.02655879      10.4361025
2016    7       0.02638944      10.393625
2016    8       0.02902181      11.04508212
2016    9       0.02928145      11.129075
2016    10      0.02746375      10.6725125
2016    11      0.02448428      9.92156163
2016    12      0.02350856      9.66669312
2016    13      0.02236083      9.36049
2016    14      0.02346802      9.63257275
2016    15      0.0221024       9.27831725
2016    16      0.02152224      9.11311075
2016    17      0.02274698      9.41396475
2016    18      0.02251107      9.34878288
2016    19      0.02168328      9.14747025
2016    20      0.02181122      9.18752675
2016    21      0.02150518      9.12449212
2016    22      0.02213781      9.31145025
2016    23      0.02761223      10.70452137
2016    24      0.02814324      10.8392525
2016    25      0.02807342      10.8051
2016    26      0.03127954      11.5999275
2016    27      0.0268302       10.46279925
2016    28      0.02332898      9.5553595
2016    29      0.02324376      9.53493375
2016    30      0.02319146      9.51259075
2016    31      0.02526293      10.03584338
2017    1       0.02646594      10.3822425
2017    2       0.0256037       10.1796175
2017    3       0.02412708      9.80634988
2017    4       0.02391432      9.74156138
2017    5       0.02238106      9.350693
2017    6       0.02146465      9.13176025
2017    7       0.02104066      9.03306725
2017    8       0.0231951       9.58981325
2017    9       0.02150654      9.16268062
2017    10      0.02178132      9.19918875
2017    11      0.02247507      9.36075538
2017    12      0.02325684      9.55710075
2017    13      0.02164009      9.12112138
2017    14      0.02165292      9.116721
2017    15      0.02573212      10.14047912
2017    16      0.02519533      9.99158812
2017    17      0.02414554      9.75227688
2017    18      0.02715788      10.524215
2017    19      0.02698306      10.48775375
2017    20      0.02349267      9.64338212
2017    21      0.02358638      9.72063825
2017    22      0.02761244      10.65992
2017    23      0.02349924      9.62019112
2017    24      0.02265878      9.41437188
2017    25      0.0261906       10.27788875
2017    26      0.02673714      10.42695237
2017    27      0.032307        11.8165475
2017    28      0.03262896      11.9310075
2017    29      0.03069992      11.487915
2017    30      0.03020743      11.31569875
2017    31      0.02884687      10.94670875
2018    1       0.02222451      9.34576912
2018    2       0.02334273      9.6151815
2018    3       0.02233309      9.36271575
2018    4       0.02365629      9.68445675
2018    5       0.02365764      9.68707188
2018    6       0.02189629      9.27571688
2018    7       0.02760617      10.70576125
2018    8       0.02687923      10.51073375
2018    9       0.02620436      10.330121
2018    10      0.02489114      9.99326338
2018    11      0.02599762      10.266395
2018    12      0.03040741      11.3662125
2018    13      0.03162788      11.6895525
2018    14      0.03096996      11.54387125
2018    15      0.0325117       11.90245875
2018    16      0.03043116      11.37101375
2018    17      0.02577106      10.18152312
2018    18      0.02333623      9.548942
2018    19      0.02215178      9.25897163
2018    20      0.02311549      9.50141612
2018    21      0.02298854      9.48339888
2018    22      0.02497203      9.97002275
2018    23      0.02533927      10.1054455
2018    24      0.02426282      9.84643625
2018    25      0.02242557      9.41192225
2018    26      0.02252142      9.42913038
2018    27      0.02452656      9.90688475
2018    28      0.02322465      9.60410613
2018    29      0.02646684      10.37336488
2018    30      0.02528222      10.03419338
2018    31      0.02321111      9.49463762
