####################################################################################################
# Month: 10Oct                                                                                     #
# Station: HCO                                                                                     #
# Columns are: year    day     windspeed (m/s)                                                     #
####################################################################################################
2009    1       7.99815512
2009    2       5.15674888
2009    3       13.59765825
2009    4       7.2230075
2009    5       6.88316875
2009    6       11.03150138
2009    7       12.90554925
2009    8       14.79303075
2009    9       6.87061875
2009    10      9.970318
2009    11      8.19871675
2009    12      8.60752125
2009    13      9.32845988
2009    14      11.24536175
2009    15      3.08455612
2009    16      13.895903
2009    17      9.89917762
2009    18      15.76911238
2009    19      12.81501988
2009    20      5.713337
2009    21      6.95483825
2009    22      9.47093038
2009    23      11.38155038
