####################################################################################################
# Month: 08Aug                                                                                     #
# Station: SAL                                                                                     #
# Frequency: 345 GHz                                                                               #
# Columns are: year    day     tau     Tb (K)                                                      #
####################################################################################################
2009    1       1.12470062      184.3374875
2009    2       1.22664231      191.2806875
2009    3       1.4259345       209.4022125
2009    4       1.18369975      192.5275875
2009    5       1.08975788      168.13031625
2009    6       0.5119199       109.9261175
2009    7       0.75156294      145.41718375
2009    8       0.92439609      166.949875
2009    9       0.53716405      117.7264875
2009    10      0.4134577       95.78006875
2009    11      0.8900336       152.8859475
2009    12      1.36885619      199.8896375
2009    13      1.0021737       172.275475
2009    14      0.84824681      158.7947625
2009    15      0.75302444      148.511025
2009    16      1.70550249      215.3536875
2009    17      2.275387        248.136375
2009    18      1.85259412      222.1935375
2009    19      1.30805096      192.8979
2009    20      0.6836266       135.6885625
2009    21      0.96810616      170.415925
2009    22      0.87504635      159.824225
2009    23      0.88630051      159.2462375
2009    24      0.79440524      152.3249375
2009    25      0.93808105      165.4947
2009    26      2.07393246      220.64725
2009    27      0.40995956      89.9919125
2009    28      0.85675331      148.83354875
2009    29      1.37878239      204.1405625
2009    30      1.06045272      177.140625
2009    31      1.44891662      210.4072875
2010    1       1.01978548      179.7283125
2010    2       1.07968051      185.040125
2010    3       1.02597675      180.6045875
2010    4       1.03905365      181.0265875
2010    5       1.79780812      228.680275
2010    6       1.60215625      214.5798875
2010    7       1.00792518      180.012
2010    8       1.04010133      167.0658975
2010    9       0.67484849      129.14353125
2010    10      0.49107726      106.39129
2010    11      0.38180466      88.88425875
2010    12      0.43648456      99.20401125
2010    13      0.49909765      111.1896375
2010    14      0.53463672      117.662425
2010    15      0.42345336      98.08135625
2010    16      0.4203271       98.922985
2010    17      0.50552662      109.71253125
2010    18      0.78494109      150.4978625
2010    19      0.55214801      114.00275875
2010    20      0.38651015      83.54674125
2010    21      1.3359793       202.4758625
2010    22      1.48957862      209.7195125
2010    23      1.06323111      177.0520875
2010    24      0.57038036      121.40995
2010    25      0.58385349      123.4016875
2010    26      1.18270635      184.032575
2010    27      0.90316538      164.636925
2010    28      0.87562875      160.5197625
2010    29      1.09255569      182.5099
2010    30      1.56058525      219.787975
2010    31      1.03671396      159.81736
2011    1       0.6415875       134.7376
2011    2       1.10398141      183.238975
2011    3       1.21106875      195.2793875
2011    4       1.41682912      206.288625
2011    5       1.60965104      200.815775
2011    6       0.46816469      104.0168675
2011    7       0.52116945      111.38907
2011    8       0.63980635      132.5678875
2011    9       0.69267336      139.8014375
2011    10      0.58149521      124.520275
2011    11      0.59470695      126.30435
2011    12      1.18649198      168.93817625
2011    13      0.85008546      155.3298875
2011    14      0.77848876      145.22526125
2011    15      0.40421896      90.48318375
2011    16      0.56407949      120.7642775
2011    17      0.98048774      162.2332175
2011    18      1.5931855       215.686775
2011    19      1.06251924      174.51755
2011    20      0.70758079      138.145795
2011    21      1.19996558      184.693975
2011    22      1.78615612      223.35845
2011    23      2.80399538      253.8320125
2011    24      1.14183459      188.1551375
2011    25      0.91490538      168.1286875
2011    26      1.26845256      193.31095
2011    27      0.63457172      129.6071625
2011    28      0.77021516      147.8480375
2011    29      0.95583762      171.53515
2011    30      1.69188412      228.437275
2011    31      0.88869472      160.9543
2012    1       0.58041639      120.2649175
2012    2       0.74500409      134.32653375
2012    3       1.12733475      177.51197625
2012    4       0.45867689      103.346035
2012    5       0.79844438      139.0631525
2012    6       1.38996525      197.9218375
2012    7       2.09435762      233.60305
2012    8       1.17780642      187.41455
2012    9       0.76507085      146.402375
2012    10      0.48547476      107.55818125
2012    11      1.58141209      204.3088
2012    12      1.13433555      182.9185625
2012    13      0.62111344      128.1478775
2012    14      0.65664731      131.12004875
2012    15      1.60429475      211.9815125
2012    16      1.16221458      182.156225
2012    17      0.32558549      78.05422375
2012    18      0.65001985      134.0252375
2012    19      0.37815815      88.00427625
2012    20      0.9653589       162.02538
2012    21      0.38938681      89.26927125
2012    22      0.61941548      126.35971
2012    23      0.47769316      107.368205
2012    24      1.07430276      166.79857125
2012    25      1.42062115      197.181225
2012    26      0.73123104      143.1107125
2012    27      0.63283079      132.4899875
2012    28      1.20526829      193.2566
2012    29      0.58356409      122.84910375
2012    30      0.50378255      107.9464425
2012    31      1.38954952      174.5983625
2013    1       0.76841061      149.65925
2013    2       0.6525683       134.3250125
2013    3       0.86889666      161.61805
2013    4       1.09035404      183.1174875
2013    5       1.11534463      185.423325
2013    6       1.56067762      212.6660625
2013    7       2.0439905       231.091575
2013    8       1.77752438      219.583225
2013    9       0.63751358      129.2323875
2013    10      0.46073884      102.8807975
2013    11      1.33754882      186.8684125
2013    12      1.67357238      220.540925
2013    13      2.30653362      240.7327375
2013    14      1.68976625      220.0003625
2013    15      2.06847025      223.6275
2013    16      1.61829525      216.1128875
2013    17      1.93132974      227.0073875
2013    18      0.69361088      136.87555
2013    19      0.53507271      115.57564
2013    20      0.51456679      113.00399875
2013    21      1.20475972      172.03576375
2013    22      0.27306981      68.69364
2013    23      0.28629405      71.28335
2013    24      0.39470305      93.13511625
2013    25      0.47857724      103.19309875
2013    26      1.13429781      177.48672
2013    27      0.61027492      115.0663125
2013    28      2.03601888      238.8484
2013    29      1.97408762      228.901825
2013    30      1.4345185       200.51305
2013    31      1.35111938      198.5940125
2014    1       1.43417812      208.1538625
2014    2       1.20695675      194.2476375
2014    3       0.83436039      156.4376125
2014    4       1.68693275      219.36105
2014    5       1.6790615       219.985925
2014    6       1.07759059      178.0128375
2014    7       1.16568664      183.9746
2014    8       2.36990138      249.207575
2014    9       2.23853175      246.13565
2014    10      1.854486        231.6045125
2014    11      1.16935151      187.4492375
2014    12      0.89703341      166.7144125
2014    13      1.15968154      189.521175
2014    14      0.68065281      137.5832125
2014    15      1.12162115      181.3531375
2014    16      1.11482708      156.0907225
2014    17      2.21508625      238.3506125
2014    18      1.7821685       224.54055
2014    19      0.67309218      132.08352625
2014    20      1.3092824       195.5316875
2014    21      1.15439542      179.2995625
2014    22      0.82242094      153.5342625
2014    23      0.52257818      111.0706725
2014    24      0.4633288       103.80976
2014    25      0.44386332      101.55374875
2014    26      0.52343822      114.928995
2014    27      1.85380695      221.107525
2014    28      1.62652516      211.3441125
2014    29      1.03546812      177.21635
2014    30      0.89692272      164.0735375
2014    31      0.60210032      127.0191375
2015    1       0.74363708      142.56636875
2015    2       0.33649079      81.9733075
2015    3       0.94981672      159.4966625
2015    4       0.88626614      159.02095
2015    5       0.73513092      143.677775
2015    6       0.5247257       115.90263125
2015    7       0.65167419      136.1850125
2015    8       0.6598222       136.13925
2015    9       0.696748        136.1266025
2015    10      0.3792561       86.97068125
2015    11      0.6791681       127.34545375
2015    12      1.00975914      170.1148875
2015    13      0.91049882      165.1956125
2015    14      0.61133296      127.6568375
2015    15      0.96772014      171.439025
2015    16      0.88583406      163.5435
2015    17      0.8410404       159.0724875
2015    18      1.0868395       181.4861
2015    19      1.36324602      202.438625
2015    20      1.21334261      194.0549125
2015    21      0.77203829      150.6318875
2015    22      1.83588062      209.45795
2015    23      2.830016        258.465675
2015    24      1.56987578      215.0308875
2015    25      0.86341226      161.7580125
2015    26      1.93024498      225.6245
2015    27      2.27647662      243.375875
2015    28      0.75372473      146.233125
2015    29      0.94152708      166.455125
2015    30      3.41181175      263.9277375
2015    31      2.146679        239.6176
2016    1       0.7369993       144.66405
2016    2       0.87502271      146.77647
2016    3       1.44845106      199.123925
2016    4       0.81088957      153.180925
2016    5       0.42376969      97.017615
2016    6       0.38925307      90.52234625
2016    7       0.78635186      145.705575
2016    8       0.29587019      73.757785
2016    9       0.38233661      84.93076125
2016    10      0.66057515      136.9374875
2016    11      0.89676249      165.3996875
2016    12      1.63497725      219.3423
2016    13      1.5074326       211.0381375
2016    14      1.40963219      203.6993
2016    15      0.94821654      166.8639375
2016    16      1.04575601      174.141425
2016    17      2.53167912      252.8604875
2016    18      2.54216238      254.3025625
2016    19      1.35328431      200.5491875
2016    20      1.22134455      193.5185875
2016    21      1.08235044      166.3682125
2016    22      0.97065496      153.30325125
2016    23      1.2115008       186.6057625
2016    24      0.84544046      157.226425
2016    25      1.12342561      188.5854375
2016    26      1.20507         195.771725
2016    27      1.07460975      184.9788875
2016    28      0.93469161      169.8362125
2016    29      0.85852952      161.164075
2016    30      1.60393112      219.697675
2016    31      1.37045138      207.2971625
2017    1       1.300712        184.6886375
2017    2       0.59140754      123.860875
2017    3       0.67160081      132.2380175
2017    4       1.93863163      226.4773
2017    5       0.87149959      158.9127375
2017    6       0.63079706      128.078395
2017    7       0.71278589      140.598225
2017    8       0.47642642      107.40275625
2017    9       0.42561025      98.32144625
2017    10      0.43482435      99.9855625
2017    11      0.89665765      153.1054225
2017    12      0.74066875      143.0048625
2017    13      0.48542821      107.5408325
2017    14      0.49297306      108.9269275
2017    15      0.82886122      151.050385
2017    16      1.81996725      223.550125
2017    17      1.27333915      194.2421
2017    18      0.70085532      134.68984
2017    19      0.8140834       153.3257875
2017    20      1.19737512      189.6750875
2017    21      0.65379926      132.1166825
2017    22      1.3630819       197.2820125
2017    23      0.58648339      123.57730375
2017    24      1.40807099      194.3514625
2017    25      0.3788273       85.46184125
2017    26      0.32071778      78.99585375
2017    27      0.3777409       89.65452
2017    28      0.73550202      141.96524625
2017    29      1.17010965      185.19675
2017    30      0.62586519      129.5217875
2017    31      0.52527114      113.86223875
2018    1       1.47681816      209.5170125
2018    2       1.2552865       194.5573
2018    3       1.04381655      178.0611625
2018    4       1.47648538      207.5563875
2018    5       1.58288362      213.5077375
2018    6       1.06595254      177.6104875
2018    7       1.22813565      185.2154375
2018    8       0.717112        139.8086625
2018    9       0.84701265      154.2369875
2018    10      1.25596462      191.8224625
2018    11      0.69394636      136.723
2018    12      0.58175091      120.3896
2018    13      1.1163092       181.2900625
2018    14      0.78282508      150.45005
2018    15      0.75499639      143.12083
2018    16      0.64735154      116.787465
2018    17      1.10448444      168.17726625
2018    18      0.30172595      75.33655
2018    19      0.42873996      92.3377375
2018    20      1.70389701      218.02485
2018    21      1.13374769      184.7948
2018    22      0.82112122      153.3798125
2018    23      0.6506874       132.51085
2018    24      0.4486064       102.852545
2018    25      0.92570451      156.58653875
2018    26      1.17968185      182.4388125
2018    27      1.3996524       197.0474625
2018    28      1.36163138      205.42635
2018    29      1.06917294      182.4928625
2018    30      0.86620718      157.0680125
2018    31      0.85179796      159.5909625
