####################################################################################################
# Month: 09Sep                                                                                     #
# Station: NZ                                                                                      #
# Columns are: year    day     RH (percent)                                                        #
####################################################################################################
9       1       0.63741262
9       2       0.682257
9       3       0.271741
9       4       0.07533062
9       5       0.06033038
9       6       0.06082913
9       7       0.190318
9       8       0.21758662
9       9       0.0156965
9       10      0.57164725
9       11      0.70790175
9       12      0.65777712
9       13      0.43833662
9       14      0.2825265
9       15      0.3899755
9       16      0.38287762
9       17      0.36610138
9       18      0.54586688
9       19      0.06190362
9       20      0.09463038
9       21      0.68653838
9       22      0.65475575
9       23      0.38934725
9       24      0.66354113
9       25      0.80423638
9       26      0.5794925
9       27      0.75870562
9       28      0.779816
9       29      0.71362475
9       30      0.563267
