####################################################################################################
# Month: 03Mar                                                                                     #
# Station: HES                                                                                     #
# Columns are: year    day     segment         RH (percent)                                        #
####################################################################################################
9       1       0       0.67597
9       1       1       0.66125
9       1       2       0.626258
9       1       3       0.593522
9       1       4       0.504316
9       1       5       0.546695
9       1       6       0.657058
9       1       7       0.610764
9       2       0       0.563179
9       2       1       0.61229
9       2       2       0.704225
9       2       3       0.741891
9       2       4       0.67798
9       2       5       0.725555
9       2       6       0.747329
9       2       7       0.748408
9       3       0       0.846919
9       3       1       0.921073
9       3       2       0.897054
9       3       3       0.90438
9       3       4       0.831761
9       3       5       0.909956
9       3       6       0.925486
9       3       7       0.904338
9       4       0       0.893919
9       4       1       0.766877
9       4       2       0.752198
9       4       3       0.952691
9       4       4       0.848116
9       4       5       0.856798
9       4       6       0.87721
9       4       7       0.842493
9       5       0       0.791281
9       5       1       0.639884
9       5       2       0.629102
9       5       3       0.72542
9       5       4       0.639721
9       5       5       0.608387
9       5       6       0.685801
9       5       7       0.755005
9       6       0       0.693544
9       6       1       0.648388
9       6       2       0.626387
9       6       3       0.68157
9       6       4       0.59745
9       6       5       0.570512
9       6       6       0.616673
9       6       7       0.717796
9       7       0       0.771435
9       7       1       0.754697
9       7       2       0.64211
9       7       3       0.515087
9       7       4       0.419756
9       7       5       0.390191
9       7       6       0.389636
9       7       7       0.385855
9       8       0       0.423197
9       8       1       0.457253
9       8       2       0.449122
9       8       3       0.499872
9       8       4       0.444755
9       8       5       0.476488
9       8       6       0.584828
9       8       7       0.650818
9       9       0       0.701555
9       9       1       0.649031
9       9       2       0.563608
9       9       3       0.683648
9       9       4       0.542936
9       9       5       0.498675
9       9       6       0.601448
9       9       7       0.733711
9       10      0       0.832916
9       10      1       0.863791
9       10      2       0.834506
9       10      3       0.834585
9       10      4       0.646704
9       10      5       0.577434
9       10      6       0.666197
9       10      7       0.727181
9       11      0       0.736367
9       11      1       0.742432
9       11      2       0.724193
9       11      3       0.7033
9       11      4       0.524609
9       11      5       0.487404
9       11      6       0.591025
9       11      7       1.48701
9       12      0       0.614874
9       12      1       0.635327
9       12      2       0.680815
9       12      3       0.661651
9       12      4       0.562801
9       12      5       0.541398
9       12      6       0.590803
9       12      7       0.539699
9       13      0       0.496001
9       13      1       0.515329
9       13      2       0.54954
9       13      3       0.530824
9       13      4       0.443891
9       13      5       0.408685
9       13      6       0.417555
9       13      7       0.396412
9       14      0       0.434306
9       14      1       0.491548
9       14      2       0.552494
9       14      3       0.562899
9       14      4       0.46472
9       14      5       0.429995
9       14      6       0.468074
9       14      7       0.494572
9       15      0       0.532929
9       15      1       0.605051
9       15      2       0.604135
9       15      3       0.567245
9       15      4       0.431688
9       15      5       0.387269
9       15      6       0.434589
9       15      7       0.52337
9       16      0       0.636624
9       16      1       0.67328
9       16      2       0.662775
9       16      3       0.616368
9       16      4       0.479885
9       16      5       0.491543
9       16      6       0.583191
9       16      7       0.623693
9       17      0       0.637744
9       17      1       0.632103
9       17      2       0.609721
9       17      3       0.598276
9       17      4       0.492586
9       17      5       0.513763
9       17      6       0.546562
9       17      7       0.452198
9       18      0       0.396482
9       18      1       0.372408
9       18      2       0.317174
9       18      3       0.315311
9       18      4       0.294917
9       18      5       0.309843
9       18      6       0.320266
9       18      7       0.161799
9       19      0       0.109763
9       19      1       0.086113
9       19      2       0.082073
9       19      3       0.119875
9       19      4       0.101229
9       19      5       0.122221
9       19      6       0.161234
9       19      7       0.138217
9       20      0       0.141605
9       20      1       0.156939
9       20      2       0.161576
9       20      3       0.156446
9       20      4       0.11473
9       20      5       0.109694
9       20      6       0.121888
9       20      7       0.140753
9       21      0       0.163266
9       21      1       0.179482
9       21      2       0.195002
9       21      3       0.20551
9       21      4       0.203962
9       21      5       0.219727
9       21      6       0.244341
9       21      7       0.236314
9       22      0       0.235151
9       22      1       0.24472
9       22      2       0.263773
9       22      3       0.273938
9       22      4       0.218127
9       22      5       0.191938
9       22      6       0.202014
9       22      7       0.201355
9       23      0       0.203262
9       23      1       0.214451
9       23      2       0.248952
9       23      3       0.331086
9       23      4       0.296755
9       23      5       0.267126
9       23      6       0.268018
9       23      7       0.266672
9       24      0       0.278949
9       24      1       0.315161
9       24      2       0.384222
9       24      3       0.468599
9       24      4       0.402386
9       24      5       0.374929
9       24      6       0.386065
9       24      7       0.383235
9       25      0       0.39486
9       25      1       0.39664
9       25      2       0.385072
9       25      3       0.430411
9       25      4       0.370206
9       25      5       0.335132
9       25      6       0.346372
9       25      7       0.354727
9       26      0       0.355614
9       26      1       0.358654
9       26      2       0.366849
9       26      3       0.385668
9       26      4       0.31787
9       26      5       0.277125
9       26      6       0.295947
9       26      7       0.330651
9       27      0       0.333966
9       27      1       0.314005
9       27      2       0.3066
9       27      3       0.344532
9       27      4       0.267301
9       27      5       0.236514
9       27      6       0.258997
9       27      7       0.279127
9       28      0       0.275467
9       28      1       0.262271
9       28      2       0.273848
9       28      3       0.334583
9       28      4       0.294012
9       28      5       0.261189
9       28      6       0.268977
9       28      7       0.288403
9       29      0       0.357575
9       29      1       0.440606
9       29      2       0.4227
9       29      3       0.302437
9       29      4       0.237976
9       29      5       0.246394
9       29      6       0.267701
9       29      7       0.275087
9       30      0       0.294872
9       30      1       0.353142
9       30      2       0.361895
9       30      3       0.365598
9       30      4       0.306411
9       30      5       0.282956
9       30      6       0.302733
9       30      7       0.323858
9       31      0       0.351105
9       31      1       0.413916
9       31      2       0.480088
9       31      3       0.446806
9       31      4       0.334303
9       31      5       0.306
9       31      6       0.324149
9       31      7       0.349207
