####################################################################################################
# Month: 07Jul                                                                                     #
# Station: HCO                                                                                     #
# Frequency: 230 GHz                                                                               #
# Columns are: year    day     tau     Tb (K)                                                      #
####################################################################################################
2009    1       2.419616        258.245825
2009    2       3.23246162      271.1511125
2009    3       2.92252362      267.6962875
2009    4       2.29450112      253.9171875
2009    5       1.54786138      222.42825
2009    6       1.52340538      222.361025
2009    7       2.08696288      243.359075
2009    8       2.52241912      257.0530375
2009    9       2.33278575      248.91785
2009    10      1.14040882      191.1842875
2009    11      1.30994712      206.6526625
2009    12      1.94844338      241.2204875
2009    13      1.44533738      214.5719625
2009    14      1.26354475      199.8880125
2009    15      1.41133775      213.165975
2009    16      2.13658738      244.346875
2009    17      2.43351875      256.2621875
2009    18      3.11523325      273.232
2009    19      1.5670865       223.63905
2009    20      1.91720975      241.94375
2009    21      2.84214038      262.1746
2009    22      3.17371162      272.2004625
2009    23      2.31894275      256.4325625
2009    24      3.12287112      269.64865
2009    25      2.41309625      258.5905
2009    26      2.773828        264.66715
2009    27      3.22054775      276.6418
2009    28      2.40827675      260.79
2009    29      2.9944865       271.9309
2009    30      3.899105        282.491475
2009    31      3.10303062      270.5293125
2010    1       1.22012313      196.888775
2010    2       1.277212        203.061725
2010    3       1.5175635       221.6405125
2010    4       1.77395725      236.626225
2010    5       1.94168175      243.7000375
2010    6       2.81041         271.6625125
2010    7       3.066937        278.5047625
2010    8       2.62943025      268.0159625
2010    9       3.19957362      277.271325
2010    10      3.60365475      280.358025
2010    11      3.49491662      276.7306125
2010    12      2.37457975      261.538425
2010    13      2.43203075      259.848275
2010    14      4.4287405       285.0571625
2010    15      2.65346925      265.3354875
2010    16      2.59425125      265.7146
2010    17      2.364218        255.802975
2010    18      2.361204        261.1081625
2010    19      2.35148475      256.9548625
2010    20      2.89384112      270.038425
2010    21      2.608907        263.71255
2010    22      2.26581038      250.8822625
2010    23      2.220837        249.6055125
2010    24      3.86879025      283.798975
2010    25      3.50556462      282.2415375
2010    26      1.74650862      231.3602375
2010    27      1.4030095       216.20625
2010    28      1.70759762      236.1193
2010    29      2.767307        267.844075
2010    30      1.31846612      207.758075
2010    31      1.3259775       208.503475
2011    1       1.75186188      232.3796375
2011    2       2.10327112      249.3834125
2011    3       2.57098425      262.6321625
2011    4       2.73338025      267.1409375
2011    5       2.17130113      254.0944875
2011    6       2.19137063      255.2525125
2011    7       2.37750713      260.7177
2011    8       3.09392025      269.7765
2011    9       2.9807185       268.09865
2011    10      1.544367        223.3237125
2011    11      2.23390312      255.5884
2011    12      3.59943625      282.064275
2011    13      2.72017988      270.0233
2011    14      2.07224462      240.7738375
2011    15      1.48868225      218.9653375
2011    16      1.61288425      227.9845125
2011    17      1.93223388      245.8740375
2011    18      2.8232715       271.4269875
2011    19      2.73808338      268.4421
2011    20      1.89337375      243.3120375
2011    21      3.0796385       276.762125
2011    22      3.3622395       281.65645
2011    23      2.28288062      258.5122375
2011    24      2.940114        274.2536125
2011    25      2.02260975      246.2440875
2011    26      2.39035737      257.5011375
2011    27      2.16252612      250.6415125
2011    28      2.15745712      253.881275
2011    29      2.88790625      270.1505875
2011    30      3.3209875       274.702625
2011    31      1.71544712      235.7667625
2012    1       1.901257        245.240525
2012    2       2.2649315       256.214675
2012    3       1.75372312      235.0080875
2012    4       2.61700462      260.572725
2012    5       2.49134313      263.6427875
2012    6       2.21777325      256.4515375
2012    7       2.923688        271.6312
2012    8       2.22489262      256.09535
2012    9       1.36737462      211.5437625
2012    10      1.17042781      195.7305125
2012    11      1.43478725      216.4948375
2012    12      1.35707041      211.149775
2012    13      1.8176875       242.128775
2012    14      2.50079312      263.85315
2012    15      2.252887        257.2705375
2012    16      3.2109075       275.3941625
2012    17      2.86901288      273.6043375
2012    18      3.25288925      279.5294875
2012    19      2.44589025      253.61905
2012    20      1.7359685       233.075525
2012    21      1.2379115       200.935675
2012    22      1.51997562      222.8217625
2012    23      2.70364288      262.7314
2012    24      3.27497775      278.3910625
2012    25      1.77139962      232.785375
2012    26      2.37794912      255.0755875
2012    27      4.24096625      284.9539875
2012    28      3.18660112      274.683525
2012    29      2.86449775      267.7802125
2012    30      2.20834438      251.9383375
2012    31      1.80515588      234.73105
2013    1       4.1406665       282.8526
2013    2       3.954943        282.539125
2013    3       3.5288945       279.74735
2013    4       3.36050625      280.22265
2013    5       3.31890162      281.0666375
2013    6       3.439155        281.760275
2013    7       3.13630175      275.8437625
2013    8       3.43531875      280.6037875
2013    9       3.6219485       279.334925
2013    10      3.929185        283.0108625
2013    11      3.52239363      279.0463625
2013    12      2.12977075      250.4772625
2013    13      2.78780738      263.490325
2013    14      3.5152155       280.3656625
2013    15      3.119778        278.2307875
2013    16      2.74689262      271.9759125
2013    17      3.084415        276.9918375
2013    18      3.35855612      281.137
2013    19      3.34092038      282.593325
2013    20      3.46920688      283.096775
2013    21      2.49811638      260.8546625
2013    22      2.84232412      268.76955
2013    23      4.25074162      284.4938375
2013    24      2.90418825      271.6882125
2013    25      2.36315775      251.2691
2013    26      3.44972462      274.64275
2013    27      2.26324138      255.548125
2013    28      2.97252762      267.3979375
2013    29      2.6672485       263.39095
2013    30      1.84415238      236.671975
2013    31      1.76720138      236.0931375
2014    1       2.82102338      272.28585
2014    2       3.64121325      283.520775
2014    3       3.879232        283.43605
2014    4       3.48275962      278.3975375
2014    5       1.873041        224.401325
2014    6       1.48869438      219.6383625
2014    7       2.2238975       251.47555
2014    8       2.905599        272.5413
2014    9       2.33197663      259.21705
2014    10      1.91249475      239.1027625
2014    11      1.605396        227.3266625
2014    12      1.56883225      225.968575
2014    13      2.00024675      246.2221875
2014    14      3.42163425      276.5768875
2014    15      4.09116975      284.146375
2014    16      3.92366388      282.3550875
2014    17      1.84503388      233.4993
2014    18      1.6005175       227.1652125
2014    19      1.600995        226.15895
2014    20      1.85438275      236.726875
2014    21      1.75743988      234.727825
2014    22      2.20644375      255.2611875
2014    23      3.03679262      276.868725
2014    24      3.10266638      270.9770875
2014    25      1.5984215       225.7673625
2014    26      1.84217588      239.883
2014    27      2.78380788      265.6557125
2014    28      3.54562125      280.311625
2014    29      2.14013912      245.6967875
2014    30      1.49574638      220.47475
2014    31      1.60937588      226.2198
2015    1       2.59158475      257.70755
2015    2       1.95904025      243.312975
2015    3       1.364265        210.4769375
2015    4       1.7366325       230.8607875
2015    5       1.9380075       243.5048375
2015    6       1.70779325      235.6388375
2015    7       2.4747765       255.566675
2015    8       2.8946445       270.2815
2015    9       2.01105275      243.961375
2015    10      2.8037895       265.283225
2015    11      1.54979188      225.7427
2015    12      1.9448425       246.0929125
2015    13      2.58790075      266.0196125
2015    14      2.282671        245.862675
2015    15      3.40103712      278.247775
2015    16      1.49943225      216.4662625
2015    17      1.39008012      213.028375
2015    18      2.59344138      260.9236625
2015    19      3.24320038      278.0284375
2015    20      3.14907125      276.178825
2015    21      2.123061        253.1600125
2015    22      1.7140885       231.4945625
2015    23      1.63789838      228.394975
2015    24      1.82800312      236.3881375
2015    25      2.156051        248.9915125
2015    26      2.5511715       260.041425
2015    27      2.75211525      266.975675
2015    28      2.877435        270.968425
2015    29      2.2603035       258.993075
2015    30      2.84697138      271.864775
2015    31      2.29680188      247.3808625
2016    1       1.80954312      233.4372875
2016    2       1.991781        233.158875
2016    3       1.2382805       200.734925
2016    4       1.1059982       191.0599375
2016    5       2.38679562      252.410375
2016    6       1.88416888      245.05255
2016    7       2.54890225      266.1673125
2016    8       3.142343        274.3769
2016    9       2.69650288      262.961475
2016    10      2.83462662      265.7130125
2016    11      2.2102285       249.0543
2016    12      1.66197638      231.064875
2016    13      2.18738437      254.9121
2016    14      2.8596825       261.56415
2016    15      3.1752605       277.2613
2016    16      2.10274738      252.76135
2016    17      2.74990663      267.741425
2016    18      2.29279325      257.5235
2016    19      2.05402725      242.9894875
2016    20      1.27515688      204.17265
2016    21      1.495212        221.6179375
2016    22      1.83413438      239.80755
2016    23      2.51705012      265.28785
2016    24      2.090906        248.6776625
2016    25      2.303059        257.3808
2016    26      2.38808675      257.6542125
2016    27      1.96904162      248.89745
2016    28      2.07494538      252.7174625
2016    29      3.02610725      273.99505
2016    30      2.58159862      264.1800375
2016    31      3.51061538      277.542425
2017    1       3.33010675      278.3287125
2017    2       3.06936725      271.4392875
2017    3       2.2419245       256.44845
2017    4       1.62318275      228.828
2017    5       1.346517        211.008475
2017    6       1.33481905      207.4804625
2017    7       2.248926        243.7117625
2017    8       2.852796        269.27045
2017    9       1.85467025      233.6863125
2017    10      1.68881875      233.0220125
2017    11      2.8762645       267.9552875
2017    12      2.98659588      271.8985375
2017    13      3.85152838      280.1642
2017    14      2.75246063      263.3443
2017    15      2.67525762      264.7739
2017    16      2.37972062      260.4825875
2017    17      2.54551275      264.3070625
2017    18      2.680436        262.6409125
2017    19      2.96165025      275.0740375
2017    20      2.75288588      270.43295
2017    21      2.15861488      250.5082125
2017    22      2.299231        258.0167
2017    23      2.66583938      264.252775
2017    24      2.20658863      244.086475
2017    25      2.28786275      251.7461
2017    26      1.64155988      228.7228375
2017    27      2.06437812      240.53
2017    28      2.40680363      257.9130375
2017    29      1.76241425      234.1190375
2017    30      1.10080165      189.2359125
2017    31      1.42275838      216.394275
2018    1       2.99652638      277.0987875
2018    2       2.97248212      277.1563875
2018    3       3.17903675      278.56965
2018    4       2.5935785       267.0243875
2018    5       2.495915        262.4001
2018    6       3.50848638      279.7317
2018    7       1.05593306      182.31155
2018    8       1.2781645       205.130825
2018    9       1.63013725      230.7955125
2018    10      1.787255        239.8170625
2018    11      2.5510805       260.36595
2018    12      1.43604488      215.23695
2018    13      1.49770788      219.579875
2018    14      2.0377075       242.6416875
2018    15      3.0588375       272.86015
2018    16      2.64573038      269.3105125
2018    17      3.51722988      281.751325
2018    18      2.53130062      249.6568375
2018    19      1.08702625      189.2735625
2018    20      1.28707663      208.2561125
2018    21      1.40636562      215.2660375
2018    22      3.91915638      276.8374875
2018    23      4.06670012      283.071625
2018    24      3.06862875      275.471875
2018    25      3.44041137      278.2146625
2018    26      4.27046862      284.5223
2018    27      2.789307        270.5939875
2018    28      3.54143725      279.6726375
2018    29      2.5479145       258.5442375
2018    30      1.820689        238.8939125
2018    31      2.13658562      251.9892375
