####################################################################################################
# Month: 08Aug                                                                                     #
# Station: ROB                                                                                     #
# Columns are: year    day     RH (percent)                                                        #
####################################################################################################
9       1       0.18300438
9       2       0.15126038
9       3       0.24188475
9       4       0.4293995
9       5       0.44633438
9       6       0.03697188
9       7       0.44991988
9       8       0.17399262
9       9       0.09873212
9       10      0.06769175
9       11      0.10400938
9       12      0.218236
9       13      0.33066075
9       14      0.3459135
9       15      0.93363362
9       16      0.6356975
9       17      0.16545688
9       18      0.90002988
9       19      0.87817138
9       20      0.267551
9       21      0.34352638
9       22      0.65496088
9       23      0.22082625
9       24      0.30131475
9       25      0.12198375
9       26      0.02111388
9       27      0.03105062
9       28      0.06814975
9       29      0.0895885
9       30      0.12201988
9       31      0.2430565
