####################################################################################################
# Month: 02Feb                                                                                     #
# Station: HAN                                                                                     #
# Columns are: year    day     segment         RH (percent)                                        #
####################################################################################################
9       1       0       -0.12054
9       1       1       0.478492
9       1       2       0.521999
9       1       3       0.147074
9       1       4       0.271061
9       1       5       0.879027
9       1       6       0.434657
9       1       7       0.391158
9       2       0       0.494717
9       2       1       0.258067
9       2       2       0.235012
9       2       3       0.234286
9       2       4       0.333445
9       2       5       0.485085
9       2       6       0.430701
9       2       7       0.742694
9       3       0       0.845277
9       3       1       0.795984
9       3       2       0.72518
9       3       3       0.277849
9       3       4       0.376398
9       3       5       1.114336
9       3       6       0.235595
9       3       7       0.061325
9       4       0       0.076064
9       4       1       0.054906
9       4       2       0.175951
9       4       3       0.074426
9       4       4       0.374982
9       4       5       1.098677
9       4       6       1.294459
9       4       7       1.413965
9       5       0       1.544238
9       5       1       1.198854
9       5       2       0.575506
9       5       3       0.314334
9       5       4       0.615534
9       5       5       0.8597
9       5       6       0.941474
9       5       7       1.009435
9       6       0       1.076553
9       6       1       1.143301
9       6       2       0.61013
9       6       3       0.397563
9       6       4       0.641629
9       6       5       1.104293
9       6       6       1.272307
9       6       7       0.604504
9       7       0       0.198226
9       7       1       0.032588
9       7       2       0.152922
9       7       3       0.064181
9       7       4       0.08733
9       7       5       0.162958
9       7       6       0.004391
9       7       7       0.012512
9       8       0       0.135257
9       8       1       0.338242
9       8       2       0.204558
9       8       3       0.160018
9       8       4       0.173125
9       8       5       0.223021
9       8       6       0.242102
9       8       7       0.288388
9       9       0       0.354115
9       9       1       0.380722
9       9       2       0.326027
9       9       3       0.501993
9       9       4       0.941001
9       9       5       0.96061
9       9       6       0.942999
9       9       7       0.980128
9       10      0       0.965182
9       10      1       0.956723
9       10      2       0.707847
9       10      3       0.381226
9       10      4       0.72542
9       10      5       0.890078
9       10      6       0.963575
9       10      7       0.821542
9       11      0       0.738441
9       11      1       0.860276
9       11      2       0.516407
9       11      3       0.338114
9       11      4       0.487967
9       11      5       0.741858
9       11      6       0.043424
9       11      7       -0.107535
9       12      0       0.151938
9       12      1       0.678499
9       12      2       0.673561
9       12      3       0.551253
9       12      4       0.716427
9       12      5       0.794214
9       12      6       0.671115
9       12      7       0.813945
9       13      0       0.96945
9       13      1       0.949516
9       13      2       0.640604
9       13      3       0.442435
9       13      4       0.613891
9       13      5       0.945514
9       13      6       0.909673
9       13      7       0.8988
9       14      0       0.853585
9       14      1       0.706698
9       14      2       0.372454
9       14      3       0.32595
9       14      4       0.539613
9       14      5       0.735355
9       14      6       1.281612
9       14      7       1.257727
9       15      0       0.501108
9       15      1       0.284527
9       15      2       0.218348
9       15      3       0.120547
9       15      4       0.358777
9       15      5       0.421755
9       15      6       0.148327
9       15      7       0.084337
9       16      0       0.048621
9       16      1       0.087607
9       16      2       0.205731
9       16      3       0.182312
9       16      4       0.453985
9       16      5       0.642785
9       16      6       0.442041
9       16      7       0.682401
9       17      0       0.837711
9       17      1       0.673516
9       17      2       0.46408
9       17      3       0.326955
9       17      4       0.399347
9       17      5       1.113747
9       17      6       1.272747
9       17      7       1.26499
9       18      0       1.478421
9       18      1       0.816395
9       18      2       0.390794
9       18      3       0.114261
9       18      4       0.278217
9       18      5       0.479621
9       18      6       0.27977
9       18      7       0.273815
9       19      0       0.225703
9       19      1       0.220574
9       19      2       0.172117
9       19      3       0.119646
9       19      4       0.132563
9       19      5       0.648272
9       19      6       0.325973
9       19      7       0.637894
9       20      0       0.877426
9       20      1       0.917508
9       20      2       0.40665
9       20      3       0.368791
9       20      4       0.578029
9       20      5       1.024961
9       20      6       0.723461
9       20      7       0.504086
9       21      0       0.596817
9       21      1       0.791482
9       21      2       0.471057
9       21      3       0.253312
9       21      4       0.318599
9       21      5       0.831848
9       21      6       0.71655
9       21      7       0.666779
9       22      0       0.765208
9       22      1       0.947584
9       22      2       0.359496
9       22      3       0.197887
9       22      4       0.271807
9       22      5       0.707646
9       22      6       0.953712
9       22      7       0.925798
9       23      0       0.898365
9       23      1       1.023756
9       23      2       0.380141
9       23      3       0.277693
9       23      4       0.671318
9       23      5       0.802512
9       23      6       0.759995
9       23      7       0.787784
9       24      0       0.89108
9       24      1       0.81398
9       24      2       0.400883
9       24      3       0.442479
9       24      4       0.639106
9       24      5       0.736676
9       24      6       0.745913
9       24      7       0.92977
9       25      0       0.924787
9       25      1       0.837953
9       25      2       0.543966
9       25      3       0.270317
9       25      4       0.46742
9       25      5       0.888116
9       25      6       0.912065
9       25      7       0.868423
9       26      0       0.767568
9       26      1       0.811236
9       26      2       0.315047
9       26      3       0.211823
9       26      4       0.340179
9       26      5       0.464017
9       26      6       0.78292
9       26      7       0.633854
9       27      0       0.170426
9       27      1       0.203413
9       27      2       0.118208
9       27      3       0.105927
9       27      4       0.197826
9       27      5       0.54758
9       27      6       0.604209
9       27      7       0.545296
9       28      0       0.482259
9       28      1       0.4249
9       28      2       0.280847
9       28      3       0.285339
9       28      4       0.40208
9       28      5       0.505769
9       28      6       0.24707
9       28      7       0.162917
