####################################################################################################
# Month: 03Mar                                                                                     #
# Station: BMAC                                                                                    #
# Columns are: year    day     RH (percent)                                                        #
####################################################################################################
9       1       0.87676475
9       2       0.79013138
9       3       0.82481212
9       4       0.49850625
9       5       0.20716312
9       6       0.39217362
9       7       0.44550812
9       8       0.34161912
9       9       0.66951713
9       10      0.7197155
9       11      0.87535462
9       12      0.83835537
9       13      0.9407985
9       14      0.88128612
9       15      0.70521988
9       16      0.77190425
9       17      0.289951
9       18      0.24904662
9       19      0.527107
9       20      0.39712225
9       21      0.26428962
9       22      0.289959
9       23      0.41972512
9       24      0.56124525
9       25      0.589715
9       26      0.712861
9       27      0.669798
9       28      0.67318925
9       29      0.5450745
9       30      0.6297795
9       31      0.615899
