####################################################################################################
# Month: 02Feb                                                                                     #
# Station: YAN                                                                                     #
# Columns are: year    day     segment         RH (percent)                                        #
####################################################################################################
9       1       0       0.891978
9       1       1       0.915608
9       1       2       0.881596
9       1       3       0.855476
9       1       4       0.796982
9       1       5       0.793305
9       1       6       0.89666
9       1       7       0.942303
9       2       0       1.002765
9       2       1       0.847586
9       2       2       0.804728
9       2       3       0.796904
9       2       4       0.786592
9       2       5       0.779568
9       2       6       0.822922
9       2       7       0.935247
9       3       0       0.965373
9       3       1       0.978144
9       3       2       1.007976
9       3       3       0.939017
9       3       4       0.898195
9       3       5       0.79267
9       3       6       0.82059
9       3       7       0.85963
9       4       0       0.97525
9       4       1       0.880533
9       4       2       0.854713
9       4       3       0.828402
9       4       4       0.769695
9       4       5       0.859406
9       4       6       0.880012
9       4       7       0.848246
9       5       0       0.836613
9       5       1       0.783788
9       5       2       0.862757
9       5       3       0.884037
9       5       4       0.677923
9       5       5       0.698916
9       5       6       0.867917
9       5       7       0.891142
9       6       0       0.962597
9       6       1       0.988545
9       6       2       0.966934
9       6       3       0.903274
9       6       4       0.822146
9       6       5       0.838613
9       6       6       0.870705
9       6       7       1.027914
9       7       0       0.981924
9       7       1       0.93378
9       7       2       0.862732
9       7       3       0.829072
9       7       4       0.752577
9       7       5       0.772913
9       7       6       0.790548
9       7       7       0.95454
9       8       0       0.92007
9       8       1       0.90148
9       8       2       0.858902
9       8       3       0.81217
9       8       4       0.742558
9       8       5       0.735891
9       8       6       0.834549
9       8       7       0.9838
9       9       0       0.97741
9       9       1       0.951409
9       9       2       0.97008
9       9       3       0.948323
9       9       4       0.928733
9       9       5       0.905643
9       9       6       0.872128
9       9       7       0.875676
9       10      0       0.846058
9       10      1       0.807036
9       10      2       0.879805
9       10      3       0.805253
9       10      4       0.852421
9       10      5       0.885401
9       10      6       0.862655
9       10      7       0.916952
9       11      0       1.017348
9       11      1       0.933489
9       11      2       0.862675
9       11      3       0.797934
9       11      4       0.809622
9       11      5       0.865153
9       11      6       0.900792
9       11      7       0.982894
9       12      0       0.970645
9       12      1       0.868326
9       12      2       0.865747
9       12      3       0.901546
9       12      4       0.844188
9       12      5       0.822791
9       12      6       0.941525
9       12      7       0.983435
9       13      0       0.968962
9       13      1       0.89516
9       13      2       0.849959
9       13      3       0.893783
9       13      4       0.878198
9       13      5       0.840398
9       13      6       0.803063
9       13      7       0.813255
9       14      0       0.822789
9       14      1       0.916249
9       14      2       0.931077
9       14      3       0.872064
9       14      4       0.822726
9       14      5       0.827086
9       14      6       0.80999
9       14      7       0.835233
9       15      0       0.932625
9       15      1       0.878367
9       15      2       0.857211
9       15      3       0.897865
9       15      4       0.887698
9       15      5       0.792502
9       15      6       0.83378
9       15      7       0.89637
9       16      0       0.892671
9       16      1       0.826447
9       16      2       0.733262
9       16      3       0.6052
9       16      4       0.423179
9       16      5       0.441752
9       16      6       0.476247
9       16      7       0.59638
9       17      0       0.535074
9       17      1       0.363688
9       17      2       0.450198
9       17      3       0.542304
9       17      4       0.683664
9       17      5       0.791089
9       17      6       0.988285
9       17      7       0.972732
9       18      0       0.97674
9       18      1       0.923398
9       18      2       0.889936
9       18      3       0.911698
9       18      4       0.940373
9       18      5       0.892115
9       18      6       0.982821
9       18      7       0.998174
9       19      0       0.95938
9       19      1       1.007423
9       19      2       0.897028
9       19      3       0.82347
9       19      4       0.801284
9       19      5       0.865637
9       19      6       0.896973
9       19      7       0.991328
9       20      0       0.987524
9       20      1       0.934414
9       20      2       0.86093
9       20      3       0.757509
9       20      4       0.755964
9       20      5       0.89874
9       20      6       0.935034
9       20      7       0.891584
9       21      0       0.829065
9       21      1       0.838501
9       21      2       0.858499
9       21      3       0.85354
9       21      4       0.85228
9       21      5       0.823011
9       21      6       0.874387
9       21      7       0.981858
9       22      0       0.954699
9       22      1       0.937985
9       22      2       0.856651
9       22      3       0.81647
9       22      4       0.809086
9       22      5       0.737467
9       22      6       0.739749
9       22      7       0.816544
9       23      0       0.900663
9       23      1       0.862953
9       23      2       0.821158
9       23      3       0.770254
9       23      4       0.776828
9       23      5       0.7812
9       23      6       0.892999
9       23      7       0.980764
9       24      0       0.963347
9       24      1       0.922327
9       24      2       0.891357
9       24      3       0.918416
9       24      4       0.944154
9       24      5       0.992956
9       24      6       0.931677
9       24      7       0.932997
9       25      0       0.894458
9       25      1       0.817698
9       25      2       0.827009
9       25      3       0.772151
9       25      4       0.835201
9       25      5       0.857008
9       25      6       0.992077
9       25      7       0.97748
9       26      0       0.966455
9       26      1       0.941356
9       26      2       0.926304
9       26      3       0.874478
9       26      4       0.783552
9       26      5       0.791793
9       26      6       0.874428
9       26      7       0.967038
9       27      0       0.965304
9       27      1       0.944038
9       27      2       1.004502
9       27      3       1.017688
9       27      4       0.936929
9       27      5       0.906071
9       27      6       0.949009
9       27      7       0.976951
9       28      0       0.971292
9       28      1       0.933975
9       28      2       0.885477
9       28      3       0.806862
9       28      4       0.813961
9       28      5       0.852879
9       28      6       0.917398
9       28      7       0.955987
