####################################################################################################
# Month: 03Mar                                                                                     #
# Station: SAS                                                                                     #
# Frequency: 345 GHz                                                                               #
# Columns are: year    day     tau     Tb (K)                                                      #
####################################################################################################
2009    1       1.51115212      208.1945125
2009    2       1.48898762      206.6281625
2009    3       1.46233138      204.88915
2009    4       1.32376963      195.5476375
2009    5       1.26963895      191.6040875
2009    6       0.98511651      168.09335
2009    7       0.90057259      159.4233875
2009    8       1.21126004      186.4226375
2009    9       1.09800834      175.337075
2009    10      1.13487134      178.8152875
2009    11      0.54464816      111.86117625
2009    12      0.18113524      46.8605075
2009    13      0.73786516      138.19385
2009    14      1.13656629      180.7035375
2009    15      0.53380001      106.0742
2009    16      0.32983525      77.5569175
2009    17      0.59294682      119.4335
2009    18      0.91137925      157.2364375
2009    19      1.31731238      195.433775
2009    20      1.17105553      184.3439625
2009    21      1.43821725      203.81225
2009    22      0.78655442      144.8324625
2009    23      0.75137005      141.8222875
2009    24      0.64600861      128.266575
2009    25      1.09154041      179.5640625
2009    26      0.42441454      92.23598125
2009    27      0.5810813       117.4422175
2009    28      0.88404509      156.1773
2009    29      0.32620352      77.90399125
2009    30      0.35323512      83.55732
2009    31      0.4435159       97.9939925
2010    1       1.27451162      192.47335
2010    2       1.27242         193.433525
2010    3       1.36978364      199.2095875
2010    4       1.44536438      203.9387625
2010    5       1.40071375      201.5641875
2010    6       1.08040538      175.8451125
2010    7       0.91953155      160.00715
2010    8       0.6198926       120.15910625
2010    9       0.68002056      131.53394
2010    10      0.71594369      135.47256625
2010    11      1.1053474       178.1762
2010    12      1.20419458      185.9651125
2010    13      1.04919974      174.524125
2010    14      0.80119229      148.99685
2010    15      1.16995169      184.3668125
2010    16      1.4348115       202.170525
2010    17      1.6424025       216.8139
2010    18      1.42492838      203.30965
2010    19      1.0401131       172.6832625
2010    20      1.449287        205.01385
2010    21      1.24340212      190.4196625
2010    22      0.63670361      127.5933375
2010    23      0.61962791      122.376125
2010    24      1.44034425      202.1489
2010    25      1.356165        198.3328
2010    26      1.13662349      179.6233625
2010    27      1.31458388      195.370675
2010    28      1.22941912      187.8813625
2010    29      0.49147859      105.34838875
2010    30      0.5281365       111.54184
2010    31      0.38896206      88.2355
2011    1       0.95461378      164.10635
2011    2       0.68184079      133.436325
2011    3       0.84622415      150.521675
2011    4       1.32732925      195.6084625
2011    5       1.23730714      188.2046125
2011    6       1.24187038      189.114725
2011    7       0.74882165      139.25325
2011    8       1.34595312      197.463975
2011    9       1.42204875      202.400625
2011    10      0.51832149      108.59728375
2011    11      0.92355962      160.4227
2011    12      1.09533496      176.704725
2011    13      1.14464714      179.885075
2011    14      1.3408085       196.4535125
2011    15      1.240357        188.3089375
2011    16      1.19690964      186.4601125
2011    17      1.38124862      200.22105
2011    18      1.26292588      191.389525
2011    19      1.35375725      197.1261875
2011    20      1.29640056      193.586625
2011    21      1.27462512      193.9055875
2011    22      1.25479191      191.552575
2011    23      0.99445441      168.1929125
2011    24      1.0010522       170.0240875
2011    25      0.965077        162.957125
2011    26      1.06770845      175.6816375
2011    27      1.43878812      204.1857875
2011    28      0.99811708      169.4178
2011    29      1.10902635      177.21
2011    30      1.29710888      194.7805375
2011    31      1.2523144       190.6943
2012    1       1.38370838      199.6701125
2012    2       1.48374638      206.2591375
2012    3       1.38513538      199.900575
2012    4       1.43905275      203.774675
2012    5       1.31734137      194.8060125
2012    6       1.4769435       206.056025
2012    7       1.31293088      195.5360625
2012    8       1.22162518      187.9501625
2012    9       0.84838191      152.6804375
2012    10      0.81879924      150.0737
2012    11      0.82629768      147.9377875
2012    12      1.24977113      189.6158125
2012    13      0.67023881      130.5929875
2012    14      0.29890319      71.7662525
2012    15      0.55473881      113.75600125
2012    16      1.23645437      189.5263125
2012    17      1.2987875       193.8891375
2012    18      1.29636625      194.7992375
2012    19      0.96691021      163.351875
2012    20      1.09445554      174.4653125
2012    21      0.93258305      161.7956125
2012    22      1.01564434      170.553475
2012    23      0.49278449      105.47953
2012    24      0.86072215      154.5903375
2012    25      0.99969718      168.5807125
2012    26      1.16530201      183.1143625
2012    27      1.10633881      177.1978625
2012    28      1.17846375      184.9092
2012    29      1.16577894      183.3873875
2012    30      1.21279237      186.310325
2012    31      1.1230409       180.095425
2013    1       1.353589        196.99015
2013    2       1.21761654      187.9252375
2013    3       1.30100525      195.0996375
2013    4       1.0785351       174.2783875
2013    5       1.14806498      181.2763625
2013    6       1.38209312      200.19715
2013    7       1.3419725       196.7836
2013    8       1.47815838      205.35015
2013    9       1.4346365       203.3467125
2013    10      1.62528775      215.0466375
2013    11      1.14411186      182.298575
2013    12      0.84610499      151.490475
2013    13      0.74839063      140.79839125
2013    14      0.48802484      105.04070125
2013    15      1.17791704      183.31655
2013    16      1.20469369      186.143925
2013    17      1.41597912      201.538175
2013    18      1.15677848      183.829075
2013    19      0.43428364      96.36577
2013    20      0.16454865      45.02841375
2013    21      0.29798721      69.69548125
2013    22      0.72350948      137.53315
2013    23      0.30332451      72.57122125
2013    24      0.2170511       56.17316125
2013    25      0.13848049      39.57593125
2013    26      0.26573184      64.9766675
2013    27      0.82784866      149.9465375
2013    28      0.67571182      132.68195
2013    29      0.47110895      103.79097125
2013    30      0.22943646      59.4020325
2013    31      0.49790449      106.1009225
2014    1       1.03091591      171.0740375
2014    2       0.84405745      152.7636375
2014    3       0.6532226       122.524125
2014    4       0.92525559      160.5341375
2014    5       1.12181524      175.9745125
2014    6       1.419277        202.5541125
2014    7       1.21941231      186.421425
2014    8       1.35745025      198.08895
2014    9       0.96620474      164.155075
2014    10      0.97223459      164.755825
2014    11      1.141575        182.1195875
2014    12      1.01197004      169.483225
2014    13      1.12587638      177.988725
2014    14      1.4817875       206.3892375
2014    15      1.41061088      201.79175
2014    16      1.49059462      206.94075
2014    17      1.37287838      199.2784875
2014    18      1.51067362      207.952125
2014    19      0.8958404       157.8571
2014    20      0.52390685      110.34889625
2014    21      0.40076524      90.69769875
2014    22      0.44174715      95.20759125
2014    23      1.22614906      187.8713875
2014    24      0.89234318      157.138275
2014    25      0.64714995      128.6115625
2014    26      0.85334881      151.8103875
2014    27      0.82766327      150.6333625
2014    28      0.67455915      131.217225
2014    29      0.12999969      37.471475
2014    30      0.13523597      38.39149875
2014    31      0.37855735      79.37388125
2015    1       1.248094        190.515575
2015    2       1.37841725      199.5059375
2015    3       1.372135        198.8460375
2015    4       1.60036575      212.93415
2015    5       1.42219488      202.9432875
2015    6       1.39023888      200.1034125
2015    7       1.48844         207.0835125
2015    8       1.36355988      198.878325
2015    9       1.1345908       180.36705
2015    10      1.15465943      183.348825
2015    11      1.28420589      191.9182125
2015    12      1.23449927      188.444625
2015    13      1.21695275      186.65355
2015    14      1.36379988      198.5036625
2015    15      1.01230543      167.46935
2015    16      1.01789931      167.97665
2015    17      1.4206035       202.1218
2015    18      1.43527375      203.0487
2015    19      1.26715575      191.2025625
2015    20      1.31954294      194.6835375
2015    21      1.0331617       172.52595
2015    22      0.83866194      151.1848
2015    23      0.89179718      157.726275
2015    24      0.53112716      105.6141025
2015    25      1.27860963      191.6257625
2015    26      1.057485        172.57435
2015    27      0.53149099      109.549775
2015    28      0.23497404      58.23883
2015    29      0.39556304      88.919485
2015    30      0.59116471      120.2939125
2015    31      0.776964        140.56555
2016    1       1.24190239      191.171925
2016    2       1.493581        208.1475375
2016    3       0.91620468      157.556975
2016    4       0.57219362      113.95314375
2016    5       0.29710144      72.8571775
2016    6       0.25203579      62.6049175
2016    7       0.95134399      163.0658875
2016    8       1.09698111      177.4723
2016    9       0.96260836      161.05675
2016    10      1.44829612      204.6610625
2016    11      0.94390482      160.46385
2016    12      0.89269334      159.1597625
2016    13      0.87723275      152.5540625
2016    14      1.06012526      172.3489375
2016    15      0.75297818      140.9558825
2016    16      0.60640929      120.95896875
2016    17      0.4840117       102.5221
2016    18      0.40053451      86.99434375
2016    19      0.51447216      108.65971875
2016    20      0.87708939      155.762875
2016    21      1.05491341      174.5905625
2016    22      1.15470848      183.357275
2016    23      1.03324008      173.3755875
2016    24      0.33233685      79.41698625
2016    25      0.2533401       64.5017875
2016    26      0.30484114      72.92673
2016    27      0.53801048      113.33089
2016    28      0.37128676      85.98192125
2016    29      0.32997461      77.4728275
2016    30      0.65171765      126.76794625
2016    31      1.01924071      170.302675
2017    1       1.46952538      205.531875
2017    2       1.14887359      183.1062
2017    3       0.82154392      148.6124125
2017    4       1.57628488      212.417325
2017    5       1.83701438      225.834025
2017    6       1.54861538      211.470475
2017    7       1.42287425      201.0354
2017    8       1.44485225      204.508575
2017    9       1.51193538      208.5778125
2017    10      1.28336675      193.623525
2017    11      1.04643239      172.283125
2017    12      0.981558        165.0877125
2017    13      1.15544684      180.8876875
2017    14      1.30432352      193.23005
2017    15      1.5452365       210.1236125
2017    16      1.368575        199.3897375
2017    17      1.05081048      172.6080625
2017    18      1.12075133      180.9048
2017    19      1.31196888      195.0662375
2017    20      0.94033499      162.0602125
2017    21      0.85050189      150.13593125
2017    22      1.4926565       206.9666125
2017    23      1.47880462      206.1824
2017    24      1.37712787      199.332675
2017    25      1.1085376       178.1330125
2017    26      0.87011146      154.68955
2017    27      1.23110989      189.1679625
2017    28      1.49890925      207.2922375
2017    29      1.39474988      200.2002625
2017    30      1.3980195       200.423225
2017    31      1.3194395       194.5003875
2018    1       1.31887525      195.9634
2018    2       1.37279462      199.6299375
2018    3       1.49512762      207.50205
2018    4       1.62472988      215.082575
2018    5       1.28531879      192.2810875
2018    6       1.3664985       197.72415
2018    7       1.08875531      171.4075375
2018    8       1.0852862       175.411775
2018    9       1.12231975      180.3344375
2018    10      1.19630971      184.8385
2018    11      1.37142775      199.8325875
2018    12      1.5532105       211.2094125
2018    13      1.69891288      219.0065
2018    14      1.46762975      205.666775
2018    15      1.44285475      203.471975
2018    16      1.52499625      209.0833375
2018    17      1.58963425      213.6319125
2018    18      1.47263138      205.9403625
2018    19      1.35022712      197.6901875
2018    20      1.30738236      194.218425
2018    21      1.37656271      198.331425
2018    22      1.22741836      189.0500625
2018    23      1.45641912      206.4368625
2018    24      1.12610483      180.927075
2018    25      1.31192688      195.7045125
2018    26      0.88947133      150.8887725
2018    27      0.45016801      98.784145
2018    28      0.40067897      89.97736
2018    29      0.15078104      42.442455
2018    30      0.19549882      51.96599375
2018    31      0.16351066      44.85098875
