####################################################################################################
# Month: 03Mar                                                                                     #
# Station: SAS                                                                                     #
# Columns are: year    day     windspeed (m/s)                                                     #
####################################################################################################
2009    1       3.941764
2009    2       6.456683
2009    3       4.80795725
2009    4       4.04428625
2009    5       9.60304725
2009    6       9.3404325
2009    7       6.12540837
2009    8       4.65233788
2009    9       6.1985065
2009    10      1.60593075
2009    11      3.02295562
2009    12      2.36432888
2009    13      2.18716662
2009    14      4.86589175
2009    15      11.38511888
2009    16      7.85850612
2009    17      5.305998
2009    18      5.44939175
2009    19      4.49773462
2009    20      3.699801
2009    21      5.72234637
2009    22      4.31519775
2009    23      2.30696738
2009    24      1.7121355
2009    25      2.639349
2009    26      3.461874
2009    27      2.138776
2009    28      3.41902825
2009    29      3.60504462
2009    30      2.5409485
2009    31      4.33356712
