####################################################################################################
# Month: 08Aug                                                                                     #
# Station: LOS                                                                                     #
# Columns are: year    day     segment         windspeed (m/s)                                     #
####################################################################################################
2009    1       0       8.923494
2009    1       1       7.768864
2009    1       2       7.779802
2009    1       3       5.881754
2009    1       4       3.517407
2009    1       5       6.497754
2009    1       6       6.824953
2009    1       7       7.475084
2009    2       0       7.648011
2009    2       1       7.022554
2009    2       2       6.460156
2009    2       3       7.40838
2009    2       4       6.966064
2009    2       5       6.21521
2009    2       6       5.851087
2009    2       7       5.887226
2009    3       0       6.071855
2009    3       1       6.870185
2009    3       2       5.367184
2009    3       3       5.101817
2009    3       4       4.584039
2009    3       5       4.406866
2009    3       6       2.983241
2009    3       7       3.601726
2009    4       0       4.771262
2009    4       1       4.978617
2009    4       2       4.128979
2009    4       3       4.17832
2009    4       4       3.958877
2009    4       5       3.219383
2009    4       6       2.367651
2009    4       7       2.362782
2009    5       0       3.260469
2009    5       1       1.676139
2009    5       2       1.05517
2009    5       3       4.353331
2009    5       4       3.955843
2009    5       5       2.906011
2009    5       6       2.139862
2009    5       7       2.480614
2009    6       0       3.975292
2009    6       1       6.262921
2009    6       2       8.179168
2009    6       3       10.611698
2009    6       4       9.633959
2009    6       5       9.80643
2009    6       6       9.097013
2009    6       7       9.458785
2009    7       0       10.00667
2009    7       1       10.866357
2009    7       2       11.134585
2009    7       3       9.796268
2009    7       4       14.662653
2009    7       5       16.167413
2009    7       6       12.584684
2009    7       7       12.200889
2009    8       0       12.800343
2009    8       1       13.517202
2009    8       2       14.798533
2009    8       3       17.236597
2009    8       4       17.087815
2009    8       5       15.338342
2009    8       6       10.248751
2009    8       7       9.196452
2009    9       0       9.696312
2009    9       1       9.694063
2009    9       2       9.476962
2009    9       3       10.080039
2009    9       4       9.330975
2009    9       5       8.070015
2009    9       6       6.248233
2009    9       7       6.505255
2009    10      0       6.776183
2009    10      1       6.489663
2009    10      2       7.598585
2009    10      3       7.190498
2009    10      4       6.546076
2009    10      5       5.441042
2009    10      6       3.851294
2009    10      7       4.809029
2009    11      0       4.780406
2009    11      1       3.196141
2009    11      2       2.641715
2009    11      3       3.714274
2009    11      4       3.480359
2009    11      5       2.126295
2009    11      6       1.805509
2009    11      7       3.860034
2009    12      0       4.169309
2009    12      1       4.159517
2009    12      2       4.893991
2009    12      3       5.50421
2009    12      4       5.09633
2009    12      5       3.988346
2009    12      6       3.664012
2009    12      7       3.817335
2009    13      0       3.203357
2009    13      1       4.6877
2009    13      2       4.598662
2009    13      3       5.814651
2009    13      4       7.52523
2009    13      5       7.417201
2009    13      6       6.254641
2009    13      7       6.154805
2009    14      0       5.639765
2009    14      1       9.216961
2009    14      2       10.035604
2009    14      3       11.904179
2009    14      4       14.039835
2009    14      5       12.883613
2009    14      6       7.679635
2009    14      7       6.889081
2009    15      0       7.602559
2009    15      1       9.493692
2009    15      2       11.702486
2009    15      3       11.968539
2009    15      4       11.027251
2009    15      5       10.504652
2009    15      6       9.810538
2009    15      7       11.468039
2009    16      0       12.56735
2009    16      1       13.672516
2009    16      2       12.006134
2009    16      3       9.958257
2009    16      4       9.165579
2009    16      5       8.220294
2009    16      6       8.633482
2009    16      7       10.762153
2009    17      0       10.67704
2009    17      1       10.040218
2009    17      2       9.32483
2009    17      3       8.498743
2009    17      4       7.638236
2009    17      5       6.722042
2009    17      6       7.085103
2009    17      7       8.604012
2009    18      0       7.606943
2009    18      1       5.583894
2009    18      2       4.521711
2009    18      3       5.45473
2009    18      4       7.19406
2009    18      5       7.336341
2009    18      6       8.002413
2009    18      7       11.044455
2009    19      0       11.176487
2009    19      1       9.78174
2009    19      2       9.478618
2009    19      3       11.213028
2009    19      4       12.491937
2009    19      5       14.962602
2009    19      6       11.914261
2009    19      7       10.292008
2009    20      0       8.553505
2009    20      1       6.51195
2009    20      2       4.898565
2009    20      3       4.811189
2009    20      4       3.673153
2009    20      5       1.871124
2009    20      6       0.54523
2009    20      7       2.343013
2009    21      0       2.77116
2009    21      1       3.30406
2009    21      2       5.015389
2009    21      3       4.255143
2009    21      4       3.301027
2009    21      5       3.18587
2009    21      6       3.041024
2009    21      7       3.650582
2009    22      0       1.793062
2009    22      1       1.025429
2009    22      2       3.189204
2009    22      3       2.369095
2009    22      4       2.415333
2009    22      5       1.855894
2009    22      6       1.003382
2009    22      7       1.810528
2009    23      0       4.544123
2009    23      1       8.183821
2009    23      2       6.948615
2009    23      3       5.623452
2009    23      4       6.964203
2009    23      5       8.232333
2009    23      6       7.275663
2009    23      7       7.823401
2009    24      0       7.871559
2009    24      1       7.827775
2009    24      2       8.402523
2009    24      3       9.595193
2009    24      4       12.534286
2009    24      5       11.209666
2009    24      6       8.275164
2009    24      7       6.459637
2009    25      0       6.059271
2009    25      1       5.139474
2009    25      2       8.29807
2009    25      3       11.50198
2009    25      4       9.186691
2009    25      5       6.252663
2009    25      6       2.118963
2009    25      7       1.832509
2009    26      0       2.344186
2009    26      1       4.045922
2009    26      2       6.548658
2009    26      3       7.976138
2009    26      4       8.906509
2009    26      5       8.418207
2009    26      6       4.618898
2009    26      7       3.091178
2009    27      0       2.430653
2009    27      1       1.882486
2009    27      2       0.378332
2009    27      3       2.097374
2009    27      4       3.230672
2009    27      5       3.054011
2009    27      6       2.879171
2009    27      7       3.489091
2009    28      0       4.939417
2009    28      1       6.76032
2009    28      2       6.739297
2009    28      3       6.923848
2009    28      4       10.41866
2009    28      5       11.319917
2009    28      6       5.97157
2009    28      7       3.483131
2009    29      0       2.923982
2009    29      1       2.740064
2009    29      2       1.665741
2009    29      3       3.655038
2009    29      4       5.558307
2009    29      5       6.96602
2009    29      6       6.269079
2009    29      7       6.188474
2009    30      0       6.459638
2009    30      1       5.625526
2009    30      2       5.070785
2009    30      3       5.215287
2009    30      4       5.194149
2009    30      5       6.566967
2009    30      6       4.842347
2009    30      7       3.308965
2009    31      0       4.798989
2009    31      1       5.209046
2009    31      2       4.71189
2009    31      3       2.77929
2009    31      4       3.072173
2009    31      5       5.320723
2009    31      6       4.659943
2009    31      7       4.040407
