####################################################################################################
# Month: 03Mar                                                                                     #
# Station: GLT                                                                                     #
# Columns are: year    day     RH (percent)                                                        #
####################################################################################################
9       1       0.78691637
9       2       0.92688525
9       3       0.99324912
9       4       0.99381062
9       5       0.95869175
9       6       0.84575425
9       7       0.89233562
9       8       1.019084
9       9       0.941798
9       10      0.929814
9       11      0.62345512
9       12      0.658891
9       13      0.42254562
9       14      0.232235
9       15      0.19276138
9       16      0.33199275
9       17      0.42327275
9       18      0.30830287
9       19      0.865416
9       20      0.72800825
9       21      0.65390337
9       22      0.97348025
9       23      0.980337
9       24      0.88876975
9       25      0.98096625
9       26      0.92008225
9       27      0.94350662
9       28      1.018635
9       29      0.93605412
9       30      0.8751495
9       31      0.63771538
