####################################################################################################
# Month: 03Mar                                                                                     #
# Station: GLT                                                                                     #
# Columns are: year    day     segment         windspeed (m/s)                                     #
####################################################################################################
2009    1       0       7.633211
2009    1       1       8.452497
2009    1       2       7.851902
2009    1       3       6.427135
2009    1       4       4.554131
2009    1       5       2.952183
2009    1       6       0.396692
2009    1       7       4.448171
2009    2       0       6.593122
2009    2       1       8.18745
2009    2       2       9.148971
2009    2       3       9.377222
2009    2       4       9.323983
2009    2       5       9.573815
2009    2       6       9.376531
2009    2       7       9.360281
2009    3       0       9.438092
2009    3       1       9.404408
2009    3       2       9.859558
2009    3       3       10.387948
2009    3       4       10.209568
2009    3       5       10.74819
2009    3       6       10.737414
2009    3       7       9.909715
2009    4       0       8.772775
2009    4       1       6.958045
2009    4       2       6.526381
2009    4       3       4.456177
2009    4       4       4.021916
2009    4       5       4.454878
2009    4       6       4.237646
2009    4       7       4.475714
2009    5       0       4.847594
2009    5       1       4.645262
2009    5       2       4.59192
2009    5       3       4.817002
2009    5       4       4.436524
2009    5       5       3.859438
2009    5       6       3.136026
2009    5       7       2.717609
2009    6       0       3.208362
2009    6       1       3.307741
2009    6       2       4.071017
2009    6       3       7.191971
2009    6       4       10.203887
2009    6       5       11.233689
2009    6       6       12.909356
2009    6       7       14.399695
2009    7       0       14.264123
2009    7       1       12.706983
2009    7       2       11.47177
2009    7       3       12.396877
2009    7       4       12.341836
2009    7       5       15.412254
2009    7       6       16.057787
2009    7       7       13.51252
2009    8       0       14.370848
2009    8       1       16.379562
2009    8       2       16.434525
2009    8       3       15.779937
2009    8       4       13.860921
2009    8       5       12.594181
2009    8       6       12.292565
2009    8       7       10.981245
2009    9       0       8.376058
2009    9       1       6.128861
2009    9       2       4.436008
2009    9       3       3.451782
2009    9       4       2.672596
2009    9       5       2.040259
2009    9       6       2.180747
2009    9       7       3.081639
2009    10      0       2.938878
2009    10      1       2.055041
2009    10      2       1.51422
2009    10      3       2.030172
2009    10      4       1.859254
2009    10      5       1.255167
2009    10      6       0.982826
2009    10      7       0.617079
2009    11      0       2.828166
2009    11      1       3.842121
2009    11      2       3.454236
2009    11      3       3.600437
2009    11      4       3.960861
2009    11      5       3.878952
2009    11      6       4.148848
2009    11      7       4.192988
2009    12      0       2.520474
2009    12      1       0.815745
2009    12      2       3.630515
2009    12      3       6.866224
2009    12      4       8.425605
2009    12      5       7.950369
2009    12      6       7.761373
2009    12      7       7.401808
2009    13      0       4.205471
2009    13      1       1.541702
2009    13      2       3.156423
2009    13      3       2.81443
2009    13      4       1.331047
2009    13      5       1.584714
2009    13      6       2.414306
2009    13      7       2.48429
2009    14      0       1.922468
2009    14      1       2.761967
2009    14      2       2.652646
2009    14      3       3.212178
2009    14      4       2.407414
2009    14      5       3.067755
2009    14      6       3.62281
2009    14      7       4.001371
2009    15      0       3.36848
2009    15      1       2.679227
2009    15      2       3.343029
2009    15      3       2.978853
2009    15      4       1.558667
2009    15      5       1.369486
2009    15      6       1.26604
2009    15      7       1.945083
2009    16      0       2.468401
2009    16      1       2.066835
2009    16      2       2.056418
2009    16      3       2.363381
2009    16      4       2.744328
2009    16      5       4.420924
2009    16      6       5.460603
2009    16      7       5.503632
2009    17      0       5.424175
2009    17      1       3.871648
2009    17      2       3.177383
2009    17      3       3.277752
2009    17      4       2.055304
2009    17      5       3.390816
2009    17      6       3.786441
2009    17      7       2.61578
2009    18      0       1.993743
2009    18      1       2.44183
2009    18      2       4.932699
2009    18      3       7.158821
2009    18      4       5.757281
2009    18      5       4.930615
2009    18      6       2.739997
2009    18      7       2.363843
2009    19      0       6.212843
2009    19      1       12.713645
2009    19      2       19.764252
2009    19      3       22.929678
2009    19      4       22.80237
2009    19      5       21.183786
2009    19      6       16.94041
2009    19      7       13.685506
2009    20      0       10.211629
2009    20      1       6.402651
2009    20      2       3.632205
2009    20      3       4.305516
2009    20      4       5.982106
2009    20      5       7.912956
2009    20      6       7.966669
2009    20      7       3.445738
2009    21      0       0.482343
2009    21      1       2.006238
2009    21      2       4.605715
2009    21      3       6.530445
2009    21      4       7.23569
2009    21      5       3.158058
2009    21      6       0.999824
2009    21      7       0.610468
2009    22      0       0.742033
2009    22      1       2.567157
2009    22      2       4.888904
2009    22      3       5.518645
2009    22      4       5.895309
2009    22      5       6.496245
2009    22      6       6.999949
2009    22      7       8.28735
2009    23      0       9.588496
2009    23      1       9.229461
2009    23      2       8.938471
2009    23      3       8.441461
2009    23      4       6.725146
2009    23      5       4.721397
2009    23      6       3.116364
2009    23      7       0.997211
2009    24      0       2.349019
2009    24      1       3.867116
2009    24      2       4.595477
2009    24      3       4.369566
2009    24      4       3.01772
2009    24      5       1.04783
2009    24      6       1.73768
2009    24      7       4.891755
2009    25      0       6.756108
2009    25      1       6.677118
2009    25      2       6.926024
2009    25      3       6.289084
2009    25      4       4.058058
2009    25      5       3.380137
2009    25      6       3.804227
2009    25      7       4.053294
2009    26      0       3.546878
2009    26      1       2.824222
2009    26      2       2.521528
2009    26      3       2.305643
2009    26      4       2.020368
2009    26      5       1.813067
2009    26      6       1.432733
2009    26      7       1.973276
2009    27      0       2.503276
2009    27      1       1.363041
2009    27      2       1.314697
2009    27      3       2.676383
2009    27      4       4.394441
2009    27      5       5.909993
2009    27      6       6.924276
2009    27      7       6.462219
2009    28      0       5.397685
2009    28      1       4.662108
2009    28      2       2.618886
2009    28      3       3.196503
2009    28      4       6.254961
2009    28      5       8.396323
2009    28      6       9.143349
2009    28      7       9.246676
2009    29      0       9.506964
2009    29      1       9.614853
2009    29      2       8.988264
2009    29      3       8.866048
2009    29      4       9.636607
2009    29      5       10.098582
2009    29      6       10.792049
2009    29      7       11.741584
2009    30      0       12.250242
2009    30      1       12.16228
2009    30      2       13.02026
2009    30      3       14.258804
2009    30      4       14.096715
2009    30      5       13.862214
2009    30      6       13.716085
2009    30      7       13.288093
2009    31      0       13.266016
2009    31      1       13.428619
2009    31      2       12.807017
2009    31      3       13.447393
2009    31      4       14.600904
2009    31      5       14.973926
2009    31      6       15.068215
2009    31      7       15.866667
