####################################################################################################
# Month: 04Apr                                                                                     #
# Station: WF                                                                                      #
# Frequency: 230 GHz                                                                               #
# Columns are: year    day     tau     Tb (K)                                                      #
####################################################################################################
2009    1       0.85918336      154.00265
2009    2       1.40430562      204.801125
2009    3       2.00085363      233.58435
2009    4       1.46265006      199.7359
2009    5       0.8862303       159.9176125
2009    6       1.0879273       174.419675
2009    7       1.35040826      192.6571875
2009    8       0.58526659      119.4975375
2009    9       0.58594521      119.9950875
2009    10      0.55348867      116.1764125
2009    11      1.4646594       205.0202
2009    12      0.51834466      108.1530425
2009    13      0.48044451      103.7824425
2009    14      0.44189488      98.77470625
2009    15      0.37777341      87.75439125
2009    16      0.45785058      101.505555
2009    17      0.54772805      114.47645625
2009    18      1.10656586      182.058925
2009    19      0.79892496      141.62132
2009    20      0.47990318      103.76416875
2009    21      2.06191374      227.4000625
2009    22      1.7851475       224.14825
2009    23      1.08890789      178.4309375
2009    24      0.75522735      145.6532625
2009    25      1.16335446      187.993625
2009    26      1.96500588      241.696925
2009    27      1.55556862      219.839125
2009    28      1.47960912      219.683525
2009    29      0.86220059      134.095965
2009    30      0.59307466      122.2262125
2010    1       1.15544475      189.277475
2010    2       1.26485125      201.1333875
2010    3       1.336756        208.45175
2010    4       1.0205801       176.0968375
2010    5       0.75828841      146.525725
2010    6       1.11875469      184.9231375
2010    7       1.64950312      226.5619375
2010    8       1.8302505       233.3683625
2010    9       2.63542763      252.850975
2010    10      0.78317381      145.0897125
2010    11      0.88888501      158.3467875
2010    12      0.62960604      127.5623125
2010    13      0.58708464      120.3721875
2010    14      0.51857941      110.58003875
2010    15      0.54391175      114.77168125
2010    16      0.96489628      164.01305
2010    17      1.33702025      197.902475
2010    18      0.97503081      167.13
2010    19      0.84862743      153.8589125
2010    20      0.95729156      168.059475
2010    21      0.84406156      157.097075
2010    22      1.21838606      192.648575
2010    23      1.08738696      180.7411
2010    24      0.61003775      125.8607625
2010    25      0.8825399       159.3090875
2010    26      1.17339312      189.574025
2010    27      1.48198875      208.8315625
2010    28      0.80403145      147.1945875
2010    29      0.69402688      134.6403625
2010    30      0.59386296      123.705025
2011    1       1.1437008       180.5016125
2011    2       0.78417095      145.4831375
2011    3       0.51205878      107.8112575
2011    4       0.92428972      148.53467625
2011    5       2.13030249      240.0782125
2011    6       0.599525        120.91016625
2011    7       0.39861729      88.22393625
2011    8       0.37005955      85.413345
2011    9       0.53738974      113.5863
2011    10      0.83199445      154.4613625
2011    11      2.04961875      240.543325
2011    12      1.57885174      206.1900125
2011    13      1.15593399      182.2007625
2011    14      1.25468336      191.171625
2011    15      0.41466423      91.089805
2011    16      0.52861529      107.352355
2011    17      1.78994886      215.35325
2011    18      0.81572818      149.427075
2011    19      1.17328134      187.165
2011    20      2.51663112      237.198025
2011    21      1.13553639      162.401775
2011    22      0.47361024      102.9218675
2011    23      1.25835149      166.3465375
2011    24      1.99119312      237.3827125
2011    25      1.67960712      223.026275
2011    26      2.58042525      257.0186
2011    27      2.83591838      266.8094375
2011    28      2.7917955       267.0429125
2011    29      1.32586942      195.2983
2011    30      1.02256544      173.114275
2012    1       0.66047721      130.1441625
2012    2       0.98392204      162.958225
2012    3       0.4359639       97.19036125
2012    4       0.59510606      121.21339375
2012    5       0.71103461      136.7058875
2012    6       0.48532814      104.9080275
2012    7       0.56100912      115.4800025
2012    8       0.69629801      134.6547375
2012    9       0.91423224      161.62265
2012    10      0.78500934      146.4888
2012    11      0.76734475      144.4251
2012    12      0.94959272      163.800925
2012    13      0.75279958      140.706925
2012    14      0.58081359      120.5897175
2012    15      1.14181412      184.2913
2012    16      2.000982        243.6423
2012    17      1.10776696      188.093725
2012    18      0.7052967       139.408625
2012    19      0.63941171      131.6947625
2012    20      0.99121015      174.457075
2012    21      1.949468        236.5212875
2012    22      1.909126        234.8216625
2012    23      2.73245025      255.534275
2012    24      1.0880873       177.09875
2012    25      0.77008664      145.3982
2012    26      0.77878264      147.223475
2012    27      1.30650795      189.17515
2012    28      0.52942889      110.90271875
2012    29      0.36368031      83.96873375
2012    30      0.45703271      101.57269
2013    1       1.24330784      184.8132875
2013    2       0.41101635      89.4816825
2013    3       0.34816756      79.5071175
2013    4       0.33862605      78.73216
2013    5       0.48504884      104.97184125
2013    6       0.39116992      87.06226625
2013    7       0.56844964      115.55690375
2013    8       0.91688975      164.220925
2013    9       1.31528085      194.059175
2013    10      1.41870625      207.344
2013    11      1.35424205      194.58185
2013    12      1.03890701      175.6461875
2013    13      1.12080003      180.3940125
2013    14      0.75254326      143.3378
2013    15      0.67564994      133.5244375
2013    16      1.04504405      175.982275
2013    17      1.1144447       173.77955
2013    18      0.60127131      124.8603375
2013    19      1.81407858      226.9288125
2013    20      1.88354462      211.2888875
2013    21      0.50324649      108.00490125
2013    22      0.38114729      86.8809675
2013    23      1.37050203      174.856125
2013    24      1.98381412      232.752025
2013    25      1.03696561      170.9582875
2013    26      0.50631588      109.1531525
2013    27      0.7642664       146.3678125
2013    28      0.70592175      140.012225
2013    29      0.74848122      145.0430375
2013    30      0.46897636      101.8074425
2014    1       0.52175722      115.042525
2014    2       0.63755531      126.24842
2014    3       0.50762379      108.7939825
2014    4       0.58961882      123.461575
2014    5       1.11821788      181.14055
2014    6       0.48001048      104.63171
2014    7       0.52576079      111.45105875
2014    8       1.76267634      222.337825
2014    9       0.76790239      143.928935
2014    10      0.42998575      94.45503875
2014    11      0.99522115      170.6044375
2014    12      1.01749101      171.1922625
2014    13      1.02725386      170.53605
2014    14      1.79952262      235.398525
2014    15      2.53510588      256.9354375
2014    16      0.93877848      142.80107875
2014    17      0.31914345      77.329305
2014    18      0.34871828      78.9846975
2014    19      0.74935158      143.4428625
2014    20      0.43270403      96.6383575
2014    21      0.82233778      152.3457625
2014    22      1.02518254      175.2821125
2014    23      1.45168025      208.7284125
2014    24      0.72471532      139.4555125
2014    25      0.7222943       141.118125
2014    26      1.14663859      180.733075
2014    27      1.42268921      200.8813375
2014    28      0.89409088      160.5322875
2014    29      1.36055825      202.5151125
2014    30      1.33670784      201.2558125
2015    1       0.30002586      71.17311375
2015    2       0.47678251      99.33025125
2015    3       1.19224806      188.7201625
2015    4       1.02871761      167.38653625
2015    5       0.39377739      87.50684125
2015    6       0.60680381      120.77262375
2015    7       1.20010318      187.0112375
2015    8       0.72032139      132.00410875
2015    9       1.10095935      186.818575
2015    10      2.09101988      236.576325
2015    11      0.96491045      163.9334375
2015    12      0.55510727      117.30594125
2015    13      0.60129984      126.3100125
2015    14      0.95549964      165.3020125
2015    15      0.51625188      112.2017825
2015    16      0.41216882      94.02982125
2015    17      1.2778374       188.08185
2015    18      1.02104265      175.3257
2015    19      0.65856624      131.7600625
2015    20      1.12799265      172.6603375
2015    21      2.32885675      242.3722625
2015    22      0.80360161      150.4532375
2015    23      0.91657704      160.0492125
2015    24      0.66773024      129.71495
2015    25      0.61840479      124.3494375
2015    26      0.80484276      150.580425
2015    27      0.9945609       170.3056375
2015    28      0.87437694      157.7342
2015    29      1.16413088      187.7556125
2015    30      1.147727        186.802875
2016    1       2.39736175      252.8315375
2016    2       1.23626751      188.0766375
2016    3       0.54043775      106.17566875
2016    4       0.52228926      106.9165725
2016    5       0.28720238      67.93598875
2016    6       0.32592376      74.3275075
2016    7       1.58996474      204.0855375
2016    8       1.18136163      180.9053
2016    9       0.44396452      96.70330625
2016    10      0.34400814      78.36296375
2016    11      0.81623732      145.2085225
2016    12      1.46284484      206.309675
2016    13      0.50100549      108.41673875
2016    14      0.5420268       113.989925
2016    15      0.3781274       87.637845
2016    16      0.42053806      95.19769375
2016    17      0.59729474      124.17525
2016    18      0.83267831      156.4868625
2016    19      1.240471        186.314475
2016    20      0.62527486      126.66205
2016    21      0.56836861      119.7550675
2016    22      1.62321296      217.238375
2016    23      1.65257254      215.5787
2016    24      0.48893796      107.07218875
2016    25      0.48904454      103.9760325
2016    26      1.04211289      173.811525
2016    27      0.51870866      111.2572825
2016    28      0.42019416      96.16002375
2016    29      0.85434458      155.5853
2016    30      1.10313915      181.519775
2017    1       1.317016        197.3012875
2017    2       0.73090659      138.3266875
2017    3       0.53697394      113.3081125
2017    4       1.29012898      189.369625
2017    5       1.593655        215.2533
2017    6       1.84698656      223.8107875
2017    7       1.54216499      207.5726375
2017    8       0.74406434      140.4406
2017    9       0.56771756      117.98498875
2017    10      0.7522507       146.297175
2017    11      1.17602054      193.848325
2017    12      1.64524112      224.6685375
2017    13      0.80609388      151.01705
2017    14      0.46232992      100.2709375
2017    15      0.58348412      119.29423
2017    16      1.64648988      225.8350875
2017    17      1.48382816      211.145875
2017    18      0.80696061      149.5560875
2017    19      0.77897706      143.9279
2017    20      1.40033975      206.0579125
2017    21      2.26881975      242.631775
2017    22      2.43496762      248.0989
2017    23      0.8000945       150.492375
2017    24      0.66588415      135.704275
2017    25      1.33523226      185.7880875
2017    26      3.15674388      267.56845
2017    27      2.61297175      258.7177875
2017    28      2.04938012      246.1565
2017    29      1.29882666      204.35985
2017    30      1.10720636      183.89515
2018    1       0.63789101      124.64938875
2018    2       0.49729565      104.55953125
2018    3       0.67522902      129.6656625
2018    4       2.52919362      242.986525
2018    5       0.37534511      84.13134125
2018    6       0.48567245      96.0135225
2018    7       0.81969062      146.40883875
2018    8       0.37651025      85.4383725
2018    9       0.32556649      75.37788375
2018    10      0.5783292       114.921785
2018    11      0.52345065      109.7957525
2018    12      0.65585319      129.1012625
2018    13      1.23938112      195.8463
2018    14      1.53592169      210.305825
2018    15      1.0803462       176.149675
2018    16      1.54520735      204.604775
2018    17      1.49350151      191.93225
2018    18      0.77411871      144.8429625
2018    19      0.87410262      157.826075
2018    20      0.71679352      137.054525
2018    21      0.57272775      118.4124375
2018    22      0.43167109      96.697475
2018    23      0.43161231      97.48259
2018    24      0.45135986      100.51283625
2018    25      1.42887311      195.048305
2018    26      1.84760975      228.6383125
2018    27      1.16925924      188.6249625
2018    28      1.78432962      221.5242875
2018    29      1.25617362      194.7973125
2018    30      1.03653893      173.04195
