####################################################################################################
# Month: 12Dec                                                                                     #
# Station: BGK                                                                                     #
# Frequency: 230 GHz                                                                               #
# Columns are: year    day     tau     Tb (K)                                                      #
####################################################################################################
2009    1       0.42351602      90.4366725
2009    2       0.77556696      140.183025
2009    3       0.91098172      157.316325
2009    4       0.7957009       143.9094125
2009    5       0.94197566      160.863625
2009    6       0.97657194      162.5262875
2009    7       1.33945362      195.274875
2009    8       1.3479426       194.222
2009    9       1.00765861      167.811325
2009    10      0.63020125      124.537635
2009    11      1.50776732      195.7328375
2009    12      1.54138034      206.725675
2009    13      1.04813531      167.48355
2009    14      0.98149569      153.4697125
2009    15      0.49656967      107.959785
2009    16      0.8714632       153.891575
2009    17      0.41936925      75.15635125
2009    18      0.15925039      41.98711625
2009    19      0.14516415      38.60522625
2009    20      0.1175736       32.30877625
2009    21      0.32845931      72.3732975
2009    22      0.51011245      103.8163225
2009    23      0.49343114      100.96709625
2009    24      0.80140184      142.4234375
2009    25      0.87124681      151.13625
2009    26      0.64428214      123.073875
2009    27      0.7080421       131.564525
2009    28      0.64255089      122.6203
2009    29      0.3955233       84.9443375
2009    30      0.42393804      87.004565
2009    31      0.68597009      132.2184375
2010    1       0.32886595      74.74008
2010    2       0.1536434       40.80229875
2010    3       0.2206464       54.8214725
2010    4       0.31085925      70.8823325
2010    5       0.36960322      82.89354625
2010    6       0.35210823      77.45928125
2010    7       0.24896776      60.00305125
2010    8       0.94867708      157.80204875
2010    9       1.7568215       215.35
2010    10      1.41390312      199.533275
2010    11      0.98131906      136.37027
2010    12      1.28589584      192.619475
2010    13      0.41130892      91.101535
2010    14      2.32566238      243.6875
2010    15      0.23020418      54.57315625
2010    16      0.105259        29.73967125
2010    17      0.40418998      82.2791975
2010    18      0.8487448       148.7040375
2010    19      0.67205945      125.35291375
2010    20      0.52291796      105.51695875
2010    21      0.42326264      88.756385
2010    22      0.51031912      101.90592875
2010    23      0.29434283      66.74502
2010    24      0.38294118      85.3428825
2010    25      0.51144661      106.55619625
2010    26      1.35626455      190.103125
2010    27      0.65946765      126.4999175
2010    28      0.66589144      127.8633825
2010    29      0.45301384      96.8241625
2010    30      1.67374854      208.15995
2010    31      0.52078797      100.8353175
2011    1       0.44388232      93.14085125
2011    2       0.45107149      95.46693125
2011    3       0.54706118      109.5565775
2011    4       0.43268401      91.751065
2011    5       0.2942561       67.33972375
2011    6       0.36226154      79.1393825
2011    7       0.36546221      80.37182875
2011    8       0.43817499      90.8927
2011    9       0.3133002       70.57006
2011    10      0.39494449      85.12997375
2011    11      0.59807916      118.46951375
2011    12      0.89750808      155.96985
2011    13      0.72331594      134.516925
2011    14      0.6651974       126.53733625
2011    15      0.58488481      115.7373
2011    16      0.53877085      107.86791375
2011    17      0.54277544      106.7889025
2011    18      0.71556755      127.90016375
2011    19      0.56176984      111.56742125
2011    20      0.45563326      96.07122625
2011    21      0.53947871      107.0457825
2011    22      0.76610038      137.71031625
2011    23      0.47476544      98.14625875
2011    24      0.5603389       111.41091875
2011    25      0.36708878      81.29631
2011    26      0.37643286      82.35264
2011    27      0.59979664      108.09260375
2011    28      0.56366581      113.10408875
2011    29      0.60711719      118.53630875
2011    30      0.63326672      122.3787075
2011    31      0.95561598      162.3671875
2012    1       0.58680199      116.438115
2012    2       0.79829561      144.3854
2012    3       0.84625674      149.11345
2012    4       1.06795335      173.2601125
2012    5       0.76150802      138.6372125
2012    6       0.75312439      136.439265
2012    7       1.01363599      162.11000875
2012    8       0.7598476       139.431875
2012    9       0.61029696      117.3917625
2012    10      0.77324722      142.91255
2012    11      0.72569342      138.012975
2012    12      0.45270703      98.7472525
2012    13      0.35799415      82.52367375
2012    14      0.57784762      108.0540825
2012    15      0.84822015      147.3562
2012    16      0.74738266      137.5321625
2012    17      0.53269026      108.61062375
2012    18      0.67532168      127.447285
2012    19      0.4383277       95.35376875
2012    20      0.8405628       153.053075
2012    21      0.72027728      137.94435
2012    22      0.82660236      149.815275
2012    23      0.59723191      119.4663
2012    24      0.7088043       132.096075
2012    25      0.52645075      106.19769125
2012    26      0.48345531      99.5876375
2012    27      0.62979476      121.30213375
2012    28      0.94355039      159.3027375
2012    29      0.87620578      153.41895
2012    30      0.69204455      131.1315
2012    31      0.71452242      132.8371125
2013    1       1.0548286       163.3599875
2013    2       0.53361144      106.4675625
2013    3       0.33687578      75.46314
2013    4       0.43025777      89.473515
2013    5       0.21367684      51.28936625
2013    6       0.17598586      44.3659725
2013    7       0.2146771       52.78144875
2013    8       0.69722381      129.095665
2013    9       0.63986199      123.3818
2013    10      0.6366685       121.8293175
2013    11      0.63250298      122.8472125
2013    12      0.49167257      101.82849375
2013    13      0.66799948      123.00415375
2013    14      0.87446334      152.1872875
2013    15      0.70701209      133.319175
2013    16      0.38748724      85.36000625
2013    17      0.60841334      118.416155
2013    18      0.79982914      140.75058375
2013    19      0.57296086      112.7477375
2013    20      0.52292682      107.42058125
2013    21      1.08141567      171.8361375
2013    22      1.22049038      186.76955
2013    23      0.9939272       165.0683125
2013    24      0.66669068      127.65
2013    25      0.86339276      150.246075
2013    26      0.68522756      129.5588625
2013    27      0.79722695      142.523025
2013    28      0.60526801      118.82598
2013    29      0.44045932      94.4261125
2013    30      0.8125365       145.1892
2013    31      1.20230487      185.4474125
2014    1       0.64338624      124.2259775
2014    2       0.75120342      132.9272225
2014    3       0.43139651      92.5111125
2014    4       0.54706224      109.99581
2014    5       0.58130316      113.4376525
2014    6       0.67258813      128.06249125
2014    7       0.4866068       100.60810125
2014    8       0.58966405      116.34231375
2014    9       0.68355746      128.27267625
2014    10      0.67675965      126.78245
2014    11      0.54978739      109.89287625
2014    12      0.54746079      109.14343
2014    13      0.50225764      103.68005125
2014    14      0.44832664      93.9769775
2014    15      0.36592819      80.34682375
2014    16      0.66447146      123.99011875
2014    17      0.71806326      133.2936375
2014    18      0.67500378      128.41418125
2014    19      0.74553841      137.413175
2014    20      0.73305819      132.4222325
2014    21      0.68094162      125.09904
2014    22      0.99958119      166.6742375
2014    23      0.82311492      147.0257
2014    24      0.70042776      129.6788375
2014    25      0.74038345      136.448625
2014    26      0.67619726      127.3837
2014    27      0.57714598      113.62412375
2014    28      1.23345486      180.695525
2014    29      1.63064589      206.96085
2014    30      0.76380878      141.0067875
2014    31      1.03637742      164.36925
2015    1       0.57161339      113.21022375
2015    2       0.56804498      111.92062375
2015    3       0.69277836      130.2458
2015    4       0.67538582      128.36635
2015    5       0.71295546      132.93515
2015    6       0.26461256      62.10931
2015    7       0.35351079      77.779365
2015    8       1.18932072      183.6946375
2015    9       0.57244603      112.92380125
2015    10      0.94456702      160.539525
2015    11      0.61463731      118.178655
2015    12      0.30585152      71.24966875
2015    13      0.79709785      142.6776625
2015    14      1.13967725      179.57805
2015    15      1.07266402      172.6293625
2015    16      0.93047396      162.107675
2015    17      0.9120224       158.685625
2015    18      0.50247688      105.09186875
2015    19      0.7116185       133.1139575
2015    20      0.72609609      135.7734375
2015    21      0.58592828      117.095735
2015    22      0.85539721      151.6705625
2015    23      0.81666964      146.2187625
2015    24      0.52374805      105.93708
2015    25      0.26170453      61.45862625
2015    26      0.59234743      111.492865
2015    27      0.69687762      132.14115
2015    28      0.91114555      154.5676875
2015    29      0.5860683       116.78561
2015    30      1.03823659      167.52555
2015    31      0.55651949      111.7654525
2016    1       0.88075798      151.0230625
2016    2       1.62624388      212.786175
2016    3       1.79645062      222.9047375
2016    4       1.4685091       201.343475
2016    5       1.21655535      186.9584625
2016    6       0.68334228      132.1715
2016    7       0.83730445      147.9403625
2016    8       1.14583279      176.9731125
2016    9       0.9472242       162.9417625
2016    10      1.30061631      193.0331375
2016    11      1.09223149      173.056425
2016    12      0.8543517       150.6585
2016    13      0.89253198      157.2418125
2016    14      1.07618066      174.3922375
2016    15      0.94163518      161.465475
2016    16      1.02369567      162.1151625
2016    17      1.34239296      185.948325
2016    18      1.05968741      164.8346875
2016    19      0.5602844       113.1673625
2016    20      0.85128286      150.3642875
2016    21      0.41249441      89.16466
2016    22      0.66277034      125.404975
2016    23      0.52220898      107.02452375
2016    24      0.78121398      141.5123125
2016    25      0.75574214      137.8492125
2016    26      0.66740185      126.74309375
2016    27      1.46060556      191.434785
2016    28      0.47376294      99.3192825
2016    29      0.87001639      146.82799375
2016    30      0.50949445      103.19704875
2016    31      0.44798385      94.48338875
2017    1       1.67309148      208.8986625
2017    2       0.32007344      71.463275
2017    3       0.64273461      121.4208575
2017    4       1.11917396      177.4713625
2017    5       0.70880771      128.44961875
2017    6       0.52689738      106.04618625
2017    7       0.31525389      70.930465
2017    8       0.21890981      51.927515
2017    9       0.19290635      49.68877
2017    10      0.2480662       60.6884275
2017    11      0.25797859      62.3469425
2017    12      0.787591        143.8590625
2017    13      1.07588636      173.9200625
2017    14      0.6444502       124.54134375
2017    15      0.46867239      98.40922875
2017    16      0.76573773      133.68885625
2017    17      0.75640006      139.32615
2017    18      1.0863631       174.5490875
2017    19      0.68007752      128.612575
2017    20      0.66700768      126.5135375
2017    21      0.47218166      99.1201125
2017    22      0.97832934      159.626875
2017    23      0.77894329      139.2497125
2017    24      0.61505975      119.153925
2017    25      0.56148109      110.97780375
2017    26      0.50194364      102.2850525
2017    27      0.4789164       99.4169475
2017    28      0.33184672      74.654645
2017    29      0.3917429       85.70231125
2017    30      0.34357769      76.9471275
2017    31      0.65203785      124.7737475
2018    1       0.58323524      115.0226625
2018    2       0.36887779      81.34982125
2018    3       0.30974922      70.69958125
2018    4       0.5528141       111.14276
2018    5       0.76119708      138.9113875
2018    6       0.62944966      121.99024125
2018    7       0.85228283      151.49495
2018    8       0.80146642      144.8716
2018    9       0.38184834      84.70707125
2018    10      0.87448059      151.9779125
2018    11      1.36753401      195.4955
2018    12      0.97455879      164.692425
2018    13      0.89941264      157.6644375
2018    14      1.03967649      167.0650375
2018    15      0.79906944      147.209825
2018    16      1.04687214      168.9930375
2018    17      0.70626372      136.016475
2018    18      1.03457361      164.3141125
2018    19      0.81134779      147.2177875
2018    20      1.34489938      197.3824625
2018    21      0.78119195      145.2586625
2018    22      0.70476371      134.8382125
2018    23      1.2039517       185.3741875
2018    24      1.49830138      208.024625
2018    25      1.52097316      200.435875
2018    26      1.28481631      192.452825
2018    27      0.94402926      160.805975
2018    28      0.82415813      146.6224625
2018    29      1.01847639      168.1550375
2018    30      0.82214748      146.742475
2018    31      0.49126984      93.87421625
