####################################################################################################
# Month: 05May                                                                                     #
# Station: OVRO                                                                                    #
# Columns are: year    day     segment         windspeed (m/s)                                     #
####################################################################################################
2009    1       0       6.465326
2009    1       1       6.799117
2009    1       2       7.581501
2009    1       3       7.223212
2009    1       4       7.005778
2009    1       5       8.278385
2009    1       6       7.474243
2009    1       7       8.430101
2009    2       0       9.486357
2009    2       1       13.599096
2009    2       2       16.475157
2009    2       3       15.812382
2009    2       4       15.054608
2009    2       5       13.388559
2009    2       6       8.984895
2009    2       7       8.485045
2009    3       0       9.240782
2009    3       1       12.884704
2009    3       2       16.175805
2009    3       3       17.312916
2009    3       4       13.702212
2009    3       5       11.303141
2009    3       6       11.266817
2009    3       7       11.287734
2009    4       0       12.062005
2009    4       1       10.043925
2009    4       2       11.153854
2009    4       3       9.469314
2009    4       4       8.515189
2009    4       5       5.988297
2009    4       6       5.598721
2009    4       7       7.08373
2009    5       0       8.32176
2009    5       1       11.315005
2009    5       2       14.687398
2009    5       3       17.425229
2009    5       4       17.299221
2009    5       5       14.196839
2009    5       6       9.725419
2009    5       7       8.228726
2009    6       0       7.205391
2009    6       1       6.66434
2009    6       2       3.456361
2009    6       3       4.275328
2009    6       4       7.422824
2009    6       5       10.012742
2009    6       6       7.555021
2009    6       7       8.296388
2009    7       0       8.645772
2009    7       1       7.74967
2009    7       2       6.642999
2009    7       3       6.222401
2009    7       4       6.580958
2009    7       5       6.871582
2009    7       6       4.914431
2009    7       7       5.351783
2009    8       0       4.798562
2009    8       1       8.956252
2009    8       2       1.978701
2009    8       3       1.958788
2009    8       4       4.156785
2009    8       5       4.149828
2009    8       6       2.84325
2009    8       7       2.329982
2009    9       0       3.050401
2009    9       1       1.978595
2009    9       2       0.324444
2009    9       3       4.59578
2009    9       4       4.920031
2009    9       5       4.120832
2009    9       6       4.487849
2009    9       7       6.259206
2009    10      0       2.75507
2009    10      1       6.453848
2009    10      2       4.621715
2009    10      3       3.28909
2009    10      4       3.871107
2009    10      5       2.243318
2009    10      6       1.158655
2009    10      7       2.738908
2009    11      0       3.632504
2009    11      1       4.473106
2009    11      2       3.422609
2009    11      3       2.176228
2009    11      4       3.642365
2009    11      5       3.643291
2009    11      6       3.078157
2009    11      7       4.660857
2009    12      0       7.261133
2009    12      1       10.205883
2009    12      2       9.250856
2009    12      3       10.644954
2009    12      4       12.187514
2009    12      5       10.340153
2009    12      6       5.40404
2009    12      7       5.603527
2009    13      0       6.868285
2009    13      1       8.945357
2009    13      2       7.156877
2009    13      3       4.586046
2009    13      4       5.102582
2009    13      5       2.955275
2009    13      6       2.163231
2009    13      7       2.907263
2009    14      0       4.441309
2009    14      1       5.873501
2009    14      2       4.982058
2009    14      3       2.010004
2009    14      4       3.374696
2009    14      5       2.026231
2009    14      6       1.185378
2009    14      7       1.205222
2009    15      0       2.981253
2009    15      1       2.981457
2009    15      2       6.470449
2009    15      3       6.192463
2009    15      4       4.610804
2009    15      5       3.220784
2009    15      6       0.855705
2009    15      7       1.266067
2009    16      0       0.817506
2009    16      1       3.109331
2009    16      2       4.89612
2009    16      3       3.811413
2009    16      4       3.652047
2009    16      5       3.40222
2009    16      6       1.841473
2009    16      7       0.987205
2009    17      0       0.986929
2009    17      1       1.850233
2009    17      2       3.91498
2009    17      3       4.464925
2009    17      4       4.625728
2009    17      5       4.115006
2009    17      6       2.63077
2009    17      7       1.70513
2009    18      0       1.440075
2009    18      1       2.085435
2009    18      2       0.336286
2009    18      3       0.906039
2009    18      4       0.72572
2009    18      5       1.396569
2009    18      6       4.183855
2009    18      7       5.043634
2009    19      0       3.38179
2009    19      1       3.810004
2009    19      2       3.851582
2009    19      3       3.948742
2009    19      4       6.024522
2009    19      5       7.17714
2009    19      6       4.978178
2009    19      7       6.661793
2009    20      0       9.652967
2009    20      1       8.828062
2009    20      2       7.580252
2009    20      3       7.938655
2009    20      4       8.185006
2009    20      5       6.353343
2009    20      6       3.986632
2009    20      7       4.977778
2009    21      0       4.90668
2009    21      1       6.911035
2009    21      2       2.467639
2009    21      3       1.300121
2009    21      4       1.828726
2009    21      5       2.2201
2009    21      6       3.434479
2009    21      7       3.811385
2009    22      0       3.174737
2009    22      1       5.22139
2009    22      2       2.454784
2009    22      3       1.38583
2009    22      4       2.173474
2009    22      5       3.053294
2009    22      6       2.786729
2009    22      7       2.835261
2009    23      0       3.825954
2009    23      1       5.90062
2009    23      2       3.299655
2009    23      3       1.370881
2009    23      4       2.136248
2009    23      5       1.815326
2009    23      6       3.468344
2009    23      7       3.211772
2009    24      0       4.80509
2009    24      1       7.006087
2009    24      2       5.282897
2009    24      3       3.830689
2009    24      4       2.84769
2009    24      5       0.661125
2009    24      6       2.086396
2009    24      7       4.069761
2009    25      0       4.417212
2009    25      1       5.662388
2009    25      2       3.35031
2009    25      3       1.686535
2009    25      4       2.625841
2009    25      5       2.73423
2009    25      6       1.748776
2009    25      7       1.934207
2009    26      0       2.045484
2009    26      1       4.111253
2009    26      2       7.140031
2009    26      3       4.051329
2009    26      4       2.182768
2009    26      5       1.624221
2009    26      6       0.911219
2009    26      7       1.126945
2009    27      0       2.032923
2009    27      1       2.782479
2009    27      2       4.314562
2009    27      3       3.575204
2009    27      4       3.49143
2009    27      5       3.822856
2009    27      6       3.053519
2009    27      7       3.19156
2009    28      0       2.118942
2009    28      1       1.74305
2009    28      2       0.7533
2009    28      3       1.829289
2009    28      4       2.121855
2009    28      5       2.151605
2009    28      6       4.414285
2009    28      7       4.539571
2009    29      0       4.08411
2009    29      1       3.158757
2009    29      2       0.749778
2009    29      3       2.158392
2009    29      4       4.240331
2009    29      5       4.944091
2009    29      6       2.611139
2009    29      7       3.724416
2009    30      0       0.630133
2009    30      1       1.939254
2009    30      2       1.175872
2009    30      3       3.822436
2009    30      4       3.826245
2009    30      5       3.914668
2009    30      6       3.362797
2009    30      7       2.292113
2009    31      0       1.02724
2009    31      1       1.560733
2009    31      2       2.13634
2009    31      3       1.159339
2009    31      4       1.452411
2009    31      5       1.38071
2009    31      6       1.562544
2009    31      7       1.274034
