####################################################################################################
# Month: 01Jan                                                                                     #
# Station: CNI                                                                                     #
# Columns are: year    day     segment         RH (percent)                                        #
####################################################################################################
9       1       0       0.138239
9       1       1       0.222161
9       1       2       0.296994
9       1       3       0.321932
9       1       4       0.297798
9       1       5       0.268208
9       1       6       0.253125
9       1       7       0.249161
9       2       0       0.259779
9       2       1       0.257655
9       2       2       0.254326
9       2       3       0.257878
9       2       4       0.248263
9       2       5       0.237178
9       2       6       0.228218
9       2       7       0.228471
9       3       0       0.23693
9       3       1       0.229866
9       3       2       0.233497
9       3       3       0.230972
9       3       4       0.241125
9       3       5       0.281035
9       3       6       0.30892
9       3       7       0.271083
9       4       0       0.172672
9       4       1       0.106598
9       4       2       0.07726
9       4       3       0.06667
9       4       4       0.102662
9       4       5       0.079232
9       4       6       0.063009
9       4       7       0.053977
9       5       0       0.043759
9       5       1       0.039447
9       5       2       0.043494
9       5       3       0.048431
9       5       4       0.055077
9       5       5       0.081007
9       5       6       0.220587
9       5       7       0.439258
9       6       0       0.532122
9       6       1       0.578755
9       6       2       0.623186
9       6       3       0.656125
9       6       4       0.693103
9       6       5       0.643023
9       6       6       0.200384
9       6       7       0.058943
9       7       0       0.056147
9       7       1       0.054775
9       7       2       0.063825
9       7       3       0.073052
9       7       4       0.110571
9       7       5       0.157978
9       7       6       0.222839
9       7       7       0.335133
9       8       0       0.421024
9       8       1       0.428365
9       8       2       0.542333
9       8       3       0.339569
9       8       4       0.312116
9       8       5       0.282509
9       8       6       0.171667
9       8       7       0.119635
9       9       0       0.071165
9       9       1       0.06856
9       9       2       0.137596
9       9       3       0.603974
9       9       4       0.952856
9       9       5       0.903089
9       9       6       0.810556
9       9       7       0.486016
9       10      0       0.232222
9       10      1       0.227172
9       10      2       0.169506
9       10      3       0.194683
9       10      4       0.326152
9       10      5       0.511965
9       10      6       0.465691
9       10      7       0.388381
9       11      0       0.382509
9       11      1       0.462155
9       11      2       0.456369
9       11      3       0.485656
9       11      4       0.385743
9       11      5       0.246585
9       11      6       0.352809
9       11      7       0.381219
9       12      0       0.392549
9       12      1       0.391631
9       12      2       0.329344
9       12      3       0.259399
9       12      4       0.192959
9       12      5       0.180335
9       12      6       0.216618
9       12      7       0.255725
9       13      0       0.26908
9       13      1       0.284444
9       13      2       0.273012
9       13      3       0.230207
9       13      4       0.230375
9       13      5       0.23259
9       13      6       0.200477
9       13      7       0.149548
9       14      0       0.107163
9       14      1       0.074274
9       14      2       0.047493
9       14      3       0.026158
9       14      4       0.029473
9       14      5       0.033546
9       14      6       0.032493
9       14      7       0.046714
9       15      0       0.083384
9       15      1       0.151616
9       15      2       0.4516
9       15      3       0.344667
9       15      4       0.281269
9       15      5       0.195234
9       15      6       0.09821
9       15      7       0.126492
9       16      0       0.103842
9       16      1       0.127508
9       16      2       0.298228
9       16      3       0.397704
9       16      4       0.466086
9       16      5       0.305082
9       16      6       0.307269
9       16      7       0.330928
9       17      0       0.55487
9       17      1       0.701631
9       17      2       0.319904
9       17      3       0.201623
9       17      4       0.203622
9       17      5       0.18626
9       17      6       0.088741
9       17      7       0.029531
9       18      0       0.075871
9       18      1       0.269689
9       18      2       0.382989
9       18      3       0.378363
9       18      4       0.266583
9       18      5       0.085378
9       18      6       0.050086
9       18      7       0.06382
9       19      0       0.047202
9       19      1       0.06559
9       19      2       0.045074
9       19      3       0.026317
9       19      4       0.031476
9       19      5       0.048264
9       19      6       0.052041
9       19      7       0.036518
9       20      0       0.147706
9       20      1       0.400979
9       20      2       0.424839
9       20      3       0.078031
9       20      4       0.083411
9       20      5       0.016039
9       20      6       0.024548
9       20      7       0.027717
9       21      0       0.029789
9       21      1       0.034596
9       21      2       0.031354
9       21      3       0.025347
9       21      4       0.036858
9       21      5       0.080743
9       21      6       0.091195
9       21      7       0.131206
9       22      0       0.314289
9       22      1       0.255649
9       22      2       0.28353
9       22      3       0.552892
9       22      4       0.677425
9       22      5       0.756286
9       22      6       0.566403
9       22      7       0.260292
9       23      0       0.132387
9       23      1       0.094623
9       23      2       0.111416
9       23      3       0.124019
9       23      4       0.128764
9       23      5       0.136201
9       23      6       0.146992
9       23      7       0.169529
9       24      0       0.188387
9       24      1       0.175818
9       24      2       0.139862
9       24      3       0.100462
9       24      4       0.077611
9       24      5       0.072371
9       24      6       0.054595
9       24      7       0.041819
9       25      0       0.034656
9       25      1       0.024314
9       25      2       0.011565
9       25      3       0.002267
9       25      4       0.008718
9       25      5       0.068251
9       25      6       0.188346
9       25      7       0.164339
9       26      0       0.086501
9       26      1       0.081287
9       26      2       0.055257
9       26      3       0.115205
9       26      4       0.179356
9       26      5       0.170876
9       26      6       0.161191
9       26      7       0.150994
9       27      0       0.142533
9       27      1       0.131702
9       27      2       0.110927
9       27      3       0.096313
9       27      4       0.098745
9       27      5       0.099791
9       27      6       0.090254
9       27      7       0.081289
9       28      0       0.079998
9       28      1       0.083201
9       28      2       0.088422
9       28      3       0.10874
9       28      4       0.127151
9       28      5       0.12237
9       28      6       0.109939
9       28      7       0.111626
9       29      0       0.106096
9       29      1       0.092123
9       29      2       0.09055
9       29      3       0.1008
9       29      4       0.114683
9       29      5       0.11181
9       29      6       0.115247
9       29      7       0.093997
9       30      0       0.082758
9       30      1       0.138492
9       30      2       0.664061
9       30      3       0.392679
9       30      4       0.016859
9       30      5       0.008837
9       30      6       0.016534
9       30      7       0.039502
9       31      0       0.09705
9       31      1       0.22197
9       31      2       0.30085
9       31      3       0.272291
9       31      4       0.309237
9       31      5       0.278645
9       31      6       0.211712
9       31      7       0.318492
