####################################################################################################
# Month: 01Jan                                                                                     #
# Station: CNI                                                                                     #
# Columns are: year    day     segment         windspeed (m/s)                                     #
####################################################################################################
2009    1       0       5.827714
2009    1       1       4.051023
2009    1       2       2.056735
2009    1       3       1.448373
2009    1       4       1.720831
2009    1       5       1.482779
2009    1       6       0.835634
2009    1       7       0.720513
2009    2       0       1.078304
2009    2       1       1.037759
2009    2       2       0.729925
2009    2       3       1.246589
2009    2       4       2.515568
2009    2       5       3.035046
2009    2       6       3.172919
2009    2       7       3.914
2009    3       0       4.484552
2009    3       1       4.482587
2009    3       2       4.100902
2009    3       3       4.249474
2009    3       4       4.041782
2009    3       5       3.853409
2009    3       6       4.299084
2009    3       7       5.024016
2009    4       0       5.90883
2009    4       1       5.840392
2009    4       2       6.27101
2009    4       3       6.598644
2009    4       4       6.048998
2009    4       5       5.55298
2009    4       6       6.854896
2009    4       7       8.382317
2009    5       0       8.781089
2009    5       1       9.13231
2009    5       2       9.308236
2009    5       3       8.893116
2009    5       4       9.264793
2009    5       5       9.544767
2009    5       6       9.223573
2009    5       7       10.046108
2009    6       0       8.323679
2009    6       1       8.915191
2009    6       2       9.029125
2009    6       3       10.387045
2009    6       4       10.560824
2009    6       5       11.33753
2009    6       6       10.966911
2009    6       7       12.23277
2009    7       0       12.081032
2009    7       1       12.227379
2009    7       2       11.421616
2009    7       3       9.997444
2009    7       4       9.742923
2009    7       5       9.723212
2009    7       6       11.006312
2009    7       7       11.907929
2009    8       0       12.863544
2009    8       1       12.529864
2009    8       2       11.054975
2009    8       3       9.756344
2009    8       4       9.527088
2009    8       5       10.477056
2009    8       6       12.14521
2009    8       7       11.850704
2009    9       0       11.623375
2009    9       1       11.035827
2009    9       2       12.429485
2009    9       3       12.316912
2009    9       4       12.731645
2009    9       5       13.870432
2009    9       6       15.852184
2009    9       7       15.447402
2009    10      0       15.714973
2009    10      1       15.813731
2009    10      2       16.044808
2009    10      3       15.535639
2009    10      4       15.235836
2009    10      5       15.936754
2009    10      6       15.981784
2009    10      7       16.366115
2009    11      0       16.728359
2009    11      1       14.793516
2009    11      2       13.231052
2009    11      3       14.261999
2009    11      4       17.177197
2009    11      5       18.914782
2009    11      6       18.78746
2009    11      7       16.360907
2009    12      0       20.784676
2009    12      1       22.113182
2009    12      2       20.346941
2009    12      3       17.302052
2009    12      4       15.552696
2009    12      5       15.118604
2009    12      6       14.840988
2009    12      7       14.490028
2009    13      0       13.49195
2009    13      1       12.376347
2009    13      2       10.620741
2009    13      3       8.757934
2009    13      4       9.029387
2009    13      5       9.326273
2009    13      6       9.234149
2009    13      7       9.092579
2009    14      0       8.005412
2009    14      1       5.026067
2009    14      2       2.579751
2009    14      3       1.271043
2009    14      4       1.566059
2009    14      5       2.499438
2009    14      6       3.238037
2009    14      7       5.447846
2009    15      0       9.3891
2009    15      1       13.933426
2009    15      2       17.125477
2009    15      3       16.165721
2009    15      4       18.628733
2009    15      5       21.320727
2009    15      6       20.652848
2009    15      7       19.515714
2009    16      0       21.486712
2009    16      1       22.511331
2009    16      2       22.423573
2009    16      3       23.957375
2009    16      4       23.818781
2009    16      5       21.981469
2009    16      6       12.610539
2009    16      7       18.085021
2009    17      0       22.178708
2009    17      1       20.91454
2009    17      2       21.349371
2009    17      3       22.179278
2009    17      4       21.525865
2009    17      5       15.399066
2009    17      6       18.901848
2009    17      7       17.060815
2009    18      0       14.857296
2009    18      1       14.770145
2009    18      2       13.778189
2009    18      3       12.628857
2009    18      4       14.758191
2009    18      5       17.969173
2009    18      6       18.308554
2009    18      7       17.132934
2009    19      0       16.097033
2009    19      1       15.031344
2009    19      2       13.138468
2009    19      3       11.957706
2009    19      4       10.810125
2009    19      5       9.383585
2009    19      6       11.756653
2009    19      7       14.1381
2009    20      0       15.210668
2009    20      1       17.184404
2009    20      2       17.811268
2009    20      3       15.047575
2009    20      4       18.690635
2009    20      5       17.650279
2009    20      6       15.522679
2009    20      7       11.68283
2009    21      0       10.109015
2009    21      1       10.780756
2009    21      2       10.829999
2009    21      3       10.854881
2009    21      4       11.394044
2009    21      5       11.230053
2009    21      6       10.830351
2009    21      7       10.992733
2009    22      0       8.946042
2009    22      1       9.216009
2009    22      2       10.186029
2009    22      3       11.11131
2009    22      4       10.689085
2009    22      5       9.304192
2009    22      6       8.258733
2009    22      7       8.639094
2009    23      0       9.672828
2009    23      1       10.141273
2009    23      2       9.572502
2009    23      3       8.796198
2009    23      4       6.743966
2009    23      5       4.479322
2009    23      6       4.658676
2009    23      7       5.037058
2009    24      0       4.818548
2009    24      1       5.983466
2009    24      2       7.196509
2009    24      3       6.270561
2009    24      4       5.870667
2009    24      5       5.652155
2009    24      6       4.490408
2009    24      7       4.588304
2009    25      0       6.299842
2009    25      1       8.395463
2009    25      2       9.132329
2009    25      3       8.664413
2009    25      4       9.388683
2009    25      5       11.18057
2009    25      6       11.876341
2009    25      7       11.332874
2009    26      0       12.248045
2009    26      1       13.240982
2009    26      2       12.029943
2009    26      3       10.866941
2009    26      4       10.024242
2009    26      5       8.535784
2009    26      6       6.436306
2009    26      7       4.601678
2009    27      0       3.84529
2009    27      1       4.047598
2009    27      2       3.997815
2009    27      3       3.892106
2009    27      4       3.743375
2009    27      5       4.147006
2009    27      6       4.604272
2009    27      7       4.618254
2009    28      0       3.588772
2009    28      1       2.594447
2009    28      2       1.911819
2009    28      3       1.31695
2009    28      4       0.809493
2009    28      5       0.737679
2009    28      6       0.743091
2009    28      7       1.233542
2009    29      0       2.369109
2009    29      1       4.132154
2009    29      2       5.608657
2009    29      3       7.059323
2009    29      4       7.870716
2009    29      5       8.635494
2009    29      6       9.961696
2009    29      7       10.755855
2009    30      0       13.002216
2009    30      1       14.937326
2009    30      2       15.306338
2009    30      3       19.839965
2009    30      4       18.099004
2009    30      5       14.834119
2009    30      6       12.622099
2009    30      7       12.351918
2009    31      0       12.339198
2009    31      1       12.415811
2009    31      2       10.95586
2009    31      3       9.283246
2009    31      4       8.422131
2009    31      5       9.456858
2009    31      6       12.486778
2009    31      7       14.587936
