####################################################################################################
# Month: 11Nov                                                                                     #
# Station: BRZ                                                                                     #
# Frequency: 345 GHz                                                                               #
# Columns are: year    day     tau     Tb (K)                                                      #
####################################################################################################
2009    1       3.41015338      266.5982
2009    2       3.12379175      264.921875
2009    3       3.48465625      267.53395
2009    4       2.22878288      246.9371625
2009    5       1.45673319      203.1811125
2009    6       1.28820513      199.60705
2009    7       1.00693238      176.7021875
2009    8       2.08303263      229.8622875
2009    9       4.02622213      273.3657875
2009    10      4.52474225      275.663975
2009    11      4.52800812      276.68405
2009    12      4.38484062      277.1290375
2009    13      3.37748062      270.858575
2009    14      1.08813122      183.4208375
2009    15      2.74954388      252.31445
2009    16      3.90572788      271.15885
2009    17      3.59514237      269.1824125
2009    18      0.94817098      166.5703625
2009    19      1.28651561      202.36265
2009    20      0.6931562       139.6550875
2009    21      0.61097471      127.92235
2009    22      0.51100414      110.377075
2009    23      1.33849992      184.967425
2009    24      2.8662045       260.367725
2009    25      2.01085875      234.09615
2009    26      1.50849538      212.9065125
2009    27      1.98848925      233.425675
2009    28      1.86214125      230.8942125
2009    29      3.412716        266.9612
2009    30      4.47751562      275.0402875
2010    1       3.85942475      269.4946
2010    2       3.84819912      269.0661375
2010    3       2.05307813      237.9665375
2010    4       1.4091099       207.775225
2010    5       2.27982362      239.2428375
2010    6       3.76411362      270.011525
2010    7       3.9588935       271.0509375
2010    8       3.347389        267.53635
2010    9       3.44508462      268.2674125
2010    10      3.599525        269.008325
2010    11      3.84170875      270.666175
2010    12      2.8676395       259.64965
2010    13      2.97564838      259.4974125
2010    14      2.26027012      243.5688375
2010    15      3.05781988      261.237175
2010    16      3.297427        264.2744625
2010    17      3.21919175      264.1334875
2010    18      2.6817785       248.2438
2010    19      0.63424963      126.83207375
2010    20      0.89713809      161.1407375
2010    21      1.770927        224.1716875
2010    22      2.92721288      256.1459375
2010    23      4.04458963      271.73945
2010    24      3.62627162      270.1935875
2010    25      3.8422355       271.7114625
2010    26      3.17007687      264.04815
2010    27      1.78617764      222.2998
2010    28      1.1037625       181.9975375
2010    29      2.00681512      237.5970875
2010    30      1.28191096      197.0955625
2011    1       3.16002162      259.4690375
2011    2       0.9353461       166.2404125
2011    3       0.97325891      171.4357
2011    4       1.09666684      183.4627375
2011    5       0.48898828      104.01141125
2011    6       0.46276776      92.36738625
2011    7       2.08477062      228.002625
2011    8       2.25110612      243.3189625
2011    9       1.79011588      226.41105
2011    10      1.17810605      188.4427
2011    11      1.2142857       185.9993375
2011    12      1.89641842      226.7093625
2011    13      2.44033513      248.042225
2011    14      3.43798988      266.9736375
2011    15      4.26790375      273.8814875
2011    16      3.812187        271.087025
2011    17      1.63347746      212.401325
2011    18      2.28057212      241.6489375
2011    19      2.84962462      258.6476625
2011    20      2.17680912      234.5566
2011    21      1.90693762      228.098
2011    22      2.10824937      239.4986875
2011    23      4.30641437      273.8900375
2011    24      2.24787525      237.5427875
2011    25      3.22114438      255.448275
2011    26      3.61990075      269.402125
2011    27      3.77581225      269.2281625
2011    28      3.68457638      268.334675
2011    29      3.32808112      265.92
2011    30      3.04779462      263.331275
2012    1       3.38625938      264.4955625
2012    2       4.03446663      273.534025
2012    3       4.1778035       273.580875
2012    4       4.02341625      272.72765
2012    5       2.87268862      258.6206125
2012    6       2.44624888      243.5099125
2012    7       2.90987638      258.6200375
2012    8       2.98634512      261.488775
2012    9       3.77002262      270.4511
2012    10      3.91780312      271.02315
2012    11      3.75449425      270.8077875
2012    12      3.46115338      269.8735125
2012    13      3.89863175      273.0223375
2012    14      3.96976588      273.0980375
2012    15      3.303638        265.57825
2012    16      3.84934812      271.50055
2012    17      2.05940106      213.7444375
2012    18      0.98402276      165.9992
2012    19      1.27287272      193.448375
2012    20      3.20515812      260.878975
2012    21      1.82494959      215.1412375
2012    22      0.38517058      91.882925
2012    23      0.4555308       104.22003875
2012    24      1.05289394      176.4984
2012    25      3.76260325      269.84045
2012    26      3.958274        272.6987875
2012    27      3.57346762      269.7647375
2012    28      3.43602675      268.5672875
2012    29      1.43744115      196.6707875
2012    30      1.67908342      210.7314875
2013    1       2.43211238      251.5664375
2013    2       0.73029026      134.296025
2013    3       0.37068364      87.312825
2013    4       0.81469917      149.252745
2013    5       1.212618        188.9571875
2013    6       3.36528612      263.74785
2013    7       3.90003075      269.940175
2013    8       3.85544088      270.6802625
2013    9       1.93489812      227.4623
2013    10      1.60415925      217.3755
2013    11      1.58361575      220.1360375
2013    12      1.43857671      209.613975
2013    13      3.49586838      265.4206875
2013    14      2.82254388      260.2023375
2013    15      3.16032938      263.6231375
2013    16      2.004436        231.508925
2013    17      1.86038062      231.4132625
2013    18      2.22571375      244.914375
2013    19      1.41934012      204.0115
2013    20      0.48938882      108.764635
2013    21      0.38617928      90.87106
2013    22      1.10208386      176.859625
2013    23      3.2999245       264.718575
2013    24      3.541424        268.668625
2013    25      3.59648338      268.952525
2013    26      4.12401375      271.5794375
2013    27      3.615733        269.5588125
2013    28      2.97012675      263.6668875
2013    29      3.29990087      267.970375
2013    30      4.05261588      273.2163
2014    1       2.38764112      250.3441375
2014    2       1.760675        224.3648
2014    3       0.88581476      157.762225
2014    4       0.64789156      133.0958375
2014    5       1.06218394      171.78245
2014    6       1.884335        230.6257625
2014    7       2.5409085       253.0095375
2014    8       2.932304        262.775975
2014    9       3.69427488      271.4573125
2014    10      2.99562325      260.4889
2014    11      1.41611329      203.630025
2014    12      2.32631662      243.862
2014    13      4.23254825      273.004025
2014    14      3.54592875      268.822375
2014    15      3.6367005       268.6971375
2014    16      2.19273575      242.5886125
2014    17      0.4077609       92.53350125
2014    18      0.2796584       70.97751875
2014    19      0.37622299      86.106685
2014    20      1.15688558      179.579625
2014    21      1.45118102      205.499875
2014    22      2.10225738      236.9925375
2014    23      3.46462412      267.9164125
2014    24      3.81951025      270.8592375
2014    25      3.71245387      270.4933625
2014    26      3.94678938      272.4133
2014    27      4.31502862      274.680725
2014    28      4.75126237      276.3496125
2014    29      3.9811905       272.573425
2014    30      3.849142        271.3206125
2015    1       0.57695086      120.82537
2015    2       1.35866538      205.5633875
2015    3       2.16179012      244.0917
2015    4       2.74250325      260.7935125
2015    5       1.82833138      233.06845
2015    6       2.231566        247.52955
2015    7       2.67376775      259.9446625
2015    8       2.77361488      259.9943625
2015    9       2.94175738      261.2293
2015    10      3.18121875      266.5077875
2015    11      2.50366063      254.5673
2015    12      3.15339912      258.0541
2015    13      3.6768265       271.4564625
2015    14      3.62480387      270.4450375
2015    15      4.1310355       274.3774375
2015    16      4.22177262      274.1339875
2015    17      5.1653565       278.66295
2015    18      5.08859212      277.9303375
2015    19      4.17837162      272.2526
2015    20      3.3371505       266.617
2015    21      3.81769175      272.053325
2015    22      3.8908145       272.2900875
2015    23      3.11200988      263.3080875
2015    24      2.7653795       260.5471875
2015    25      2.54831037      256.70245
2015    26      2.71367438      259.470875
2015    27      1.972569        236.9391375
2015    28      1.71075468      213.9962125
2015    29      3.75091425      271.4329125
2015    30      3.53245475      269.734425
2016    1       0.59983081      116.74424875
2016    2       1.69639331      215.9603625
2016    3       2.80770712      258.4375375
2016    4       3.25700475      266.5462
2016    5       3.2183005       265.3292375
2016    6       1.869834        228.453975
2016    7       2.423082        243.0299875
2016    8       3.03737875      261.5361625
2016    9       2.5209955       252.842375
2016    10      2.74191038      258.2198625
2016    11      2.76930012      259.69075
2016    12      3.72475038      270.1103875
2016    13      4.6982295       275.38305
2016    14      4.84012862      276.4240875
2016    15      4.409611        275.0850875
2016    16      3.43263838      269.729475
2016    17      3.67116487      270.6879375
2016    18      4.09869438      272.735375
2016    19      1.65503961      134.170205
2016    20      0.18661834      51.0830225
2016    21      0.32211006      78.19569125
2016    22      3.13528338      255.9007
2016    23      4.26471638      273.7930875
2016    24      3.74012738      271.190375
2016    25      2.98522088      255.49425
2016    26      1.29474825      191.7234875
2016    27      2.49777638      253.230825
2016    28      1.81229974      226.5451625
2016    29      3.08176625      267.1852625
2016    30      4.14599438      274.8171125
2017    1       3.63314088      268.72135
2017    2       2.2521985       242.83165
2017    3       1.09406805      182.306675
2017    4       1.20386446      186.1098625
2017    5       3.8055165       270.284075
2017    6       4.14334888      273.95405
2017    7       3.19216212      264.4538
2017    8       2.16746613      242.329525
2017    9       3.61325263      268.352075
2017    10      3.45996113      268.277725
2017    11      3.87496888      271.365475
2017    12      2.95280875      259.7505875
2017    13      0.75557521      134.51803875
2017    14      0.96027662      156.60205
2017    15      1.18574679      190.5928625
2017    16      1.26737568      193.665775
2017    17      1.55885225      216.4378875
2017    18      2.03867525      235.7263
2017    19      3.3388665       264.4279
2017    20      4.09654988      272.7949125
2017    21      3.74143625      270.8179625
2017    22      3.91224475      272.0911375
2017    23      4.3194895       273.9099875
2017    24      3.75341375      268.1575625
2017    25      2.855559        260.288175
2017    26      2.12132125      237.6814
2017    27      1.6106165       220.041025
2017    28      3.54235525      268.86785
2017    29      3.59632988      267.7525625
2017    30      3.14945825      263.60185
2018    1       1.21773633      191.033375
2018    2       2.21568188      243.3317625
2018    3       1.33167984      201.9806125
2018    4       1.53948361      202.5102875
2018    5       4.19418062      272.918925
2018    6       2.90451362      260.7902375
2018    7       2.410345        251.6035375
2018    8       3.06598363      260.536275
2018    9       3.85957738      269.4212625
2018    10      3.180571        264.2202375
2018    11      2.57871175      255.4037125
2018    12      2.11345612      241.9834875
2018    13      2.77180375      259.707225
2018    14      2.05404262      241.064275
2018    15      3.16723625      264.2523125
2018    16      3.92297825      272.2172125
2018    17      1.98779588      238.3080375
2018    18      1.67937         225.7160375
2018    19      3.04146825      258.8837625
2018    20      4.18296663      272.500875
2018    21      2.64161063      249.77525
2018    22      2.81239638      255.9306375
2018    23      2.42372225      248.8232625
2018    24      2.35319425      245.68495
2018    25      3.7074135       269.218275
2018    26      2.46732425      251.5180625
2018    27      1.89592575      232.28945
2018    28      1.53735262      216.5595625
2018    29      1.31413956      198.1804625
2018    30      2.51036775      247.09905
