####################################################################################################
# Month: 05May                                                                                     #
# Station: SAN                                                                                     #
# Columns are: year    day     segment         windspeed (m/s)                                     #
####################################################################################################
2009    1       0       7.225528
2009    1       1       8.135353
2009    1       2       5.852025
2009    1       3       5.144458
2009    1       4       5.171615
2009    1       5       5.949297
2009    1       6       8.392411
2009    1       7       10.716973
2009    2       0       15.813614
2009    2       1       16.882349
2009    2       2       22.626373
2009    2       3       22.96276
2009    2       4       22.692147
2009    2       5       21.980632
2009    2       6       19.250935
2009    2       7       16.536087
2009    3       0       17.271402
2009    3       1       19.048888
2009    3       2       18.091834
2009    3       3       14.86418
2009    3       4       14.993067
2009    3       5       15.760809
2009    3       6       13.871727
2009    3       7       14.563348
2009    4       0       16.148292
2009    4       1       16.388042
2009    4       2       17.823049
2009    4       3       19.999867
2009    4       4       16.113135
2009    4       5       10.950413
2009    4       6       7.904491
2009    4       7       6.678786
2009    5       0       7.718798
2009    5       1       10.344052
2009    5       2       10.852086
2009    5       3       12.898701
2009    5       4       17.111606
2009    5       5       16.839545
2009    5       6       17.636154
2009    5       7       16.328713
2009    6       0       13.59275
2009    6       1       11.064176
2009    6       2       6.800379
2009    6       3       5.672388
2009    6       4       5.516991
2009    6       5       6.760884
2009    6       6       7.659955
2009    6       7       5.365915
2009    7       0       4.904327
2009    7       1       5.249406
2009    7       2       6.476802
2009    7       3       6.322698
2009    7       4       6.379489
2009    7       5       6.082699
2009    7       6       6.401322
2009    7       7       5.816509
2009    8       0       6.860561
2009    8       1       7.433726
2009    8       2       6.612492
2009    8       3       6.162357
2009    8       4       6.267193
2009    8       5       6.598993
2009    8       6       5.915449
2009    8       7       4.224433
2009    9       0       3.726733
2009    9       1       2.863095
2009    9       2       3.991442
2009    9       3       5.478039
2009    9       4       6.233857
2009    9       5       5.291094
2009    9       6       4.959496
2009    9       7       5.292609
2009    10      0       7.432611
2009    10      1       10.713029
2009    10      2       10.808971
2009    10      3       9.539883
2009    10      4       8.369706
2009    10      5       6.307594
2009    10      6       5.932929
2009    10      7       3.149618
2009    11      0       3.68386
2009    11      1       5.261869
2009    11      2       5.664464
2009    11      3       6.020803
2009    11      4       6.242649
2009    11      5       7.255964
2009    11      6       8.848942
2009    11      7       8.755603
2009    12      0       10.156918
2009    12      1       11.458084
2009    12      2       10.998231
2009    12      3       10.80463
2009    12      4       9.640291
2009    12      5       8.2208
2009    12      6       7.652043
2009    12      7       6.793611
2009    13      0       7.596623
2009    13      1       9.92637
2009    13      2       10.102237
2009    13      3       10.595424
2009    13      4       8.67776
2009    13      5       5.806504
2009    13      6       4.124532
2009    13      7       2.771049
2009    14      0       2.321169
2009    14      1       2.539734
2009    14      2       3.419986
2009    14      3       2.939458
2009    14      4       1.71202
2009    14      5       2.026359
2009    14      6       3.175862
2009    14      7       1.897894
2009    15      0       0.556575
2009    15      1       0.823055
2009    15      2       2.170882
2009    15      3       2.499538
2009    15      4       2.012277
2009    15      5       4.31277
2009    15      6       5.038089
2009    15      7       4.014616
2009    16      0       3.183125
2009    16      1       6.193376
2009    16      2       8.177909
2009    16      3       13.462682
2009    16      4       11.515285
2009    16      5       11.853141
2009    16      6       9.078842
2009    16      7       7.258975
2009    17      0       6.451299
2009    17      1       8.130275
2009    17      2       7.611477
2009    17      3       7.365438
2009    17      4       9.324196
2009    17      5       9.807628
2009    17      6       7.026613
2009    17      7       4.873222
2009    18      0       4.109593
2009    18      1       4.681115
2009    18      2       6.492498
2009    18      3       7.460654
2009    18      4       8.625884
2009    18      5       7.677131
2009    18      6       4.772074
2009    18      7       3.344827
2009    19      0       0.583291
2009    19      1       2.261869
2009    19      2       4.246283
2009    19      3       5.376217
2009    19      4       7.678147
2009    19      5       8.923679
2009    19      6       8.94022
2009    19      7       8.758906
2009    20      0       9.296256
2009    20      1       9.130641
2009    20      2       8.360715
2009    20      3       9.702852
2009    20      4       9.218419
2009    20      5       12.598648
2009    20      6       9.166397
2009    20      7       5.936751
2009    21      0       5.236782
2009    21      1       4.413223
2009    21      2       3.77361
2009    21      3       4.935723
2009    21      4       4.427388
2009    21      5       2.729117
2009    21      6       1.982353
2009    21      7       1.066904
2009    22      0       1.086388
2009    22      1       1.249443
2009    22      2       1.96908
2009    22      3       2.588849
2009    22      4       1.11083
2009    22      5       0.711853
2009    22      6       1.053224
2009    22      7       0.366924
2009    23      0       0.527673
2009    23      1       0.621426
2009    23      2       1.579104
2009    23      3       3.627353
2009    23      4       4.081561
2009    23      5       4.944594
2009    23      6       6.059037
2009    23      7       6.306045
2009    24      0       7.36803
2009    24      1       6.87847
2009    24      2       5.725825
2009    24      3       4.901914
2009    24      4       4.212344
2009    24      5       4.641999
2009    24      6       4.57382
2009    24      7       3.60825
2009    25      0       4.23424
2009    25      1       5.077048
2009    25      2       3.639716
2009    25      3       3.863199
2009    25      4       4.052954
2009    25      5       1.853074
2009    25      6       1.453931
2009    25      7       3.100249
2009    26      0       3.127855
2009    26      1       2.317772
2009    26      2       1.356323
2009    26      3       2.323989
2009    26      4       4.08836
2009    26      5       6.207598
2009    26      6       5.854608
2009    26      7       5.240281
2009    27      0       3.872546
2009    27      1       4.037755
2009    27      2       5.059483
2009    27      3       6.342924
2009    27      4       7.43385
2009    27      5       7.209519
2009    27      6       5.677254
2009    27      7       4.221242
2009    28      0       3.267266
2009    28      1       2.973551
2009    28      2       2.295069
2009    28      3       2.504078
2009    28      4       5.00451
2009    28      5       6.855757
2009    28      6       6.143231
2009    28      7       5.842045
2009    29      0       4.49236
2009    29      1       3.896066
2009    29      2       4.509752
2009    29      3       6.690624
2009    29      4       8.462147
2009    29      5       10.279049
2009    29      6       9.577391
2009    29      7       7.792953
2009    30      0       5.017626
2009    30      1       3.41788
2009    30      2       4.280861
2009    30      3       4.618516
2009    30      4       5.070736
2009    30      5       5.923366
2009    30      6       5.332346
2009    30      7       3.220961
2009    31      0       2.54221
2009    31      1       2.548101
2009    31      2       1.925743
2009    31      3       2.565108
2009    31      4       2.926416
2009    31      5       1.378412
2009    31      6       1.161022
2009    31      7       1.696673
