####################################################################################################
# Month: 03Mar                                                                                     #
# Station: SGO                                                                                     #
# Columns are: year    day     segment         RH (percent)                                        #
####################################################################################################
9       1       0       0.571925
9       1       1       0.536707
9       1       2       0.467912
9       1       3       0.323666
9       1       4       0.288534
9       1       5       0.316631
9       1       6       0.413014
9       1       7       0.565574
9       2       0       0.273664
9       2       1       0.123783
9       2       2       0.091991
9       2       3       0.060967
9       2       4       0.067726
9       2       5       0.080393
9       2       6       0.081792
9       2       7       0.10452
9       3       0       0.148386
9       3       1       0.225243
9       3       2       0.185593
9       3       3       0.159561
9       3       4       0.286801
9       3       5       0.2729
9       3       6       0.404578
9       3       7       0.6226
9       4       0       0.569417
9       4       1       0.385034
9       4       2       0.157046
9       4       3       0.092878
9       4       4       0.013698
9       4       5       0.036527
9       4       6       0.047585
9       4       7       0.043666
9       5       0       0.041663
9       5       1       0.053582
9       5       2       0.053791
9       5       3       0.070622
9       5       4       0.077066
9       5       5       0.082531
9       5       6       0.099484
9       5       7       0.126832
9       6       0       0.117001
9       6       1       0.095111
9       6       2       0.059898
9       6       3       0.044681
9       6       4       0.035877
9       6       5       0.045805
9       6       6       0.074786
9       6       7       0.111882
9       7       0       0.090344
9       7       1       0.059989
9       7       2       0.061069
9       7       3       0.077181
9       7       4       0.077475
9       7       5       0.059799
9       7       6       0.053736
9       7       7       0.066289
9       8       0       0.074481
9       8       1       0.086164
9       8       2       0.212214
9       8       3       0.327561
9       8       4       0.263003
9       8       5       0.429666
9       8       6       0.509054
9       8       7       0.440284
9       9       0       0.33961
9       9       1       0.294357
9       9       2       0.309574
9       9       3       0.354703
9       9       4       0.319606
9       9       5       0.336917
9       9       6       0.409692
9       9       7       0.441199
9       10      0       0.556007
9       10      1       0.574217
9       10      2       0.417516
9       10      3       0.418809
9       10      4       0.408003
9       10      5       0.304488
9       10      6       0.26985
9       10      7       0.346931
9       11      0       0.391084
9       11      1       0.253784
9       11      2       0.183748
9       11      3       0.169903
9       11      4       0.156075
9       11      5       0.103604
9       11      6       0.103007
9       11      7       0.161207
9       12      0       0.134763
9       12      1       0.121372
9       12      2       0.151316
9       12      3       0.16059
9       12      4       0.124102
9       12      5       0.115086
9       12      6       0.133686
9       12      7       0.159077
9       13      0       0.120081
9       13      1       0.113759
9       13      2       0.094469
9       13      3       0.046485
9       13      4       0.048214
9       13      5       0.085096
9       13      6       0.114184
9       13      7       0.114963
9       14      0       0.07356
9       14      1       0.068663
9       14      2       0.049336
9       14      3       0.029026
9       14      4       0.021576
9       14      5       0.035484
9       14      6       0.090667
9       14      7       0.084125
9       15      0       0.085108
9       15      1       0.112104
9       15      2       0.095446
9       15      3       0.070223
9       15      4       0.089257
9       15      5       0.09754
9       15      6       0.125591
9       15      7       0.183816
9       16      0       0.168902
9       16      1       0.129485
9       16      2       0.102921
9       16      3       0.074968
9       16      4       0.395567
9       16      5       0.146316
9       16      6       0.178534
9       16      7       0.219686
9       17      0       0.136181
9       17      1       0.120326
9       17      2       0.166632
9       17      3       0.191825
9       17      4       0.147356
9       17      5       0.149656
9       17      6       0.162209
9       17      7       0.196336
9       18      0       0.248523
9       18      1       0.14845
9       18      2       0.204502
9       18      3       0.199011
9       18      4       0.168263
9       18      5       0.176325
9       18      6       0.133066
9       18      7       0.088805
9       19      0       0.112828
9       19      1       0.120972
9       19      2       0.094699
9       19      3       0.062141
9       19      4       0.059858
9       19      5       0.069261
9       19      6       0.065135
9       19      7       0.077313
9       20      0       0.107611
9       20      1       0.100698
9       20      2       0.082715
9       20      3       0.088241
9       20      4       0.094739
9       20      5       0.080436
9       20      6       0.049304
9       20      7       0.048793
9       21      0       0.055694
9       21      1       0.044075
9       21      2       0.046364
9       21      3       0.048509
9       21      4       0.058956
9       21      5       0.06721
9       21      6       0.080314
9       21      7       0.096296
9       22      0       0.082445
9       22      1       0.067508
9       22      2       0.07983
9       22      3       0.074664
9       22      4       0.073458
9       22      5       0.098777
9       22      6       0.094272
9       22      7       0.104998
9       23      0       0.138519
9       23      1       0.135463
9       23      2       0.10866
9       23      3       0.099534
9       23      4       0.074619
9       23      5       0.086776
9       23      6       0.219389
9       23      7       0.421356
9       24      0       0.453407
9       24      1       0.386201
9       24      2       0.377435
9       24      3       0.342312
9       24      4       0.352766
9       24      5       0.379647
9       24      6       0.434155
9       24      7       0.396554
9       25      0       0.373027
9       25      1       0.386102
9       25      2       0.440753
9       25      3       0.492259
9       25      4       0.535544
9       25      5       0.457127
9       25      6       0.447119
9       25      7       0.522727
9       26      0       0.596694
9       26      1       0.646252
9       26      2       0.625088
9       26      3       0.587265
9       26      4       0.580789
9       26      5       0.602227
9       26      6       0.594225
9       26      7       0.661772
9       27      0       0.609908
9       27      1       0.407779
9       27      2       0.295368
9       27      3       0.208316
9       27      4       0.152693
9       27      5       0.148314
9       27      6       0.126665
9       27      7       0.136702
9       28      0       0.166372
9       28      1       0.1878
9       28      2       0.213646
9       28      3       0.254571
9       28      4       0.265989
9       28      5       0.26232
9       28      6       0.267352
9       28      7       0.312774
9       29      0       0.315286
9       29      1       0.324535
9       29      2       0.275022
9       29      3       0.200595
9       29      4       0.216157
9       29      5       0.335095
9       29      6       0.389597
9       29      7       0.501705
9       30      0       0.590311
9       30      1       0.567205
9       30      2       0.527017
9       30      3       0.534382
9       30      4       0.450159
9       30      5       0.381886
9       30      6       0.533356
9       30      7       0.573706
9       31      0       0.607912
9       31      1       0.492101
9       31      2       0.45078
9       31      3       0.441994
9       31      4       0.405091
9       31      5       0.323045
9       31      6       0.337882
9       31      7       0.381075
