####################################################################################################
# Month: 01Jan                                                                                     #
# Station: HAY                                                                                     #
# Columns are: year    day     RH (percent)                                                        #
####################################################################################################
9       1       0.84744462
9       2       0.38539212
9       3       0.80412725
9       4       0.72799112
9       5       0.68429262
9       6       0.6429655
9       7       0.8728015
9       8       0.90658462
9       9       0.83282312
9       10      0.53697425
9       11      0.89527112
9       12      0.80587812
9       13      0.71713462
9       14      0.86274962
9       15      0.57433125
9       16      0.72241762
9       17      0.62860825
9       18      0.8577005
9       19      0.87425825
9       20      0.80049838
9       21      0.72200562
9       22      0.78357063
9       23      0.81552938
9       24      0.73062562
9       25      0.57122
9       26      0.79007212
9       27      0.7588825
9       28      0.80601
9       29      0.8564915
9       30      0.74128725
9       31      0.814213
