####################################################################################################
# Month: 07Jul                                                                                     #
# Station: LAS                                                                                     #
# Columns are: year    day     RH (percent)                                                        #
####################################################################################################
9       1       0.20284012
9       2       0.0569
9       3       0.05795312
9       4       0.1236915
9       5       0.16911812
9       6       0.13901913
9       7       0.033975
9       8       0.05870787
9       9       0.089736
9       10      0.16033062
9       11      0.06091788
9       12      0.10671762
9       13      0.42668425
9       14      0.69750738
9       15      0.418978
9       16      0.24033675
9       17      0.28407587
9       18      0.20372225
9       19      0.08245625
9       20      0.28259812
9       21      0.80362038
9       22      0.60122738
9       23      0.08076275
9       24      0.0839625
9       25      0.08188963
9       26      0.06527362
9       27      0.084494
9       28      0.09659075
9       29      0.0780315
9       30      0.1192585
9       31      0.20777225
