####################################################################################################
# Month: 05May                                                                                     #
# Station: JCMT                                                                                    #
# Columns are: year    day     segment         RH (percent)                                        #
####################################################################################################
9       1       0       0.260952
9       1       1       0.14151
9       1       2       0.055171
9       1       3       0.039002
9       1       4       0.041302
9       1       5       0.036712
9       1       6       0.032839
9       1       7       0.030088
9       2       0       0.023629
9       2       1       0.02926
9       2       2       0.035045
9       2       3       0.038489
9       2       4       0.036414
9       2       5       0.028666
9       2       6       0.022591
9       2       7       0.018182
9       3       0       0.018599
9       3       1       0.019011
9       3       2       0.021156
9       3       3       0.024868
9       3       4       0.024956
9       3       5       0.02561
9       3       6       0.021676
9       3       7       0.018623
9       4       0       0.023944
9       4       1       0.021624
9       4       2       0.027933
9       4       3       0.027232
9       4       4       0.018855
9       4       5       0.029231
9       4       6       0.029153
9       4       7       0.031045
9       5       0       0.036149
9       5       1       0.039848
9       5       2       0.038026
9       5       3       0.034522
9       5       4       0.038481
9       5       5       0.044032
9       5       6       0.041654
9       5       7       0.049699
9       6       0       0.056815
9       6       1       0.048825
9       6       2       0.055723
9       6       3       0.06941
9       6       4       0.070597
9       6       5       0.060851
9       6       6       0.050852
9       6       7       0.046317
9       7       0       0.053378
9       7       1       0.05703
9       7       2       0.061166
9       7       3       0.084491
9       7       4       0.0862
9       7       5       0.090372
9       7       6       0.118018
9       7       7       0.126196
9       8       0       0.107144
9       8       1       0.092983
9       8       2       0.097632
9       8       3       0.09515
9       8       4       0.089334
9       8       5       0.086831
9       8       6       0.076391
9       8       7       0.069792
9       9       0       0.068776
9       9       1       0.074917
9       9       2       0.088225
9       9       3       0.108703
9       9       4       0.103449
9       9       5       0.079799
9       9       6       0.075596
9       9       7       0.078403
9       10      0       0.078548
9       10      1       0.078958
9       10      2       0.069835
9       10      3       0.065481
9       10      4       0.041187
9       10      5       0.063035
9       10      6       0.048564
9       10      7       0.074166
9       11      0       0.074054
9       11      1       0.065144
9       11      2       0.105856
9       11      3       0.130932
9       11      4       0.168077
9       11      5       0.215703
9       11      6       0.230164
9       11      7       0.210918
9       12      0       0.20161
9       12      1       0.198254
9       12      2       0.205086
9       12      3       0.22038
9       12      4       0.230888
9       12      5       0.274864
9       12      6       0.3118
9       12      7       0.261492
9       13      0       0.228013
9       13      1       0.210196
9       13      2       0.277023
9       13      3       0.332512
9       13      4       0.349208
9       13      5       0.314085
9       13      6       0.284821
9       13      7       0.261229
9       14      0       0.237924
9       14      1       0.219514
9       14      2       0.227711
9       14      3       0.241482
9       14      4       0.218463
9       14      5       0.1947
9       14      6       0.204562
9       14      7       0.222875
9       15      0       0.205895
9       15      1       0.192574
9       15      2       0.212962
9       15      3       0.225044
9       15      4       0.224804
9       15      5       0.231834
9       15      6       0.236363
9       15      7       0.259417
9       16      0       0.218507
9       16      1       0.203576
9       16      2       0.218789
9       16      3       0.180196
9       16      4       0.149259
9       16      5       0.11946
9       16      6       0.126932
9       16      7       0.144984
9       17      0       0.173204
9       17      1       0.221695
9       17      2       0.224484
9       17      3       0.199758
9       17      4       0.144353
9       17      5       0.182876
9       17      6       0.300056
9       17      7       0.361154
9       18      0       0.307636
9       18      1       0.273108
9       18      2       0.184679
9       18      3       0.161716
9       18      4       0.155187
9       18      5       0.132095
9       18      6       0.157243
9       18      7       0.18637
9       19      0       0.245989
9       19      1       0.232154
9       19      2       0.109621
9       19      3       0.105049
9       19      4       0.098019
9       19      5       0.084971
9       19      6       0.076758
9       19      7       0.068179
9       20      0       0.068681
9       20      1       0.064662
9       20      2       0.078791
9       20      3       0.094644
9       20      4       0.085436
9       20      5       0.084958
9       20      6       0.078347
9       20      7       0.073037
9       21      0       0.078123
9       21      1       0.0704
9       21      2       0.056349
9       21      3       0.051207
9       21      4       0.048468
9       21      5       0.055753
9       21      6       0.05877
9       21      7       0.038031
9       22      0       0.085081
9       22      1       0.09901
9       22      2       0.106215
9       22      3       0.113422
9       22      4       0.109666
9       22      5       0.109424
9       22      6       0.164851
9       22      7       0.187022
9       23      0       0.184042
9       23      1       0.223038
9       23      2       0.23839
9       23      3       0.224779
9       23      4       0.265966
9       23      5       0.27886
9       23      6       0.255139
9       23      7       0.291037
9       24      0       0.333437
9       24      1       0.316954
9       24      2       0.267354
9       24      3       0.212687
9       24      4       0.205831
9       24      5       0.208844
9       24      6       0.197999
9       24      7       0.263303
9       25      0       0.30159
9       25      1       0.271057
9       25      2       0.234555
9       25      3       0.169365
9       25      4       0.144413
9       25      5       0.164775
9       25      6       0.184029
9       25      7       0.186775
9       26      0       0.187026
9       26      1       0.15414
9       26      2       0.190945
9       26      3       0.218503
9       26      4       0.255597
9       26      5       0.214212
9       26      6       0.220159
9       26      7       0.209343
9       27      0       0.241661
9       27      1       0.301256
9       27      2       0.242844
9       27      3       0.161837
9       27      4       0.16206
9       27      5       0.171467
9       27      6       0.194159
9       27      7       0.274656
9       28      0       0.388311
9       28      1       0.403721
9       28      2       0.245166
9       28      3       0.187292
9       28      4       0.226194
9       28      5       0.261061
9       28      6       0.274995
9       28      7       0.278997
9       29      0       0.305286
9       29      1       0.36253
9       29      2       0.403533
9       29      3       0.455251
9       29      4       0.463527
9       29      5       0.457975
9       29      6       0.535673
9       29      7       0.648645
9       30      0       0.741818
9       30      1       0.686663
9       30      2       0.596762
9       30      3       0.556942
9       30      4       0.526659
9       30      5       0.400446
9       30      6       0.319691
9       30      7       0.295567
9       31      0       0.316618
9       31      1       0.308705
9       31      2       0.290964
9       31      3       0.310969
9       31      4       0.283651
9       31      5       0.211397
9       31      6       0.195233
9       31      7       0.185565
