####################################################################################################
# Month: 01Jan                                                                                     #
# Station: NOR                                                                                     #
# Columns are: year    day     segment         RH (percent)                                        #
####################################################################################################
9       1       0       0.517292
9       1       1       0.667527
9       1       2       0.787244
9       1       3       0.745323
9       1       4       0.564161
9       1       5       0.648903
9       1       6       0.686285
9       1       7       0.697957
9       2       0       0.709695
9       2       1       0.715756
9       2       2       0.648047
9       2       3       0.450352
9       2       4       0.498602
9       2       5       0.321546
9       2       6       0.260609
9       2       7       0.271516
9       3       0       0.207653
9       3       1       0.11144
9       3       2       0.057865
9       3       3       0.000742
9       3       4       0.04907
9       3       5       0.052425
9       3       6       0.062592
9       3       7       0.079694
9       4       0       0.110413
9       4       1       0.154698
9       4       2       0.298133
9       4       3       0.51579
9       4       4       0.641521
9       4       5       0.628053
9       4       6       0.480337
9       4       7       0.373591
9       5       0       0.376204
9       5       1       0.553503
9       5       2       0.846736
9       5       3       0.934903
9       5       4       0.852173
9       5       5       0.897498
9       5       6       0.92387
9       5       7       0.646991
9       6       0       0.139442
9       6       1       0.122447
9       6       2       0.135752
9       6       3       0.139012
9       6       4       0.136622
9       6       5       0.11906
9       6       6       0.133641
9       6       7       0.260503
9       7       0       0.416404
9       7       1       0.599249
9       7       2       0.649631
9       7       3       0.655707
9       7       4       0.661136
9       7       5       0.733705
9       7       6       0.675034
9       7       7       0.447148
9       8       0       0.276027
9       8       1       0.293762
9       8       2       0.473586
9       8       3       0.411936
9       8       4       0.230703
9       8       5       0.536548
9       8       6       0.97937
9       8       7       0.989502
9       9       0       1.015653
9       9       1       0.942357
9       9       2       0.839955
9       9       3       0.798483
9       9       4       0.632132
9       9       5       0.652689
9       9       6       0.732418
9       9       7       0.983194
9       10      0       0.831611
9       10      1       0.630342
9       10      2       0.616696
9       10      3       0.604436
9       10      4       0.531016
9       10      5       0.277848
9       10      6       0.272622
9       10      7       0.51054
9       11      0       0.663984
9       11      1       0.7945
9       11      2       0.688686
9       11      3       0.303257
9       11      4       0.168647
9       11      5       0.210737
9       11      6       0.404189
9       11      7       0.71616
9       12      0       0.901674
9       12      1       0.664238
9       12      2       1.054024
9       12      3       0.744253
9       12      4       0.895975
9       12      5       1.100693
9       12      6       0.969232
9       12      7       0.715494
9       13      0       0.84493
9       13      1       0.77895
9       13      2       0.788334
9       13      3       0.575399
9       13      4       0.295417
9       13      5       0.261611
9       13      6       0.171727
9       13      7       0.11695
9       14      0       0.21076
9       14      1       0.52353
9       14      2       0.410171
9       14      3       0.673213
9       14      4       0.744262
9       14      5       0.694751
9       14      6       0.594048
9       14      7       0.070155
9       15      0       0.066842
9       15      1       0.107299
9       15      2       0.175213
9       15      3       0.255117
9       15      4       0.249076
9       15      5       0.338867
9       15      6       0.392926
9       15      7       0.487043
9       16      0       0.239803
9       16      1       0.136335
9       16      2       0.177876
9       16      3       0.151707
9       16      4       0.177148
9       16      5       0.197029
9       16      6       0.178306
9       16      7       0.12037
9       17      0       0.055061
9       17      1       0.133683
9       17      2       0.167754
9       17      3       0.201971
9       17      4       0.18283
9       17      5       0.215603
9       17      6       0.18736
9       17      7       0.13978
9       18      0       0.132255
9       18      1       0.192878
9       18      2       0.709944
9       18      3       0.959329
9       18      4       0.887075
9       18      5       0.974061
9       18      6       0.906891
9       18      7       0.676613
9       19      0       0.095236
9       19      1       0.223188
9       19      2       0.210555
9       19      3       0.104834
9       19      4       0.055315
9       19      5       0.063456
9       19      6       0.065164
9       19      7       0.073674
9       20      0       0.116716
9       20      1       0.364876
9       20      2       0.793279
9       20      3       0.763774
9       20      4       0.559694
9       20      5       0.351182
9       20      6       0.346312
9       20      7       0.453512
9       21      0       0.577829
9       21      1       1.224492
9       21      2       0.980105
9       21      3       0.981663
9       21      4       0.985821
9       21      5       0.953927
9       21      6       0.492758
9       21      7       0.185103
9       22      0       0.070374
9       22      1       0.043967
9       22      2       0.180997
9       22      3       0.866714
9       22      4       0.980902
9       22      5       0.976505
9       22      6       0.972157
9       22      7       0.985937
9       23      0       0.515273
9       23      1       0.082237
9       23      2       0.121645
9       23      3       0.214975
9       23      4       0.501706
9       23      5       0.73954
9       23      6       0.370535
9       23      7       0.156125
9       24      0       0.543903
9       24      1       0.75236
9       24      2       0.623246
9       24      3       0.298046
9       24      4       0.328146
9       24      5       0.258701
9       24      6       0.247295
9       24      7       0.247382
9       25      0       0.121806
9       25      1       0.13802
9       25      2       0.146158
9       25      3       0.165413
9       25      4       0.177821
9       25      5       0.204726
9       25      6       0.502888
9       25      7       0.60619
9       26      0       0.479177
9       26      1       0.369535
9       26      2       0.118196
9       26      3       0.10828
9       26      4       0.127352
9       26      5       0.244835
9       26      6       0.185667
9       26      7       0.124785
9       27      0       0.087811
9       27      1       0.104932
9       27      2       0.109915
9       27      3       0.126753
9       27      4       0.116959
9       27      5       0.060081
9       27      6       0.040711
9       27      7       0.072146
9       28      0       0.11442
9       28      1       0.113359
9       28      2       0.131853
9       28      3       0.16689
9       28      4       0.155825
9       28      5       0.113308
9       28      6       0.085681
9       28      7       0.081042
9       29      0       0.087969
9       29      1       0.105355
9       29      2       0.142455
9       29      3       0.203056
9       29      4       0.352595
9       29      5       0.721866
9       29      6       0.702651
9       29      7       0.889648
9       30      0       0.777123
9       30      1       0.427516
9       30      2       0.867077
9       30      3       0.914313
9       30      4       0.791685
9       30      5       0.893642
9       30      6       0.923913
9       30      7       0.986417
9       31      0       0.983179
9       31      1       0.919228
9       31      2       0.977077
9       31      3       0.903353
9       31      4       0.823576
9       31      5       0.831395
9       31      6       0.418599
9       31      7       0.066097
