####################################################################################################
# Month: 03Mar                                                                                     #
# Station: SAL                                                                                     #
# Frequency: 345 GHz                                                                               #
# Columns are: year    day     tau     Tb (K)                                                      #
####################################################################################################
2009    1       2.93268462      268.76735
2009    2       2.36185062      257.0834875
2009    3       1.61515586      213.7980375
2009    4       1.50862722      210.731575
2009    5       3.390062        272.228825
2009    6       4.00429412      277.8449125
2009    7       4.32009238      279.1882875
2009    8       3.2447615       270.4800625
2009    9       3.0503465       268.4499625
2009    10      3.33140938      272.2681875
2009    11      4.5269455       279.8960875
2009    12      4.78623813      279.7485875
2009    13      3.305438        270.6694375
2009    14      2.8783195       264.24885
2009    15      2.82092125      266.5816875
2009    16      1.95130248      214.67759625
2009    17      0.71498451      131.380265
2009    18      1.14626346      185.5139125
2009    19      1.69893688      226.911425
2009    20      1.13733659      190.4746
2009    21      0.91440736      170.079425
2009    22      1.09973242      185.4239875
2009    23      1.70764412      227.8658125
2009    24      1.12857901      189.5510625
2009    25      1.07608795      181.65525
2009    26      1.4293145       208.5683
2009    27      1.54394186      214.626875
2009    28      1.19774084      191.248975
2009    29      0.75936196      150.7052625
2009    30      1.83525825      230.2768875
2009    31      1.68483125      226.7452
2010    1       2.99408688      267.0496
2010    2       2.93559325      269.82465
2010    3       2.81329138      267.3306625
2010    4       3.9231345       280.01355
2010    5       2.88941575      266.4967
2010    6       3.05064488      261.7249
2010    7       3.91227712      279.9127875
2010    8       4.07211475      281.28295
2010    9       4.42377337      282.0228375
2010    10      4.70090588      282.238
2010    11      3.80381987      276.8156375
2010    12      1.78698162      235.3455
2010    13      1.19262764      196.2883125
2010    14      1.52292112      221.3077125
2010    15      1.876233        232.9132125
2010    16      2.9412655       268.785725
2010    17      2.20480225      250.92315
2010    18      2.17050737      250.99685
2010    19      2.032618        246.6397
2010    20      2.05499575      246.5495625
2010    21      1.825289        236.6582125
2010    22      1.2274905       199.3813625
2010    23      2.29579735      229.77635
2010    24      2.261655        246.7573125
2010    25      1.66598175      224.4249625
2010    26      2.49959175      241.8283625
2010    27      1.05487734      181.2560125
2010    28      0.67195014      137.84857875
2010    29      0.92647641      169.8305875
2010    30      1.09878526      181.039575
2010    31      1.676068        223.52065
2011    1       2.59406775      263.8136
2011    2       3.64840625      274.156175
2011    3       4.09284638      275.2069625
2011    4       3.203948        268.5294
2011    5       3.091046        267.102625
2011    6       3.026884        266.5028125
2011    7       3.96358038      276.8507875
2011    8       4.04559613      279.1990875
2011    9       3.50742612      272.2176375
2011    10      3.7347175       270.6186625
2011    11      1.28168891      201.2693
2011    12      1.15625495      190.1637875
2011    13      1.04654114      178.7257875
2011    14      0.57523831      121.8145775
2011    15      0.88040689      164.7916
2011    16      3.46272325      248.9984625
2011    17      4.14251688      275.7270875
2011    18      2.24773812      249.67715
2011    19      2.26161075      253.57085
2011    20      3.04376475      264.49655
2011    21      1.74119412      228.6906
2011    22      3.61369125      271.796775
2011    23      1.22485527      193.14705
2011    24      0.90106864      167.553875
2011    25      1.05726524      181.724225
2011    26      0.5916535       127.801075
2011    27      2.2801333       233.469225
2011    28      1.16938665      187.78405
2011    29      1.46999852      213.21615
2011    30      4.09960462      277.1765875
2011    31      6.02101325      282.7784375
2012    1       1.15883818      194.9096875
2012    2       1.2431551       202.605475
2012    3       1.86254912      239.7975625
2012    4       2.40697762      255.5601875
2012    5       1.45584275      216.8496625
2012    6       1.1378245       193.3072125
2012    7       1.11586189      190.2007
2012    8       1.43800962      215.21095
2012    9       1.34877412      208.6527625
2012    10      1.87667262      235.9608
2012    11      1.48282875      219.6996875
2012    12      1.31016175      207.436175
2012    13      1.22621812      200.93015
2012    14      2.471031        244.871675
2012    15      3.66558275      273.1127
2012    16      2.53741738      256.6243
2012    17      1.95149175      230.6804375
2012    18      1.3341915       205.7056
2012    19      1.01393114      180.4920625
2012    20      1.2195203       189.3720125
2012    21      2.343002        252.9274625
2012    22      2.72515538      260.5180875
2012    23      3.18224062      267.89125
2012    24      3.37254838      269.9533375
2012    25      3.1367055       268.3730625
2012    26      2.9881165       263.891425
2012    27      3.54124038      271.166325
2012    28      3.30435138      268.218325
2012    29      2.08202         243.2134875
2012    30      3.02639675      257.9094
2012    31      1.44602525      208.7144875
2013    1       1.5733075       220.8207
2013    2       1.13949938      191.2509
2013    3       1.1552025       195.2837375
2013    4       1.83999425      235.0852375
2013    5       2.22354338      249.91285
2013    6       1.29119087      201.4783
2013    7       1.24336624      195.6175375
2013    8       2.02039362      238.5293
2013    9       1.17867936      187.282725
2013    10      1.14447788      191.7971125
2013    11      1.20993072      198.220175
2013    12      0.77976104      153.422775
2013    13      1.49014562      218.48375
2013    14      1.84584637      238.679775
2013    15      1.34516504      204.0675875
2013    16      2.34743175      248.6641875
2013    17      2.2216985       249.7807
2013    18      1.52347488      210.5753625
2013    19      0.95254144      169.716725
2013    20      1.25159675      200.2330125
2013    21      1.35071262      209.020475
2013    22      1.37236413      206.542375
2013    23      1.82819737      233.71155
2013    24      1.84842225      234.7600375
2013    25      2.271299        247.558025
2013    26      3.4706225       272.314275
2013    27      3.08687025      266.6071
2013    28      2.18044413      245.4465625
2013    29      2.80111038      259.6787125
2013    30      3.70345862      267.841925
2013    31      4.83859712      276.37895
2014    1       1.34708484      198.3582625
2014    2       1.18622375      195.735875
2014    3       2.07058162      238.3592375
2014    4       2.01337762      243.047175
2014    5       1.77869812      231.9043375
2014    6       1.84788862      238.2714375
2014    7       1.44157401      214.701925
2014    8       0.91984419      165.674325
2014    9       1.84007637      233.6359625
2014    10      2.5288395       251.471475
2014    11      2.00527188      243.60805
2014    12      1.54938112      202.74428625
2014    13      0.40014693      93.3135325
2014    14      0.75996311      148.59885
2014    15      0.59767788      127.4763875
2014    16      0.58413545      125.92962
2014    17      0.88068168      164.1657625
2014    18      0.81296425      155.88937
2014    19      1.36924241      190.43859375
2014    20      1.66009688      225.610525
2014    21      1.542079        221.73795
2014    22      1.28769062      204.983575
2014    23      2.90936762      246.0569625
2014    24      5.369286        281.1942
2014    25      3.60591375      254.0994625
2014    26      1.35638605      201.7941625
2014    27      1.02904519      181.4540375
2014    28      1.19811313      198.3952875
2014    29      1.02529134      181.348
2014    30      1.11174129      188.7014375
2014    31      1.18713489      191.46125
2015    1       1.8734875       235.9650875
2015    2       1.12956448      184.5019125
2015    3       1.45583705      200.845125
2015    4       2.91556238      264.053375
2015    5       1.24454501      199.67575
2015    6       1.76125358      225.4453875
2015    7       1.15345262      189.1036125
2015    8       0.87097548      165.0261
2015    9       1.66043208      219.7816375
2015    10      2.08243487      243.75975
2015    11      2.51139688      254.7798625
2015    12      1.53708538      221.292075
2015    13      2.20160962      249.951925
2015    14      1.46814388      216.3320875
2015    15      0.94600756      172.5672375
2015    16      1.59638496      216.542275
2015    17      1.59658712      223.4364625
2015    18      1.61970162      225.1438875
2015    19      1.72423075      224.8341875
2015    20      1.96387275      240.3192375
2015    21      3.257479        267.396775
2015    22      3.49534512      268.0267625
2015    23      4.08685912      275.1226625
2015    24      2.29611962      251.1447375
2015    25      2.94176738      262.0350625
2015    26      2.340444        251.655025
2015    27      2.06780112      243.4457125
2015    28      1.549942        222.0392875
2015    29      2.2957725       244.8235875
2015    30      2.48516338      256.7983
2015    31      2.75065962      264.1820375
2016    1       1.18373106      196.794325
2016    2       0.92316252      171.5924375
2016    3       1.2060452       197.08605
2016    4       2.28210938      253.4216875
2016    5       4.02630238      276.9653375
2016    6       3.97084212      278.018525
2016    7       3.15652262      267.6273375
2016    8       1.94353212      239.2627875
2016    9       1.86067562      237.4245375
2016    10      1.6595165       227.1236625
2016    11      2.20087288      244.75235
2016    12      1.91924146      234.6384875
2016    13      1.1224446       185.042625
2016    14      1.20493365      198.08785
2016    15      1.97766162      242.7113875
2016    16      1.66361254      223.0832125
2016    17      0.8281496       156.309425
2016    18      1.21630266      186.7552125
2016    19      1.735462        228.11725
2016    20      0.67247695      134.27297875
2016    21      1.21635262      195.4436375
2016    22      1.27350413      200.045325
2016    23      1.21308962      193.807925
2016    24      1.68832675      226.366925
2016    25      2.92841813      254.791025
2016    26      1.31583986      196.7072625
2016    27      1.32156749      194.30775
2016    28      0.838831        157.99745
2016    29      0.82072085      156.9777
2016    30      1.07613494      179.6378625
2016    31      0.65562788      133.8712425
2017    1       2.66384262      263.0826875
2017    2       2.30512464      242.9582125
2017    3       2.02264962      241.7502
2017    4       1.51596544      218.5080375
2017    5       1.63586475      227.9703875
2017    6       1.31312238      209.4280625
2017    7       1.10686886      191.4422125
2017    8       1.17057347      194.359275
2017    9       1.28889892      199.0598875
2017    10      0.64067735      130.99295625
2017    11      1.458948        217.342225
2017    12      1.26285538      202.1794875
2017    13      1.9067915       235.220175
2017    14      2.49322246      250.6732125
2017    15      1.37461518      208.1409
2017    16      1.1408674       192.9629875
2017    17      1.4077595       209.4123625
2017    18      1.9127895       236.7542875
2017    19      1.68456687      230.4235125
2017    20      3.00363488      270.4312375
2017    21      3.74199038      275.5297875
2017    22      3.674383        276.3628125
2017    23      3.49624975      269.89365
2017    24      1.47766896      210.54395
2017    25      0.67636636      130.94356625
2017    26      0.93984655      169.94415
2017    27      1.06611279      182.0096
2017    28      1.12169541      187.3229625
2017    29      1.07508689      185.9785375
2017    30      1.7200853       226.382725
2017    31      2.53749288      257.28055
2018    1       1.52368484      216.724575
2018    2       2.10793062      244.6842625
2018    3       1.45539788      215.5045875
2018    4       1.58971662      223.46
2018    5       1.61111425      225.8505375
2018    6       1.64483206      214.885975
2018    7       1.75094925      228.8346375
2018    8       1.9818265       232.25375
2018    9       1.60780165      212.08245
2018    10      3.36752638      266.1997125
2018    11      1.91929338      237.8498125
2018    12      1.95957513      242.4422125
2018    13      1.98536325      241.760925
2018    14      2.38779225      249.126225
2018    15      2.95435013      260.478575
2018    16      1.05007004      179.8375875
2018    17      0.8015161       153.0641625
2018    18      0.68414099      139.478825
2018    19      0.78434958      152.659825
2018    20      0.8435472       161.0002
2018    21      1.42359166      204.7879
2018    22      1.45555375      214.4895625
2018    23      1.9281755       236.7029
2018    24      1.949833        238.17855
2018    25      1.8107035       225.43125
2018    26      0.65263285      132.377125
2018    27      1.5262092       204.026
2018    28      4.03103475      269.9543625
2018    29      4.66102925      276.47975
2018    30      2.56717512      258.29495
2018    31      1.9523755       242.0532125
