####################################################################################################
# Month: 08Aug                                                                                     #
# Station: SAN                                                                                     #
# Columns are: year    day     RH (percent)                                                        #
####################################################################################################
9       1       0.337644
9       2       0.23627238
9       3       0.37057562
9       4       0.486566
9       5       0.515035
9       6       0.18545412
9       7       0.06136662
9       8       0.080089
9       9       0.2248115
9       10      0.25457412
9       11      0.26577962
9       12      0.32313875
9       13      0.2639455
9       14      0.1171635
9       15      0.09708612
9       16      0.07878088
9       17      0.09594988
9       18      0.218652
9       19      0.347032
9       20      0.42005825
9       21      0.4792395
9       22      0.67250762
9       23      0.65199225
9       24      0.36233325
9       25      0.3078095
9       26      0.21940075
9       27      0.26555012
9       28      0.279557
9       29      0.37524112
9       30      0.39718225
9       31      0.37661812
