####################################################################################################
# Month: 03Mar                                                                                     #
# Station: DomeC                                                                                   #
# Frequency: 345 GHz                                                                               #
# Columns are: year    day     tau     Tb (K)                                                      #
####################################################################################################
2009    1       0.15117902      39.85858875
2009    2       0.15323398      40.1489725
2009    3       0.15406642      40.20300625
2009    4       0.13680714      36.524715
2009    5       0.10566151      29.959575
2009    6       0.1141258       31.67907375
2009    7       0.11451035      31.68810125
2009    8       0.11146956      31.0774525
2009    9       0.09740726      28.09812875
2009    10      0.12631747      34.19636375
2009    11      0.1424585       37.75945
2009    12      0.1691934       43.10904375
2009    13      0.18892055      47.14456875
2009    14      0.1560594       40.4554275
2009    15      0.13139614      35.4466575
2009    16      0.10423296      29.5784575
2009    17      0.08890767      26.41717625
2009    18      0.11195344      31.31632875
2009    19      0.10592501      29.96456625
2009    20      0.11449526      31.82653125
2009    21      0.13531845      36.11609625
2009    22      0.13359286      35.71838875
2009    23      0.09421878      27.34673625
2009    24      0.10381298      29.29017625
2009    25      0.12899156      34.6891575
2009    26      0.12686654      34.23677875
2009    27      0.12783625      34.3809375
2009    28      0.1137381       31.35229125
2009    29      0.1040458       29.3181425
2009    30      0.09096603      26.52685625
2009    31      0.09037699      26.4152
2010    1       0.14159471      37.65638125
2010    2       0.11740805      32.54238125
2010    3       0.11829716      32.677455
2010    4       0.11933335      32.8687325
2010    5       0.12809706      34.69524625
2010    6       0.1323793       35.5674
2010    7       0.14804476      38.79629875
2010    8       0.1029981       29.3392725
2010    9       0.12322709      33.59089625
2010    10      0.12921624      34.7634375
2010    11      0.1282955       34.5230275
2010    12      0.12340758      33.51854
2010    13      0.11676822      32.0316225
2010    14      0.0976547       28.0423275
2010    15      0.08649469      25.75795
2010    16      0.08533285      25.552825
2010    17      0.0857963       25.69547125
2010    18      0.09816615      28.247055
2010    19      0.14186238      37.37908625
2010    20      0.11842133      32.7750725
2010    21      0.08946736      26.70545625
2010    22      0.11515383      32.1649025
2010    23      0.14264416      37.72334375
2010    24      0.10772589      30.27200125
2010    25      0.10835319      30.28489875
2010    26      0.12494374      33.86257375
2010    27      0.10618678      29.8691
2010    28      0.08220342      24.57121
2010    29      0.08296061      24.6877075
2010    30      0.09779113      28.0824175
2010    31      0.1227693       33.35835375
2011    1       0.15043894      39.20083375
2011    2       0.1267306       34.34683625
2011    3       0.11983949      32.915865
2011    4       0.10258284      29.21024375
2011    5       0.0961969       27.778865
2011    6       0.09742807      27.97308375
2011    7       0.10202688      28.97233625
2011    8       0.1143379       31.63511125
2011    9       0.1236368       33.64920125
2011    10      0.08275527      24.89072375
2011    11      0.08667856      25.742495
2011    12      0.08971838      26.342995
2011    13      0.08602451      25.543485
2011    14      0.08520949      25.2968225
2011    15      0.08308276      24.8215975
2011    16      0.08763199      25.8093525
2011    17      0.08624663      25.55494375
2011    18      0.10938362      30.7351975
2011    19      0.14250374      37.7962575
2011    20      0.09845424      28.50884125
2011    21      0.1191839       32.9274475
2011    22      0.12851256      34.60194875
2011    23      0.13288591      35.53861125
2011    24      0.1056995       30.0885925
2011    25      0.24792079      58.4191575
2011    26      0.21987707      53.4038725
2011    27      0.1368634       36.66063375
2011    28      0.16011314      41.2187
2011    29      0.1412883       37.31586375
2011    30      0.09705563      27.98329875
2011    31      0.11808882      32.35916375
2012    1       0.15051776      39.33967
2012    2       0.1352943       36.114075
2012    3       0.11491391      31.81059
2012    4       0.11083714      30.9339875
2012    5       0.11715692      32.23096375
2012    6       0.10705335      30.12630875
2012    7       0.09856755      28.3755275
2012    8       0.09281162      27.1845925
2012    9       0.11124115      31.11386
2012    10      0.10505081      29.68188875
2012    11      0.11689094      32.12571
2012    12      0.10074915      28.7154975
2012    13      0.12218588      33.293825
2012    14      0.13143908      35.39938625
2012    15      0.1702069       43.3037375
2012    16      0.12084571      33.28418125
2012    17      0.10780229      30.393465
2012    18      0.13426466      35.791015
2012    19      0.10962839      30.59926875
2012    20      0.09568322      27.61482625
2012    21      0.10514974      29.616975
2012    22      0.09503518      27.398645
2012    23      0.09751485      27.91108
2012    24      0.11617451      31.93268375
2012    25      0.1223164       33.25911875
2012    26      0.09763242      28.22148625
2012    27      0.0964201       27.9827025
2012    28      0.09489399      27.513825
2012    29      0.08833959      26.07264625
2012    30      0.08890796      26.162025
2012    31      0.08775953      25.8306575
2013    1       0.09867331      28.3740275
2013    2       0.08072864      24.44675
2013    3       0.08430482      25.1579125
2013    4       0.13947762      36.93699625
2013    5       0.10145869      28.96851875
2013    6       0.10258384      29.17412125
2013    7       0.10724247      30.087505
2013    8       0.10521435      29.60733125
2013    9       0.12641317      34.18029625
2013    10      0.11425582      31.7204775
2013    11      0.15143958      39.50485625
2013    12      0.14723735      38.67198375
2013    13      0.11116124      31.067405
2013    14      0.1240293       33.700965
2013    15      0.11549711      31.82190375
2013    16      0.11219004      31.05772625
2013    17      0.10971994      30.64602375
2013    18      0.10517241      29.7346575
2013    19      0.1409294       37.10113625
2013    20      0.11678973      32.04107125
2013    21      0.10085388      28.63667875
2013    22      0.11241356      31.07244625
2013    23      0.14484391      38.02922125
2013    24      0.11095367      30.84404875
2013    25      0.0754191       23.1923925
2013    26      0.06799291      21.48173625
2013    27      0.06790347      21.38736375
2013    28      0.07848016      23.74309625
2013    29      0.11084022      30.68977875
2013    30      0.12290646      33.2481575
2013    31      0.10289084      29.02642125
2014    1       0.17623771      44.5885125
2014    2       0.13064804      35.43992
2014    3       0.14762458      38.70597
2014    4       0.1104835       31.04185
2014    5       0.12583624      34.29700625
2014    6       0.10788046      30.42754625
2014    7       0.10180735      29.08751125
2014    8       0.11282132      31.50086875
2014    9       0.11029599      30.9526675
2014    10      0.10032383      28.59499125
2014    11      0.11435834      31.5560225
2014    12      0.11042051      30.7427425
2014    13      0.10532125      29.622575
2014    14      0.09629886      27.6922425
2014    15      0.08259309      24.84173625
2014    16      0.09911496      28.44910875
2014    17      0.08667782      25.82417
2014    18      0.09311378      27.1196825
2014    19      0.09278649      27.04846875
2014    20      0.11915505      32.63413625
2014    21      0.11503226      31.76818125
2014    22      0.12748005      34.39490625
2014    23      0.100357        28.5815225
2014    24      0.07194521      22.4788125
2014    25      0.08012967      24.12552375
2014    26      0.08314921      24.7812225
2014    27      0.08387876      24.88173625
2014    28      0.06872432      21.520045
2014    29      0.07391674      22.7373475
2014    30      0.09156172      26.5608725
2014    31      0.08626064      25.5399775
2015    1       0.12751408      34.6914475
2015    2       0.12519948      34.17591625
2015    3       0.11972466      32.9244025
2015    4       0.12380471      33.73412
2015    5       0.11592862      32.00363375
2015    6       0.12691122      34.34937
2015    7       0.15736451      40.63999125
2015    8       0.15115944      39.415935
2015    9       0.14591544      38.23893625
2015    10      0.1430409       37.6909225
2015    11      0.12624304      34.286155
2015    12      0.15765271      40.96039875
2015    13      0.13267186      35.5256
2015    14      0.11956358      32.7746525
2015    15      0.11502805      31.80777125
2015    16      0.12834001      34.73569625
2015    17      0.11838446      32.6287925
2015    18      0.10190225      29.06717375
2015    19      0.12289406      33.4636375
2015    20      0.17686269      44.58504
2015    21      0.18877698      47.02248625
2015    22      0.15457434      40.02886125
2015    23      0.11549019      31.84069875
2015    24      0.09355868      27.15835625
2015    25      0.09905571      28.35072
2015    26      0.09999696      28.47314875
2015    27      0.09264333      26.850205
2015    28      0.08724134      25.702195
2015    29      0.08033139      24.21617
2015    30      0.08750715      25.6991875
2015    31      0.07688558      23.38282125
2016    1       0.14389225      38.0083825
2016    2       0.19392701      48.0718
2016    3       0.15088945      39.41786875
2016    4       0.11998718      33.12782625
2016    5       0.11342478      31.6967225
2016    6       0.11476669      31.8281975
2016    7       0.11048716      30.857535
2016    8       0.1101567       30.76027
2016    9       0.11387984      31.55131375
2016    10      0.11145684      31.03743125
2016    11      0.12581586      34.00445125
2016    12      0.11809326      32.5059925
2016    13      0.10873198      30.4915425
2016    14      0.10621369      29.8530875
2016    15      0.10386119      29.3034175
2016    16      0.09923298      28.2857225
2016    17      0.09791984      28.0507775
2016    18      0.09569137      27.522695
2016    19      0.09666646      27.69393375
2016    20      0.10312695      29.22583375
2016    21      0.113575        31.367185
2016    22      0.09015098      26.41672875
2016    23      0.10325942      29.2114925
2016    24      0.12307038      33.39440375
2016    25      0.14769746      38.55547
2016    26      0.12365875      33.4872575
2016    27      0.11071771      30.69532625
2016    28      0.11162548      30.8582775
2016    29      0.13095714      34.9776175
2016    30      0.11955678      32.54913875
2016    31      0.0900463       26.383405
2017    1       0.1292099       34.76846125
2017    2       0.1140879       31.61750875
2017    3       0.13356014      35.778865
2017    4       0.11087425      30.89060875
2017    5       0.11321612      31.3240875
2017    6       0.10502973      29.5587825
2017    7       0.10228991      28.96189875
2017    8       0.12374418      33.55927875
2017    9       0.1204702       32.89962
2017    10      0.10343635      29.32141625
2017    11      0.09344111      27.2563875
2017    12      0.09928826      28.39365125
2017    13      0.08946141      26.39015875
2017    14      0.09506957      27.5690725
2017    15      0.09760793      27.97611875
2017    16      0.08930892      26.16353625
2017    17      0.08261324      24.7652875
2017    18      0.08767301      25.94583125
2017    19      0.10156723      28.91097375
2017    20      0.09360848      27.33424
2017    21      0.08235127      24.83004375
2017    22      0.10442286      29.669115
2017    23      0.12555695      34.09912
2017    24      0.12464885      33.83213125
2017    25      0.11835019      32.5360575
2017    26      0.10083661      28.75486625
2017    27      0.08846422      26.12334875
2017    28      0.08563202      25.45859875
2017    29      0.09087476      26.43663
2017    30      0.0949477       27.2994175
2017    31      0.07623905      23.30426125
2018    1       0.10383002      29.41961
2018    2       0.10399095      29.49002125
2018    3       0.11602466      32.04189375
2018    4       0.12356755      33.613905
2018    5       0.11076081      30.8654325
2018    6       0.12254419      33.37867375
2018    7       0.10059882      28.6866075
2018    8       0.09109097      26.61955125
2018    9       0.08940934      26.15536375
2018    10      0.09827421      28.02868125
2018    11      0.10948794      30.383995
2018    12      0.11338704      31.2200375
2018    13      0.09417353      27.1190275
2018    14      0.09022768      26.49295625
2018    15      0.11231749      31.39223125
2018    16      0.08784621      26.00521625
2018    17      0.10294496      29.18600625
2018    18      0.11170036      31.18290875
2018    19      0.18895468      47.00742375
2018    20      0.18658094      46.69852875
2018    21      0.12435922      33.99789625
2018    22      0.11683462      32.32437625
2018    23      0.14182675      37.37031125
2018    24      0.14706585      38.36938375
2018    25      0.12295082      33.3472825
2018    26      0.16145128      41.464075
2018    27      0.12035679      32.87309
2018    28      0.15267049      39.64790125
2018    29      0.15410058      40.2569225
2018    30      0.12832676      34.9422925
2018    31      0.13037328      35.11510125
