####################################################################################################
# Month: 06Jun                                                                                     #
# Station: HAY                                                                                     #
# Columns are: year    day     segment         windspeed (m/s)                                     #
####################################################################################################
2009    1       0       17.891827
2009    1       1       16.32033
2009    1       2       13.356808
2009    1       3       12.496011
2009    1       4       10.718488
2009    1       5       6.935543
2009    1       6       7.24247
2009    1       7       7.807673
2009    2       0       9.285965
2009    2       1       10.678598
2009    2       2       17.377715
2009    2       3       18.168133
2009    2       4       14.527774
2009    2       5       6.903293
2009    2       6       4.944165
2009    2       7       4.579311
2009    3       0       3.90284
2009    3       1       2.180867
2009    3       2       3.380945
2009    3       3       5.835978
2009    3       4       7.092817
2009    3       5       4.640388
2009    3       6       3.284466
2009    3       7       4.483435
2009    4       0       5.630618
2009    4       1       7.77882
2009    4       2       6.976135
2009    4       3       3.667489
2009    4       4       4.433038
2009    4       5       3.707489
2009    4       6       2.081072
2009    4       7       1.550059
2009    5       0       2.262231
2009    5       1       1.704157
2009    5       2       0.631735
2009    5       3       2.087428
2009    5       4       4.332186
2009    5       5       4.060349
2009    5       6       4.601156
2009    5       7       5.912101
2009    6       0       8.417833
2009    6       1       7.568073
2009    6       2       4.61374
2009    6       3       5.386292
2009    6       4       4.993329
2009    6       5       2.276912
2009    6       6       4.705532
2009    6       7       6.103162
2009    7       0       9.509008
2009    7       1       12.804997
2009    7       2       14.744473
2009    7       3       13.699268
2009    7       4       9.451395
2009    7       5       6.010278
2009    7       6       6.403834
2009    7       7       7.271649
2009    8       0       6.242075
2009    8       1       4.951251
2009    8       2       4.441242
2009    8       3       4.715053
2009    8       4       4.106698
2009    8       5       3.751275
2009    8       6       3.722946
2009    8       7       3.549366
2009    9       0       1.893447
2009    9       1       1.756521
2009    9       2       4.47385
2009    9       3       7.759511
2009    9       4       12.336579
2009    9       5       12.781089
2009    9       6       9.654336
2009    9       7       7.028992
2009    10      0       6.395237
2009    10      1       4.057073
2009    10      2       3.876994
2009    10      3       3.269179
2009    10      4       1.727947
2009    10      5       1.221076
2009    10      6       2.039927
2009    10      7       2.143287
2009    11      0       2.122776
2009    11      1       1.995394
2009    11      2       2.325489
2009    11      3       2.533242
2009    11      4       2.8644
2009    11      5       2.242329
2009    11      6       3.297164
2009    11      7       3.027747
2009    12      0       4.980749
2009    12      1       8.928347
2009    12      2       13.480502
2009    12      3       17.635756
2009    12      4       17.209925
2009    12      5       9.625213
2009    12      6       5.194673
2009    12      7       4.604213
2009    13      0       6.760924
2009    13      1       8.483377
2009    13      2       6.919089
2009    13      3       4.880124
2009    13      4       3.560568
2009    13      5       1.925369
2009    13      6       1.682526
2009    13      7       0.284112
2009    14      0       1.615438
2009    14      1       4.200451
2009    14      2       7.053795
2009    14      3       8.377468
2009    14      4       6.342884
2009    14      5       4.233574
2009    14      6       2.234509
2009    14      7       0.591277
2009    15      0       1.184674
2009    15      1       1.655934
2009    15      2       1.699302
2009    15      3       2.157903
2009    15      4       2.162167
2009    15      5       3.201139
2009    15      6       3.931314
2009    15      7       4.943766
2009    16      0       5.115241
2009    16      1       4.092578
2009    16      2       4.247534
2009    16      3       3.289411
2009    16      4       4.53954
2009    16      5       3.668483
2009    16      6       3.763638
2009    16      7       3.329621
2009    17      0       2.512451
2009    17      1       2.789173
2009    17      2       2.954762
2009    17      3       2.525984
2009    17      4       3.699203
2009    17      5       4.536251
2009    17      6       5.190098
2009    17      7       6.96357
2009    18      0       8.527948
2009    18      1       9.743659
2009    18      2       10.519229
2009    18      3       10.80779
2009    18      4       10.366673
2009    18      5       10.325106
2009    18      6       10.069878
2009    18      7       12.648986
2009    19      0       14.380167
2009    19      1       14.391783
2009    19      2       13.981143
2009    19      3       15.499503
2009    19      4       13.977722
2009    19      5       5.269261
2009    19      6       2.00162
2009    19      7       3.776791
2009    20      0       4.830925
2009    20      1       5.940957
2009    20      2       5.876295
2009    20      3       6.220522
2009    20      4       3.391384
2009    20      5       2.247072
2009    20      6       2.673992
2009    20      7       2.48186
2009    21      0       3.408926
2009    21      1       4.657488
2009    21      2       5.9933
2009    21      3       8.88119
2009    21      4       11.987003
2009    21      5       11.052479
2009    21      6       12.72912
2009    21      7       16.380203
2009    22      0       16.388867
2009    22      1       17.503324
2009    22      2       16.553788
2009    22      3       16.600455
2009    22      4       15.852732
2009    22      5       13.279703
2009    22      6       13.998151
2009    22      7       16.061078
2009    23      0       15.913729
2009    23      1       17.085123
2009    23      2       14.98907
2009    23      3       14.197704
2009    23      4       13.042359
2009    23      5       8.61261
2009    23      6       8.228682
2009    23      7       10.108189
2009    24      0       11.32227
2009    24      1       11.112781
2009    24      2       9.849505
2009    24      3       9.945566
2009    24      4       10.293769
2009    24      5       8.558372
2009    24      6       6.887019
2009    24      7       5.576918
2009    25      0       5.472577
2009    25      1       4.393877
2009    25      2       2.190458
2009    25      3       2.710491
2009    25      4       3.045471
2009    25      5       1.055868
2009    25      6       1.230537
2009    25      7       2.548546
2009    26      0       4.500799
2009    26      1       6.575332
2009    26      2       7.192505
2009    26      3       7.690766
2009    26      4       5.697723
2009    26      5       3.788114
2009    26      6       6.769937
2009    26      7       6.478643
2009    27      0       7.657296
2009    27      1       5.968701
2009    27      2       6.941227
2009    27      3       4.057383
2009    27      4       2.197725
2009    27      5       1.645276
2009    27      6       0.84458
2009    27      7       2.27505
2009    28      0       4.248325
2009    28      1       5.127504
2009    28      2       9.737044
2009    28      3       7.512265
2009    28      4       5.752599
2009    28      5       3.591293
2009    28      6       4.567801
2009    28      7       4.771376
2009    29      0       5.06709
2009    29      1       4.84257
2009    29      2       3.733378
2009    29      3       3.691658
2009    29      4       3.75093
2009    29      5       3.450585
2009    29      6       2.658526
2009    29      7       3.41322
2009    30      0       4.073185
2009    30      1       5.151756
2009    30      2       3.065707
2009    30      3       0.437859
2009    30      4       1.808058
2009    30      5       2.074074
2009    30      6       3.681944
2009    30      7       5.483089
