####################################################################################################
# Month: 07Jul                                                                                     #
# Station: LOS                                                                                     #
# Columns are: year    day     windspeed (m/s)                                                     #
####################################################################################################
2009    1       2.17399812
2009    2       3.4197655
2009    3       6.51677338
2009    4       5.24027738
2009    5       5.03759812
2009    6       5.83737113
2009    7       8.37299488
2009    8       8.8462375
2009    9       6.86576275
2009    10      6.33172812
2009    11      4.16817575
2009    12      4.409104
2009    13      3.25371788
2009    14      5.88781138
2009    15      5.73567675
2009    16      3.66299238
2009    17      3.7287035
2009    18      5.60201463
2009    19      4.643093
2009    20      7.82965475
2009    21      4.116349
2009    22      4.304534
2009    23      2.6115865
2009    24      3.77042312
2009    25      3.86482788
2009    26      5.756974
2009    27      7.2566255
2009    28      4.78413238
2009    29      9.38295013
2009    30      8.980304
2009    31      6.84575238
