####################################################################################################
# Month: 07Jul                                                                                     #
# Station: LOS                                                                                     #
# Columns are: year    day     RH (percent)                                                        #
####################################################################################################
9       1       0.59320712
9       2       0.49109038
9       3       0.77314112
9       4       0.7724685
9       5       0.86337375
9       6       0.46818225
9       7       0.26948825
9       8       0.36832562
9       9       0.28603575
9       10      0.60368075
9       11      0.53132
9       12      0.27421613
9       13      0.275874
9       14      0.39867213
9       15      0.30784125
9       16      0.37953388
9       17      0.43954762
9       18      0.51110112
9       19      0.45447838
9       20      0.46166912
9       21      0.72354025
9       22      0.73338275
9       23      0.5906545
9       24      0.56396012
9       25      0.56151412
9       26      0.78245125
9       27      0.73461425
9       28      0.59197588
9       29      0.57325487
9       30      0.6710545
9       31      0.57903325
