####################################################################################################
# Month: 07Jul                                                                                     #
# Station: LOS                                                                                     #
# Columns are: year    day     segment         RH (percent)                                        #
####################################################################################################
9       1       0       0.474668
9       1       1       0.624519
9       1       2       0.674671
9       1       3       0.655249
9       1       4       0.603179
9       1       5       0.64682
9       1       6       0.588688
9       1       7       0.477863
9       2       0       0.475385
9       2       1       0.513102
9       2       2       0.496024
9       2       3       0.473893
9       2       4       0.49304
9       2       5       0.531702
9       2       6       0.532036
9       2       7       0.413541
9       3       0       0.363542
9       3       1       0.376178
9       3       2       0.707249
9       3       3       0.954769
9       3       4       0.955069
9       3       5       0.960797
9       3       6       0.948642
9       3       7       0.918883
9       4       0       0.840329
9       4       1       0.741268
9       4       2       0.669394
9       4       3       0.652741
9       4       4       0.701541
9       4       5       0.797042
9       4       6       0.888477
9       4       7       0.888956
9       5       0       0.918902
9       5       1       0.898827
9       5       2       0.936841
9       5       3       0.894839
9       5       4       0.847535
9       5       5       0.835014
9       5       6       0.881728
9       5       7       0.693304
9       6       0       0.499258
9       6       1       0.405384
9       6       2       0.427513
9       6       3       0.4624
9       6       4       0.446468
9       6       5       0.469584
9       6       6       0.592603
9       6       7       0.442248
9       7       0       0.414163
9       7       1       0.44488
9       7       2       0.249243
9       7       3       0.173729
9       7       4       0.167532
9       7       5       0.176418
9       7       6       0.260936
9       7       7       0.269005
9       8       0       0.242065
9       8       1       0.236259
9       8       2       0.26842
9       8       3       0.325283
9       8       4       0.449475
9       8       5       0.516896
9       8       6       0.51708
9       8       7       0.391127
9       9       0       0.305095
9       9       1       0.261147
9       9       2       0.269428
9       9       3       0.28718
9       9       4       0.240575
9       9       5       0.200034
9       9       6       0.338111
9       9       7       0.386716
9       10      0       0.450571
9       10      1       0.594306
9       10      2       0.652712
9       10      3       0.662764
9       10      4       0.588125
9       10      5       0.579168
9       10      6       0.67148
9       10      7       0.63032
9       11      0       0.569985
9       11      1       0.559806
9       11      2       0.555795
9       11      3       0.587016
9       11      4       0.555677
9       11      5       0.553608
9       11      6       0.496479
9       11      7       0.372194
9       12      0       0.313097
9       12      1       0.26416
9       12      2       0.231507
9       12      3       0.241277
9       12      4       0.26158
9       12      5       0.277501
9       12      6       0.33917
9       12      7       0.265437
9       13      0       0.237258
9       13      1       0.245528
9       13      2       0.252801
9       13      3       0.268054
9       13      4       0.265316
9       13      5       0.285938
9       13      6       0.346557
9       13      7       0.30554
9       14      0       0.312589
9       14      1       0.393428
9       14      2       0.466771
9       14      3       0.515342
9       14      4       0.439615
9       14      5       0.357254
9       14      6       0.379712
9       14      7       0.324666
9       15      0       0.271838
9       15      1       0.275526
9       15      2       0.278048
9       15      3       0.293251
9       15      4       0.295733
9       15      5       0.34118
9       15      6       0.36994
9       15      7       0.337214
9       16      0       0.319723
9       16      1       0.324941
9       16      2       0.352744
9       16      3       0.372774
9       16      4       0.391499
9       16      5       0.44755
9       16      6       0.484159
9       16      7       0.342881
9       17      0       0.253291
9       17      1       0.322357
9       17      2       0.499184
9       17      3       0.433384
9       17      4       0.431914
9       17      5       0.527606
9       17      6       0.588222
9       17      7       0.460423
9       18      0       0.43844
9       18      1       0.515395
9       18      2       0.556015
9       18      3       0.582486
9       18      4       0.541819
9       18      5       0.469859
9       18      6       0.544901
9       18      7       0.439894
9       19      0       0.430186
9       19      1       0.498887
9       19      2       0.537894
9       19      3       0.509899
9       19      4       0.437847
9       19      5       0.318477
9       19      6       0.501538
9       19      7       0.401099
9       20      0       0.318891
9       20      1       0.318144
9       20      2       0.431606
9       20      3       0.503114
9       20      4       0.526434
9       20      5       0.582674
9       20      6       0.555798
9       20      7       0.456692
9       21      0       0.514686
9       21      1       0.536197
9       21      2       0.70116
9       21      3       0.814671
9       21      4       0.730171
9       21      5       0.719029
9       21      6       0.822442
9       21      7       0.949966
9       22      0       0.937925
9       22      1       0.847675
9       22      2       0.78711
9       22      3       0.754016
9       22      4       0.713115
9       22      5       0.599578
9       22      6       0.73022
9       22      7       0.497423
9       23      0       0.428967
9       23      1       0.667339
9       23      2       0.697202
9       23      3       0.621584
9       23      4       0.534792
9       23      5       0.484098
9       23      6       0.702969
9       23      7       0.588285
9       24      0       0.576236
9       24      1       0.721633
9       24      2       0.686702
9       24      3       0.566636
9       24      4       0.52894
9       24      5       0.514878
9       24      6       0.537149
9       24      7       0.379507
9       25      0       0.35159
9       25      1       0.450023
9       25      2       0.512976
9       25      3       0.544362
9       25      4       0.584001
9       25      5       0.686902
9       25      6       0.70263
9       25      7       0.659629
9       26      0       0.67295
9       26      1       0.760331
9       26      2       0.836613
9       26      3       0.838342
9       26      4       0.825322
9       26      5       0.650479
9       26      6       0.841973
9       26      7       0.8336
9       27      0       0.790189
9       27      1       0.738398
9       27      2       0.813267
9       27      3       0.788447
9       27      4       0.76827
9       27      5       0.692095
9       27      6       0.738687
9       27      7       0.547561
9       28      0       0.50275
9       28      1       0.67605
9       28      2       0.649702
9       28      3       0.558257
9       28      4       0.607244
9       28      5       0.571285
9       28      6       0.652494
9       28      7       0.518025
9       29      0       0.436472
9       29      1       0.441939
9       29      2       0.669763
9       29      3       0.64615
9       29      4       0.4559
9       29      5       0.563157
9       29      6       0.734603
9       29      7       0.638055
9       30      0       0.602125
9       30      1       0.637533
9       30      2       0.747542
9       30      3       0.643736
9       30      4       0.73958
9       30      5       0.651232
9       30      6       0.710535
9       30      7       0.636153
9       31      0       0.727069
9       31      1       0.532035
9       31      2       0.426124
9       31      3       0.450746
9       31      4       0.501587
9       31      5       0.618852
9       31      6       0.730229
9       31      7       0.645624
