####################################################################################################
# Month: 04Apr                                                                                     #
# Station: FUJI                                                                                    #
# Frequency: 345 GHz                                                                               #
# Columns are: year    day     tau     Tb (K)                                                      #
####################################################################################################
2009    1       0.19388068      49.12057
2009    2       0.10485875      30.33428
2009    3       0.2519062       60.92659625
2009    4       0.5611608       111.91103125
2009    5       0.2894081       65.1015225
2009    6       0.0682438       22.700045
2009    7       0.11420934      33.1349975
2009    8       0.14176014      38.60164
2009    9       0.07497247      24.23718375
2009    10      0.07460195      24.16937875
2009    11      0.12387106      34.1513025
2009    12      0.45756112      97.71253375
2009    13      0.37454431      79.2795925
2009    14      1.14138258      170.18262625
2009    15      0.15550853      41.685915
2009    16      0.55540079      112.7127575
2009    17      0.30682809      68.70004875
2009    18      0.39896495      89.25044
2009    19      0.27707769      66.8802925
2009    20      0.86125105      138.859015
2009    21      0.47811804      94.501405
2009    22      0.27403859      63.63705625
2009    23      0.23149399      56.9566025
2009    24      0.78493379      134.90308
2009    25      0.80092118      115.27681
2009    26      0.10074771      30.628665
2009    27      0.1263999       36.00905125
2009    28      0.19375857      48.772675
2009    29      0.09545156      28.82929625
2009    30      0.10613331      31.75162125
2010    1       0.7621501       136.7977175
2010    2       0.86674721      143.9064275
2010    3       0.07822808      24.91218125
2010    4       0.28068458      65.91019875
2010    5       0.37552524      80.3371275
2010    6       0.48376131      100.4443375
2010    7       0.37380588      72.25682
2010    8       0.07639358      24.26520875
2010    9       0.44567354      93.18041875
2010    10      0.30882884      71.29732
2010    11      0.82515874      146.6981
2010    12      1.13778386      168.06495375
2010    13      0.29652056      69.6942
2010    14      0.8862745       147.9244875
2010    15      1.07369477      169.4427
2010    16      0.52187654      102.4799675
2010    17      0.08898993      27.37230625
2010    18      0.4092695       86.514085
2010    19      0.51321646      101.395135
2010    20      0.80928174      140.75091875
2010    21      0.9115715       151.4469375
2010    22      1.57085828      208.4454875
2010    23      0.68824692      112.32038125
2010    24      0.11524822      32.87706625
2010    25      0.09719676      29.08571375
2010    26      0.55379146      104.19199875
2010    27      0.9321874       152.4268475
2010    28      0.23730249      58.77721625
2010    29      0.23746162      55.89515875
2010    30      0.10225688      30.80260875
2011    1       0.20076946      51.247165
2011    2       0.65393825      125.4993875
2011    3       0.32700661      69.94282125
2011    4       0.06570091      22.0189825
2011    5       0.06444742      21.62415125
2011    6       0.0892078       26.51947625
2011    7       0.32887816      75.1426525
2011    8       0.72777365      134.89051
2011    9       0.50166659      102.6454975
2011    10      0.14856076      40.1039575
2011    11      0.20998014      51.84359125
2011    12      0.13796093      37.76664625
2011    13      0.07632125      24.6042975
2011    14      0.20517976      49.014955
2011    15      0.76999619      138.26720625
2011    16      0.1162218       32.9094325
2011    17      0.28247595      64.0551225
2011    18      0.43143041      88.76638375
2011    19      0.17294105      45.330515
2011    20      0.22986713      56.56110125
2011    21      0.3535569       79.775885
2011    22      0.90482595      155.4548625
2011    23      0.67265394      114.6082975
2011    24      0.12280164      34.75152625
2011    25      0.25137265      58.83969375
2011    26      0.63405005      123.49607375
2011    27      0.5344525       106.5194775
2011    28      0.10782307      31.520735
2011    29      0.32707299      73.45581875
2011    30      0.88969291      154.108825
2012    1       0.13752822      37.8724425
2012    2       0.24099101      58.34226125
2012    3       0.38673224      76.64258
2012    4       0.10257922      30.4396525
2012    5       0.20015829      49.97213875
2012    6       0.08037746      25.3580575
2012    7       0.07289785      23.62317125
2012    8       0.16023245      42.82590375
2012    9       0.11689524      33.70518375
2012    10      0.56075514      105.78705125
2012    11      0.72370749      117.80530625
2012    12      0.40246006      82.86060625
2012    13      1.01300201      167.4011125
2012    14      0.39454059      84.13193875
2012    15      0.22145744      54.67446625
2012    16      0.54184736      108.4341975
2012    17      0.24686556      58.31622
2012    18      0.18389282      47.960765
2012    19      0.25678722      60.32669875
2012    20      0.46874814      96.027565
2012    21      0.59139279      109.898815
2012    22      1.21600146      174.02445625
2012    23      0.13964805      39.230205
2012    24      0.16041683      43.8729975
2012    25      0.58127405      98.78938125
2012    26      1.20566775      178.6303325
2012    27      0.13431874      37.956385
2012    28      0.14446925      40.55289
2012    29      0.37461244      82.08875375
2012    30      0.86607904      151.7799125
2013    1       0.26228074      62.77701375
2013    2       0.77753941      137.318245
2013    3       0.27799973      61.5184025
2013    4       0.27746919      66.3894025
2013    5       0.22812818      57.76980875
2013    6       1.11813386      168.2986
2013    7       0.15621077      42.28444375
2013    8       0.16728093      43.329625
2013    9       0.36002181      78.9666875
2013    10      0.2008538       48.40111125
2013    11      0.11358406      32.88477125
2013    12      0.09499165      28.81037375
2013    13      0.10509016      30.97736625
2013    14      0.28796168      68.11752125
2013    15      0.28662395      68.5565675
2013    16      0.32656952      74.81601625
2013    17      0.41330812      87.1733225
2013    18      0.36737464      83.504865
2013    19      0.48747812      98.02347125
2013    20      0.94501136      160.347225
2013    21      0.14573528      38.40108
2013    22      0.12684845      34.83168375
2013    23      0.90641654      154.671325
2013    24      0.79078006      131.48234375
2013    25      0.23130616      56.74573125
2013    26      0.13112968      36.80304375
2013    27      0.1236067       35.10871625
2013    28      0.16251256      43.3843875
2013    29      0.44770082      95.0362725
2013    30      1.2444612       185.54225
2014    1       0.22556295      55.976435
2014    2       0.42403379      92.0880625
2014    3       0.49689156      100.9579225
2014    4       0.15717251      40.68718625
2014    5       0.19629795      47.76806375
2014    6       0.13555683      37.2641475
2014    7       0.18656659      47.96323125
2014    8       0.11882208      34.00461875
2014    9       0.09357296      28.6119825
2014    10      0.2007599       50.63086625
2014    11      0.14200621      38.6060175
2014    12      0.19408076      49.4753325
2014    13      0.31269939      70.9208575
2014    14      0.05761347      20.22770875
2014    15      0.16079868      42.86778
2014    16      0.3723829       81.84653875
2014    17      0.69936404      128.43649875
2014    18      0.49832589      98.778775
2014    19      0.29195489      68.10579
2014    20      0.41977989      89.559775
2014    21      0.79136334      141.5419
2014    22      0.81966131      139.4248175
2014    23      0.1128575       32.69456125
2014    24      0.09952314      29.725525
2014    25      0.26913576      63.991835
2014    26      0.12786156      35.78402125
2014    27      0.1999304       50.03702375
2014    28      0.79320036      144.5605625
2014    29      1.07370056      172.7208625
2014    30      0.92316001      158.5097625
2015    1       0.47359733      95.8888375
2015    2       0.3595892       84.0204225
2015    3       0.7469067       138.7657
2015    4       0.59494879      106.99423625
2015    5       1.04690871      169.4645875
2015    6       1.27484979      190.7212375
2015    7       1.25521687      189.8924125
2015    8       0.60995769      108.66371375
2015    9       0.3110663       70.944125
2015    10      0.98998985      164.89995
2015    11      0.2360933       54.76725875
2015    12      0.58500806      106.79254625
2015    13      1.13377238      176.567475
2015    14      1.08875881      165.75152125
2015    15      0.26112735      62.63519
2015    16      0.42167792      90.2542025
2015    17      0.20579377      51.59239625
2015    18      0.42076236      88.0590525
2015    19      0.98365002      165.647
2015    20      1.44270412      205.003075
2015    21      0.70402975      126.09404125
2015    22      0.49687842      102.50789125
2015    23      0.17360104      45.41936875
2015    24      0.23188551      57.51225
2015    25      0.15436592      41.69892875
2015    26      0.12319726      35.65243375
2015    27      0.12959014      37.0915125
2015    28      0.37406888      80.30492125
2015    29      0.39732224      86.21483
2015    30      0.31492758      75.315255
2016    1       0.55325465      110.6947675
2016    2       0.33345655      75.8908125
2016    3       0.8832222       150.49905
2016    4       0.64733172      117.73916375
2016    5       0.38397274      81.97376125
2016    6       0.55946046      98.397835
2016    7       0.99397352      152.69627125
2016    8       0.30226952      66.0180175
2016    9       0.2046727       51.51112625
2016    10      0.31493838      70.6083025
2016    11      0.10550187      31.5771425
2016    12      0.28973131      67.06124375
2016    13      0.7666783       140.5289375
2016    14      0.24249581      57.61389625
2016    15      0.22055987      55.05682625
2016    16      0.54141552      100.2542125
2016    17      0.41655028      80.71850125
2016    18      1.09284644      154.98452
2016    19      0.15498415      42.13756125
2016    20      0.83120089      144.98884375
2016    21      1.52684392      194.96800125
2016    22      0.20339531      53.02378
2016    23      1.28302101      182.871645
2016    24      0.81022471      145.8414525
2016    25      0.25336516      61.87217
2016    26      0.24179841      58.4152575
2016    27      1.04767507      169.4362125
2016    28      0.55405125      110.1277675
2016    29      0.09602898      29.02128375
2016    30      0.41326884      90.85546375
2017    1       0.29584482      62.32735875
2017    2       0.19037416      48.2057525
2017    3       0.13387072      36.45400625
2017    4       0.16555531      43.49436125
2017    5       0.43179099      91.705645
2017    6       0.84277786      145.45799375
2017    7       0.38766074      82.51290625
2017    8       0.73172516      132.85871
2017    9       0.51989829      107.5722675
2017    10      0.76318684      135.6098625
2017    11      0.82041584      126.09165
2017    12      0.27991244      64.74707125
2017    13      0.07240393      23.75976
2017    14      0.14810581      40.29093875
2017    15      0.3832681       83.4599225
2017    16      0.28230047      64.7169225
2017    17      1.18292618      177.320525
2017    18      0.19754323      51.12867875
2017    19      0.23880523      55.3091725
2017    20      0.84328005      150.06915
2017    21      0.66703945      127.20994875
2017    22      0.36005098      76.1475425
2017    23      0.06694471      22.51116125
2017    24      0.063423        21.54588625
2017    25      0.3719419       77.0902575
2017    26      1.18197334      181.8303875
2017    27      0.41079722      86.09115375
2017    28      0.18342869      47.21617
2017    29      0.2639431       63.3809175
2017    30      0.18591706      49.18221125
2018    1       0.46560106      98.92297875
2018    2       0.30249539      71.576775
2018    3       0.27563017      66.920345
2018    4       0.38398458      84.59118125
2018    5       0.34589339      81.66055
2018    6       1.0162745       167.2207675
2018    7       0.55091323      94.21439375
2018    8       0.15879092      42.17988125
2018    9       0.2379867       58.55631625
2018    10      0.20050741      51.56832625
2018    11      0.48666994      100.51567
2018    12      0.24347142      59.06053375
2018    13      0.5064011       99.69813
2018    14      1.36005774      194.8300125
2018    15      0.82015596      139.842025
2018    16      0.41056329      85.59562625
2018    17      1.35630262      195.294075
2018    18      0.19602202      50.0367375
2018    19      0.19149176      50.5190125
2018    20      0.18978465      48.93383375
2018    21      0.30191322      73.5192
2018    22      0.1941707       51.20432375
2018    23      0.47182244      94.45807625
2018    24      1.62578638      212.2330875
2018    25      0.54546011      99.64166375
2018    26      0.37507094      79.8034675
2018    27      0.58636834      108.8281025
2018    28      0.23189681      59.07850125
2018    29      0.17209439      46.90366125
2018    30      0.5195452       102.43781625
