####################################################################################################
# Month: 01Jan                                                                                     #
# Station: PIKE                                                                                    #
# Columns are: year    day     windspeed (m/s)                                                     #
####################################################################################################
2009    1       20.70403812
2009    2       17.39531075
2009    3       21.70516875
2009    4       18.78734063
2009    5       14.67365363
2009    6       12.15257138
2009    7       27.44348962
2009    8       16.06937725
2009    9       15.3259615
2009    10      11.249791
2009    11      12.51552112
2009    12      24.258472
2009    13      23.10156812
2009    14      13.18550075
2009    15      16.22162312
2009    16      14.08002775
2009    17      10.556537
2009    18      16.89340262
2009    19      20.87157512
2009    20      18.52035012
2009    21      9.64808175
2009    22      9.282403
2009    23      10.998462
2009    24      15.75024062
2009    25      21.0184375
2009    26      27.0818405
2009    27      13.6970875
2009    28      17.30982538
2009    29      18.85325588
2009    30      19.36295838
2009    31      7.98472513
