####################################################################################################
# Month: 10Oct                                                                                     #
# Station: LMT                                                                                     #
# Columns are: year    day     RH (percent)                                                        #
####################################################################################################
9       1       0.22205425
9       2       0.12699288
9       3       0.15540112
9       4       0.44730363
9       5       0.41375188
9       6       0.35568125
9       7       0.39594062
9       8       0.46069438
9       9       0.55759212
9       10      0.51327462
9       11      0.55297663
9       12      0.85461625
9       13      0.568022
9       14      0.217772
9       15      0.20747712
9       16      0.19567838
9       17      0.55975575
9       18      0.8227035
9       19      0.70628712
9       20      0.60723775
9       21      0.6642575
9       22      0.41832238
9       23      0.45984838
