####################################################################################################
# Month: 10Oct                                                                                     #
# Station: LMT                                                                                     #
# Frequency: 345 GHz                                                                               #
# Columns are: year    day     tau     Tb (K)                                                      #
####################################################################################################
2009    1       0.19622309      52.3727675
2009    2       0.12936076      37.34295
2009    3       0.18299555      48.5780425
2009    4       0.55242677      113.45921375
2009    5       0.4660986       99.8135075
2009    6       0.35887176      83.40086625
2009    7       0.46054784      99.65848625
2009    8       0.57342739      117.526675
2009    9       0.60512891      121.91487125
2009    10      0.79646155      145.8027125
2009    11      0.85961411      150.498925
2009    12      1.2741825       191.391775
2009    13      0.74013795      127.8811375
2009    14      0.29759376      72.180725
2009    15      0.21295505      54.581225
2009    16      0.2910514       69.86610625
2009    17      0.76042589      137.73075625
2009    18      1.15894298      179.9901625
2009    19      0.87629968      155.8301375
2009    20      0.79833802      147.75545
2009    21      0.67638024      132.945775
2009    22      0.50507854      107.4175875
2009    23      0.59947036      120.7756
2009    24      0.54697802      111.52214375
2009    25      1.13211516      178.979725
2009    26      1.298949        191.25805
2009    27      1.414731        200.2486125
2009    28      1.2457385       189.9630125
2009    29      1.0936658       178.4306125
2009    30      0.74238175      140.2916875
2009    31      0.88187691      154.6854375
2010    1       0.23221849      57.70241625
2010    2       0.39720704      87.81866
2010    3       0.6307616       125.1804125
2010    4       0.49773442      106.33784375
2010    5       0.34191374      80.3846075
2010    6       0.24045744      61.036705
2010    7       0.20649188      54.34989
2010    8       0.16967989      46.69451375
2010    9       0.15408951      43.29443875
2010    10      0.1091687       32.94717375
2010    11      0.1053254       32.01187125
2010    12      0.27659291      68.3190025
2010    13      0.16047494      44.03133875
2010    14      0.16458071      44.69830875
2010    15      0.24949324      62.4473925
2010    16      0.19995268      52.50436125
2010    17      0.20369944      53.31960125
2010    18      0.17790264      47.6721625
2010    19      0.14711481      41.957045
2010    20      0.13082485      38.19775125
2010    21      0.12371635      36.46565375
2010    22      0.10288562      31.53127125
2010    23      0.08784141      27.84285375
2010    24      0.09626934      29.73866125
2010    25      0.08246253      26.50472375
2010    26      0.07466792      24.57338125
2010    27      0.08451492      26.73769375
2010    28      0.19612316      52.03376625
2010    29      0.80378496      145.016885
2010    30      0.70272151      135.5498625
2010    31      0.3190872       73.80118125
2011    1       1.08877961      176.81965
2011    2       0.92196235      158.830625
2011    3       0.44284772      99.46831875
2011    4       0.4858774       106.75063375
2011    5       0.5709631       120.1911625
2011    6       0.56597234      117.89907
2011    7       0.80272744      147.97845
2011    8       0.89474532      157.2601875
2011    9       1.33179461      194.1555
2011    10      1.27629311      189.887825
2011    11      0.96420381      165.74485
2011    12      1.04974072      172.843725
2011    13      1.16569988      182.5286375
2011    14      0.5587154       110.6090225
2011    15      0.2310809       59.00806125
2011    16      0.4946065       104.1334425
2011    17      0.56251446      115.497975
2011    18      0.25663627      62.64780125
2011    19      0.26143843      63.51771
2011    20      0.17519511      46.05182625
2011    21      0.06820691      23.07268875
2011    22      0.07503756      24.85044375
2011    23      0.07197883      23.99359875
2011    24      0.06454412      22.04425625
2011    25      0.0800542       25.94449125
2011    26      0.09230346      29.1139425
2011    27      0.08277839      26.65975
2011    28      0.07372824      24.16884625
2011    29      0.09964918      30.7730325
2011    30      0.11463878      34.43969875
2011    31      0.12120797      35.71961
2012    1       0.75660874      136.70933
2012    2       0.85692574      150.856425
2012    3       0.58103959      115.102235
2012    4       0.9295051       159.8462625
2012    5       0.61807021      124.3916125
2012    6       0.52676418      111.35057625
2012    7       0.61286906      121.67646875
2012    8       0.60490624      121.6993125
2012    9       0.96098735      163.2817875
2012    10      0.82575923      150.090625
2012    11      0.69557252      133.90435
2012    12      0.90035138      157.685525
2012    13      0.50973024      106.55771125
2012    14      0.12433919      36.175015
2012    15      0.12388151      36.10009
2012    16      0.14846051      41.5247375
2012    17      0.1600984       44.23330375
2012    18      0.28047947      69.26670125
2012    19      0.58614692      121.1762125
2012    20      0.30648738      74.04772125
2012    21      0.21172621      55.37574875
2012    22      0.1443946       40.62712625
2012    23      0.31713322      75.74401875
2012    24      0.18709932      50.20319625
2012    25      0.11972327      35.5130075
2012    26      0.1369927       39.2623175
2012    27      0.11746386      34.76531625
2012    28      0.15447739      42.13194125
2012    29      0.62978638      123.6240625
2012    30      0.78334175      139.1537375
2012    31      0.5448107       105.566295
2013    1       0.35829762      82.77970125
2013    2       0.18384436      48.71969375
2013    3       0.12334627      36.0059575
2013    4       0.5473699       111.89313
2013    5       1.01531816      171.759525
2013    6       1.20668719      185.29185
2013    7       1.65623962      214.0494375
2013    8       0.94222992      162.3819875
2013    9       0.64712261      129.4991875
2013    10      0.70150186      136.792
2013    11      0.51491711      109.2735975
2013    12      0.28029764      68.83805625
2013    13      0.14256848      40.05047
2013    14      0.20315255      53.00743375
2013    15      0.42139087      93.365385
2013    16      0.42730581      95.9084
2013    17      0.36046708      83.968595
2013    18      0.50452426      105.408585
2013    19      0.83706079      147.6313375
2013    20      1.16601663      182.60565
2013    21      0.98263749      166.3335
2013    22      1.322645        194.729875
2013    23      1.36794188      197.030525
2013    24      1.04107426      171.8069125
2013    25      0.7231774       138.6392125
2013    26      0.87335176      156.876675
2013    27      0.67677461      131.6144875
2013    28      0.59248295      122.3407375
2013    29      0.52040038      108.75730125
2013    30      1.05663961      172.8858375
2013    31      0.94044557      163.428025
2014    1       1.25618676      188.577575
2014    2       0.86106665      150.6159375
2014    3       1.22916962      187.1418625
2014    4       1.1965595       184.6047
2014    5       1.09339638      176.558875
2014    6       1.19387375      184.508075
2014    7       0.99529911      161.9257625
2014    8       0.37320866      84.3997025
2014    9       0.573419        118.2135225
2014    10      0.63598398      126.7214875
2014    11      0.64802581      127.1762
2014    12      0.76289536      142.8901375
2014    13      0.66497575      129.5061675
2014    14      0.9095938       159.4006625
2014    15      0.62024084      124.1573625
2014    16      0.82588409      150.2971875
2014    17      1.08894925      176.4782375
2014    18      1.35698888      195.1626125
2014    19      1.48373588      205.9965875
2014    20      1.37893725      198.4340375
2014    21      0.90151966      158.4927375
2014    22      0.77262355      143.5977
2014    23      0.7130014       136.8761
2014    24      0.60350956      122.7039875
2014    25      0.32301985      75.86591125
2014    26      0.15664274      42.2158225
2014    27      0.1812964       47.64678875
2014    28      0.16264584      44.2905175
2014    29      0.17949586      48.35473875
2014    30      0.19371786      51.80640625
2014    31      0.28227261      69.22949625
2015    1       1.06994076      173.392125
2015    2       0.2242016       58.7485325
2015    3       0.17348424      47.98513875
2015    4       0.17726655      47.7215375
2015    5       0.38645579      85.57874
2015    6       0.15503063      41.97186
2015    7       0.1282728       37.250305
2015    8       0.18396861      49.6525325
2015    9       0.20634175      54.5259875
2015    10      0.21598265      56.12628
2015    11      0.37939159      88.09276375
2015    12      0.39629571      90.07855625
2015    13      0.26827259      64.79179625
2015    14      0.71795842      135.31878125
2015    15      0.8996875       155.6355
2015    16      0.59611915      119.3682825
2015    17      1.27404979      191.0514875
2015    18      1.255959        191.1830125
2015    19      1.14163626      180.2983
2015    20      0.82531186      147.65156875
2015    21      0.71029777      136.0374375
2015    22      1.12350141      177.805975
2015    23      1.47642125      204.9185375
2015    24      0.86943984      155.8238125
2015    25      0.97743882      165.3263
2015    26      0.76338185      143.340575
2015    27      0.76163285      142.2042875
2015    28      1.14157262      180.2426375
2015    29      1.09637712      176.1384375
2015    30      1.18128204      182.1438125
2015    31      1.07028134      174.5293125
2016    1       0.93704929      162.507925
2016    2       0.88669259      155.9789625
2016    3       0.62240505      121.69581375
2016    4       0.91248175      159.5930875
2016    5       0.59995658      120.18480625
2016    6       0.53994594      109.81477375
2016    7       0.39917019      90.9398275
2016    8       0.40845378      92.9641275
2016    9       1.1360767       173.7535875
2016    10      1.09490958      177.4030125
2016    11      0.87519401      157.20595
2016    12      0.79413352      147.9426375
2016    13      0.34057855      78.945635
2016    14      0.12004852      35.2959125
2016    15      0.10993703      33.18411
2016    16      0.30869385      73.137645
2016    17      0.55099915      112.71707375
2016    18      0.5315492       110.1229325
2016    19      0.52927785      109.92254125
2016    20      0.38910634      87.33252625
2016    21      0.63479901      124.9060625
2016    22      0.90694896      157.428525
2016    23      0.73548985      139.622525
2016    24      0.77130526      142.9866875
2016    25      0.29871718      72.73698125
2016    26      0.23313474      59.62106875
2016    27      0.30735719      73.9836975
2016    28      0.3168996       73.5165625
2016    29      0.48908237      104.3122725
2016    30      0.5743634       116.13488125
2016    31      0.52906925      110.9956675
2017    1       1.26380268      189.5194625
2017    2       0.6632585       129.56169625
2017    3       1.26266108      189.4139875
2017    4       1.5472867       207.1905
2017    5       0.59527661      120.270775
2017    6       0.26133224      64.6447625
2017    7       0.63885758      121.85887
2017    8       1.06912862      173.928825
2017    9       1.03089342      172.2382375
2017    10      0.87519854      151.44049
2017    11      1.33707338      193.815125
2017    12      1.22496625      187.0828
2017    13      0.77826965      137.88676625
2017    14      0.68272944      132.8707
2017    15      0.5537386       114.6143175
2017    16      0.60436015      122.44335
2017    17      0.77496038      145.5172375
2017    18      0.52326101      110.026605
2017    19      0.40378478      92.539815
2017    20      0.43493301      97.422335
2017    21      0.25352659      64.03608
2017    22      0.27458308      67.63302875
2017    23      0.70067401      134.283375
2017    24      1.0402915       172.4518125
2017    25      0.67609172      131.6455
2017    26      0.27113045      65.2813625
2017    27      0.51429395      109.50683
2017    28      0.25348308      64.07778125
2017    29      0.36586918      80.30146875
2017    30      0.49827023      103.37568875
2017    31      0.80874468      149.3371
2018    1       0.74599232      138.2205625
2018    2       0.72108281      135.8609375
2018    3       0.88600682      155.3213375
2018    4       0.81085495      148.895075
2018    5       0.61505921      122.06127
2018    6       0.83919558      151.9732375
2018    7       1.07944395      175.5590375
2018    8       1.29905137      193.705825
2018    9       1.10743212      177.7335875
2018    10      1.10706369      177.9643625
2018    11      1.13820056      178.8162
2018    12      1.27990062      192.7704125
2018    13      1.07963745      175.7812125
2018    14      0.7635976       143.0913
2018    15      0.7520398       138.8738075
2018    16      1.04656711      168.5253875
2018    17      1.10473361      177.8256
2018    18      1.1733595       183.9678875
2018    19      0.82873264      145.437305
2018    20      0.8591862       155.17165
2018    21      1.1426231       180.7208
2018    22      0.99032464      166.4948
2018    23      0.37784259      81.32399
2018    24      0.15162434      42.72420625
2018    25      0.13909462      39.6366025
2018    26      0.37469479      85.35840125
2018    27      1.27605427      190.7617375
2018    28      0.99773976      165.632575
2018    29      0.90945749      159.8056
2018    30      0.69510855      133.1180875
2018    31      0.90014891      154.4828
