####################################################################################################
# Month: 08Aug                                                                                     #
# Station: ATCA                                                                                    #
# Frequency: 345 GHz                                                                               #
# Columns are: year    day     tau     Tb (K)                                                      #
####################################################################################################
2009    1       2.4950745       255.336825
2009    2       2.20050738      248.394425
2009    3       2.5344875       257.2017125
2009    4       2.8722475       262.5906875
2009    5       2.44287725      254.56435
2009    6       3.3988525       272.155725
2009    7       2.42903338      246.0815625
2009    8       1.7697555       227.8762875
2009    9       2.41776275      253.9467
2009    10      3.44420188      270.240075
2009    11      3.976066        273.5055125
2009    12      3.54881562      273.0871
2009    13      2.867438        264.2823125
2009    14      2.343927        253.2315375
2009    15      2.10901975      248.744575
2009    16      3.4599065       272.2038125
2009    17      2.56249375      248.9419375
2009    18      1.51399112      213.99955
2009    19      2.81343975      262.547525
2009    20      3.40704913      272.3587125
2009    21      4.6298475       281.8870625
2009    22      6.01078112      285.7206125
2009    23      4.1442775       283.7689125
2009    24      5.89008612      287.1378375
2009    25      1.94759112      238.7499
2009    26      1.60377238      222.549675
2009    27      1.88967375      234.5959125
2009    28      5.43681962      277.5454
2009    29      6.29224625      286.743675
2009    30      2.7653565       255.932075
2009    31      2.40392938      249.82405
2010    1       2.8130975       258.5916125
2010    2       3.105346        257.3134875
2010    3       3.64248638      270.3776625
2010    4       2.69639138      258.97275
2010    5       2.55173075      252.8203125
2010    6       2.45789488      249.7776625
2010    7       2.3375415       248.861475
2010    8       1.89995288      234.5860375
2010    9       4.83708263      277.07335
2010    10      5.0342925       271.686625
2010    11      3.87799763      267.4708375
2010    12      3.75970162      267.1258125
2010    13      3.12786512      265.6860875
2010    14      2.77324112      261.882575
2010    15      3.2337025       265.9651625
2010    16      2.93829712      261.8875625
2010    17      2.0411515       241.90195
2010    18      5.01790175      280.309
2010    19      6.10059         279.395925
2010    20      2.47129825      251.2274875
2010    21      2.28184238      247.006175
2010    22      4.45296662      266.561175
2010    23      6.029481        277.718875
2010    24      3.51923612      268.7807875
2010    25      3.37064362      265.8128
2010    26      3.543052        267.0821875
2010    27      3.16142175      264.3917875
2010    28      2.87849625      260.845175
2010    29      3.40924575      269.6579625
2010    30      3.25105462      269.990475
2010    31      3.524668        275.0955375
2011    1       3.416344        274.4287
2011    2       2.999954        269.5579125
2011    3       3.4765225       274.2133375
2011    4       3.15785975      268.6593125
2011    5       3.48334962      272.245225
2011    6       4.49661538      278.2729875
2011    7       4.28013712      270.958025
2011    8       3.21143275      263.7405
2011    9       3.09356712      261.632025
2011    10      3.69390687      266.575825
2011    11      3.53962875      267.04275
2011    12      3.18874875      265.3507375
2011    13      2.9243815       263.9597625
2011    14      4.18183488      274.48615
2011    15      3.39153575      269.8663625
2011    16      4.14853888      276.911425
2011    17      4.71086237      275.79255
2011    18      3.35731412      263.127825
2011    19      4.246701        271.887575
2011    20      3.94462438      272.4138
2011    21      3.521405        268.481825
2011    22      3.47299675      269.5192
2011    23      3.80511362      274.2999125
2011    24      2.8214235       264.480725
2011    25      2.46776275      259.3859625
2011    26      4.3779115       269.566075
2011    27      4.9161535       275.5400125
2011    28      2.97309512      268.143
2011    29      3.65831662      274.3228875
2011    30      3.780446        274.80475
2011    31      2.79605625      264.705075
2012    1       2.2229965       244.3651375
2012    2       2.1792365       244.1436625
2012    3       2.19192187      245.34355
2012    4       2.09035437      243.99195
2012    5       2.33824625      249.957975
2012    6       2.41895688      250.5949
2012    7       2.03284312      240.8519125
2012    8       2.17854338      246.1567625
2012    9       2.84000488      256.03895
2012    10      2.14578662      240.77035
2012    11      3.335691        265.6680375
2012    12      3.00398788      261.4216125
2012    13      2.64810962      258.4043
2012    14      2.38152162      250.5256375
2012    15      2.326608        250.8852
2012    16      2.2470565       248.0766625
2012    17      2.40342737      249.484725
2012    18      2.58690375      252.0723125
2012    19      2.5510005       253.8534
2012    20      2.278859        248.205475
2012    21      4.73643112      277.6473375
2012    22      5.27764538      283.556175
2012    23      5.17525012      277.3348625
2012    24      1.67260862      224.9132375
2012    25      3.093679        265.7698125
2012    26      2.71033075      258.231275
2012    27      2.28140312      249.8170375
2012    28      3.26517425      269.8190375
2012    29      4.77022462      281.86695
2012    30      3.16647638      263.4751125
2012    31      2.16703         240.907675
2013    1       3.94369475      275.7809625
2013    2       2.7498505       259.691425
2013    3       2.96694125      262.760725
2013    4       3.09847         264.4291
2013    5       2.77027325      260.11645
2013    6       2.693414        259.8023
2013    7       3.77216162      269.4184375
2013    8       3.13815275      263.9651125
2013    9       2.93451325      263.3799875
2013    10      3.34016625      270.52445
2013    11      4.14739775      280.316625
2013    12      3.10650438      263.00385
2013    13      1.69389425      228.60045
2013    14      2.72379212      260.2829625
2013    15      1.6447325       223.4145875
2013    16      3.72029325      255.8274875
2013    17      4.33360688      261.7378375
2013    18      1.55745188      221.736075
2013    19      2.70108312      255.5679
2013    20      2.04672512      237.1546125
2013    21      2.31304087      246.482325
2013    22      2.52013938      251.819875
2013    23      3.53193325      269.565825
2013    24      3.2772045       270.002475
2013    25      2.66969525      261.6340625
2013    26      2.673083        261.5018625
2013    27      2.605229        261.5323
2013    28      2.87286675      266.63825
2013    29      4.15309687      278.9748875
2013    30      3.26602538      269.8667125
2013    31      4.44730975      279.7182375
2014    1       2.09952238      239.8587625
2014    2       1.7029545       224.5839125
2014    3       2.8001345       255.3702375
2014    4       3.41467688      269.3972625
2014    5       3.009644        264.4040125
2014    6       2.10583962      240.6581
2014    7       1.8791085       235.861525
2014    8       1.79802375      232.9132
2014    9       2.431142        254.537275
2014    10      2.33037262      249.3932875
2014    11      1.785803        223.138975
2014    12      1.85500238      221.962825
2014    13      3.00651812      262.68995
2014    14      3.39826212      267.229825
2014    15      4.19796362      274.2102375
2014    16      4.215711        267.4303625
2014    17      4.201945        269.5506375
2014    18      5.23550275      274.991375
2014    19      4.6878585       273.9988375
2014    20      3.53922462      270.259625
2014    21      4.24124212      274.3750375
2014    22      4.1589455       274.091875
2014    23      4.2496745       274.591775
2014    24      3.91120288      274.976125
2014    25      3.83781988      274.0215875
2014    26      4.73547625      275.955525
2014    27      5.4597885       277.9341125
2014    28      3.61287025      268.4405125
2014    29      3.09736225      265.3786125
2014    30      4.51157462      277.531325
2014    31      3.6212205       275.1258375
2015    1       2.75087775      264.02915
2015    2       3.7689975       276.83235
2015    3       2.699608        257.02
2015    4       2.17326863      241.392225
2015    5       2.85706262      255.4174875
2015    6       2.57640875      252.536025
2015    7       2.4203105       251.43005
2015    8       2.54130762      255.2543375
2015    9       2.4987265       254.7778625
2015    10      2.22409375      248.8472875
2015    11      2.384972        252.9000125
2015    12      2.61143075      252.73405
2015    13      2.58720962      254.6488875
2015    14      2.9137295       262.34465
2015    15      2.81554275      262.275475
2015    16      2.97550975      263.7622625
2015    17      2.71195862      258.82655
2015    18      2.73974         259.49735
2015    19      2.6235015       256.0503875
2015    20      3.52994488      271.661525
2015    21      4.94852638      279.2487875
2015    22      5.972054        284.0099
2015    23      6.72452462      285.6630625
2015    24      5.35089012      281.0548875
2015    25      3.4684085       268.86355
2015    26      3.66318125      270.3066375
2015    27      4.00336825      268.82445
2015    28      2.58813525      256.1046875
2015    29      2.95250225      262.3956875
2015    30      2.2975855       247.2336375
2015    31      2.6305325       256.075325
2016    1       3.0221035       267.1895125
2016    2       5.1898185       277.8623625
2016    3       5.14415975      274.8272375
2016    4       3.2521685       266.3754875
2016    5       3.09538262      265.67765
2016    6       3.29148275      269.0061625
2016    7       3.5727465       271.71525
2016    8       3.14716913      268.0057625
2016    9       3.53032062      272.49965
2016    10      4.51488675      278.1388625
2016    11      2.78511788      259.512775
2016    12      2.95310562      264.3939875
2016    13      2.90132062      263.48825
2016    14      2.93753125      264.8940875
2016    15      3.32048625      270.2970875
2016    16      2.98877712      265.9845625
2016    17      2.85300112      263.5568875
2016    18      3.20664788      268.856675
2016    19      4.1706325       275.6283625
2016    20      2.38994238      250.608025
2016    21      1.92624738      235.0482
2016    22      5.97839712      279.4892
2016    23      5.22087637      277.9231625
2016    24      5.20643038      275.91385
2016    25      2.99208312      255.7652375
2016    26      2.32349762      246.7419875
2016    27      2.39752575      250.3835875
2016    28      2.20109162      245.819025
2016    29      2.50039612      253.4084
2016    30      4.60489575      280.9465125
2016    31      6.41316475      282.0365125
2017    1       2.14935225      246.1351125
2017    2       2.53609025      253.2160125
2017    3       4.6798375       274.3777875
2017    4       2.9088055       262.5117125
2017    5       2.75142038      260.5399
2017    6       2.32933025      251.0572125
2017    7       2.40949562      247.754525
2017    8       1.92121975      233.32285
2017    9       2.02831425      242.371575
2017    10      1.63654662      225.80335
2017    11      2.92755         262.8281625
2017    12      1.5362055       218.0763625
2017    13      1.95758062      238.2427375
2017    14      3.7108815       269.8525625
2017    15      3.20785712      272.3612625
2017    16      3.30534288      270.09595
2017    17      1.9918945       240.7207625
2017    18      2.25900262      245.4669125
2017    19      1.96307962      234.42255
2017    20      2.2296955       243.0431125
2017    21      2.46397662      250.96755
2017    22      1.717025        229.574975
2017    23      1.81390575      235.6107125
2017    24      2.51789675      252.9728375
2017    25      2.41142775      247.871325
2017    26      2.00104838      237.6024125
2017    27      2.0734845       239.716125
2017    28      1.98681925      238.2454875
2017    29      2.0064545       239.1678375
2017    30      1.570584        218.8936
2017    31      1.9772675       237.5103375
2018    1       2.26942638      250.774325
2018    2       2.35000312      248.5903125
2018    3       3.46408225      269.707125
2018    4       2.43599488      254.66265
2018    5       2.9934395       259.8842
2018    6       2.88383975      247.731825
2018    7       2.23215375      248.0358625
2018    8       2.20424275      248.35395
2018    9       2.34676088      254.0631
2018    10      2.40758712      253.0287625
2018    11      3.04071888      264.7510125
2018    12      1.9363555       234.068325
2018    13      2.85242525      261.0008
2018    14      2.09328862      246.2586125
2018    15      1.53842488      221.2328125
2018    16      2.91566162      261.9352125
2018    17      2.35972325      251.4711875
2018    18      2.0400405       240.7896625
2018    19      1.80489288      225.0893875
2018    20      1.393           205.224625
2018    21      1.56395675      218.6972875
2018    22      1.53627587      217.7455125
2018    23      1.746522        214.9594375
2018    24      4.38460338      276.0918875
2018    25      5.641171        277.9385
2018    26      4.4773935       272.68885
2018    27      2.44985088      252.9576
2018    28      1.975557        235.52325
2018    29      1.2262177       193.1065
2018    30      1.72765913      224.1393
2018    31      4.05321038      273.7486875
