####################################################################################################
# Month: 10Oct                                                                                     #
# Station: BGA                                                                                     #
# Columns are: year    day     RH (percent)                                                        #
####################################################################################################
9       1       0.53009475
9       2       0.66469788
9       3       0.918233
9       4       0.80327175
9       5       0.52138988
9       6       0.16887962
9       7       0.4482235
9       8       0.5676545
9       9       0.50244525
9       10      0.577402
9       11      0.5079095
9       12      0.73828238
9       13      0.71813425
9       14      0.4318955
9       15      0.555134
9       16      0.76673138
9       17      0.8767675
9       18      0.78220188
9       19      0.72097275
9       20      0.61386713
9       21      0.18989762
9       22      0.47408675
9       23      0.71281262
