####################################################################################################
# Month: 12Dec                                                                                     #
# Station: NZ                                                                                      #
# Frequency: 230 GHz                                                                               #
# Columns are: year    day     tau     Tb (K)                                                      #
####################################################################################################
2009    1       0.86878422      155.4840875
2009    2       0.48249741      98.212285
2009    3       0.22448095      57.33083
2009    4       0.36711116      85.14414875
2009    5       0.57840408      119.3784825
2009    6       0.58707768      114.40414625
2009    7       0.442337        99.09473
2009    8       0.69369896      137.9847125
2009    9       0.9134893       163.7877375
2009    10      0.85679105      153.0575875
2009    11      0.74414018      143.1153125
2009    12      0.43656505      95.93840375
2009    13      0.41960596      92.61701625
2009    14      0.39754266      88.195945
2009    15      0.41068782      90.02672
2009    16      0.54137554      113.0640975
2009    17      0.33141874      78.36947625
2009    18      0.60916975      120.57994
2009    19      0.46518324      101.92438625
2009    20      0.2222921       52.8766175
2009    21      0.29189561      70.02293125
2009    22      0.27013449      66.45272125
2009    23      0.34763117      81.16369875
2009    24      0.47500602      104.86465625
2009    25      0.47305322      97.5528825
2009    26      0.91709998      164.8830625
2009    27      0.49865215      107.00071
2009    28      0.58226556      120.94666
2009    29      0.41030141      92.12419125
2009    30      0.3202682       73.54078125
2009    31      0.50324055      104.72856875
2010    1       0.43529299      97.7506125
2010    2       0.39655048      90.19902375
2010    3       0.31379425      76.20217625
2010    4       0.23864448      59.9595575
2010    5       0.48200968      104.29334125
2010    6       0.69609198      130.87744125
2010    7       0.25100347      61.98433875
2010    8       0.17077655      45.6762475
2010    9       0.56910712      115.37626
2010    10      0.82471768      147.81359125
2010    11      0.41098611      92.23262125
2010    12      0.75566298      145.5620625
2010    13      0.64674875      125.20558125
2010    14      0.34168491      80.10129125
2010    15      0.41691964      96.19224625
2010    16      0.95849671      165.7668
2010    17      0.93764975      165.8135875
2010    18      0.75004089      141.73164
2010    19      0.92964058      161.4398125
2010    20      0.89377375      161.2107625
2010    21      0.62143095      126.1832025
2010    22      0.39400426      86.34992625
2010    23      0.43751305      95.42987625
2010    24      0.43683418      96.973445
2010    25      0.59035215      121.02755375
2010    26      0.72050489      138.89568375
2010    27      1.22130737      193.5249625
2010    28      0.41554945      89.780275
2010    29      0.29386507      71.5828575
2010    30      0.28722288      68.94908625
2010    31      0.66165302      131.49382875
2011    1       0.07361908      23.38886
2011    2       0.1425038       38.84134375
2011    3       0.3853994       85.53246125
2011    4       0.38602382      89.6533075
2011    5       0.73421058      141.0695125
2011    6       0.8203352       149.9165425
2011    7       0.33607326      79.81965875
2011    8       0.41457741      89.8879375
2011    9       0.3009687       71.96486125
2011    10      0.41909586      93.26706875
2011    11      0.85236166      157.1533625
2011    12      0.72672941      132.52820875
2011    13      0.81756852      146.81997625
2011    14      0.64873834      127.26577125
2011    15      0.98041998      170.030075
2011    16      0.63983681      120.4149925
2011    17      0.23819932      60.20056125
2011    18      0.40448238      91.39027875
2011    19      0.28645419      69.997955
2011    20      0.47147932      103.39242625
2011    21      0.73374652      141.7125375
2011    22      0.61940646      123.11402625
2011    23      0.54155391      113.97769625
2011    24      0.76594876      144.4431125
2011    25      0.587289        117.9909725
2011    26      0.28763926      71.0645875
2011    27      0.31281246      73.40932
2011    28      0.80404621      150.108875
2011    29      0.77283018      143.8770075
2011    30      0.33887594      81.9618125
2011    31      0.24354948      62.89681625
2012    1       0.59674155      120.5958325
2012    2       0.30384059      72.24026
2012    3       0.19381782      50.53065125
2012    4       0.58115356      117.19765375
2012    5       0.39917344      89.77020375
2012    6       0.68846672      133.4161375
2012    7       0.52101259      107.51004375
2012    8       0.68411272      133.914075
2012    9       0.34901956      77.43137625
2012    10      0.51939059      104.16378125
2012    11      0.55405816      116.8107425
2012    12      0.54884558      113.96392625
2012    13      0.42800209      95.3645625
2012    14      0.44527606      99.502725
2012    15      0.55228335      114.99582
2012    16      0.45627145      100.15102375
2012    17      0.97961126      170.276725
2012    18      0.42071541      89.6235275
2012    19      0.17998158      47.40841875
2012    20      0.30332569      71.13514
2012    21      0.62539871      112.80544625
2012    22      0.25719989      64.1119025
2012    23      0.37774495      88.68325125
2012    24      0.43429956      99.48892
2012    25      0.77193504      149.6140125
2012    26      0.62650251      124.74340625
2012    27      0.41789306      94.51301625
2012    28      0.58021159      120.59147
2012    29      0.79671932      150.489525
2012    30      0.5466507       110.7990375
2012    31      0.5760993       119.472275
2013    1       0.35851396      82.079065
2013    2       0.18569871      49.10978875
2013    3       0.22465334      58.05356875
2013    4       0.64124939      130.9192
2013    5       0.60868094      124.13945875
2013    6       0.65439296      131.078625
2013    7       0.63211219      125.49503375
2013    8       0.79807157      144.7684125
2013    9       0.8262535       150.137
2013    10      0.65484922      130.6045125
2013    11      0.56143135      116.6621225
2013    12      0.50407429      107.3570275
2013    13      0.40194124      90.5920725
2013    14      0.64811454      129.56624375
2013    15      0.74495861      141.07805
2013    16      0.59942196      121.8018775
2013    17      0.57336238      118.926325
2013    18      0.51421135      106.92107625
2013    19      0.37551549      85.71329125
2013    20      0.70042299      138.0582
2013    21      0.4298264       92.55128875
2013    22      0.36516459      83.2562125
2013    23      0.72977636      137.3156025
2013    24      0.62031007      125.0160375
2013    25      0.95284501      165.932125
2013    26      0.53534016      112.4230125
2013    27      0.42685575      95.560895
2013    28      1.07287644      178.8831875
2013    29      1.25322184      191.5377625
2013    30      0.42702261      89.92837
2013    31      0.46530544      98.51611625
2014    1       0.28082843      67.494205
2014    2       0.27973886      68.0111125
2014    3       0.67320521      133.325125
2014    4       0.48885497      93.50572625
2014    5       0.31024214      72.50643125
2014    6       0.60425929      125.17053375
2014    7       0.4459994       95.854545
2014    8       0.62172386      124.261695
2014    9       1.02607995      176.1684875
2014    10      0.64068145      129.744925
2014    11      0.54844904      113.9923875
2014    12      0.47209805      100.64631
2014    13      0.27124495      67.31087
2014    14      0.35917102      84.2488425
2014    15      0.29109004      71.18354125
2014    16      0.29872528      73.246395
2014    17      0.84985959      157.4170625
2014    18      0.9033512       155.42455375
2014    19      0.78644805      148.8964125
2014    20      0.74443639      143.52895
2014    21      0.66853175      124.13131
2014    22      0.29040944      71.08208375
2014    23      0.32396498      76.71561625
2014    24      0.25569916      65.538365
2014    25      0.56479564      118.26246875
2014    26      0.53123466      109.39534125
2014    27      0.69293426      138.90445
2014    28      0.46640189      100.74843875
2014    29      0.35850031      85.28971375
2014    30      0.68955296      133.39221875
2014    31      0.37218865      84.17224
2015    1       0.75838676      145.3754125
2015    2       0.62313064      128.8728625
2015    3       0.32178882      73.62181375
2015    4       0.35398374      82.4372425
2015    5       0.61158524      121.0255475
2015    6       0.29199771      70.11481375
2015    7       0.44402218      96.87045375
2015    8       0.43971261      96.28113375
2015    9       0.46962386      96.6063475
2015    10      0.28618934      67.53573625
2015    11      0.48215798      105.3216125
2015    12      0.56143589      115.477805
2015    13      0.46439118      99.4932975
2015    14      0.5710942       116.48537
2015    15      0.72297511      137.50515
2015    16      0.51885824      106.8980525
2015    17      0.33266398      77.319535
2015    18      0.67248379      129.67012375
2015    19      0.55953342      117.056375
2015    20      0.82493996      155.901825
2015    21      0.36352036      83.39425
2015    22      0.26065501      62.75810125
2015    23      0.25868826      64.66565625
2015    24      0.39513285      89.9847725
2015    25      0.29381665      70.36059875
2015    26      0.25378721      63.77785
2015    27      0.1527782       42.82054375
2015    28      0.24024578      62.11999875
2015    29      0.42037704      96.34217875
2015    30      0.565526        106.82322625
2015    31      0.32155136      77.78579625
2016    1       0.45572971      100.0359825
2016    2       0.40045266      91.20732375
2016    3       0.70841334      137.7349125
2016    4       0.59565578      118.2839325
2016    5       0.27613014      66.6162925
2016    6       0.86229995      156.1466125
2016    7       1.10067052      181.692625
2016    8       0.4291238       98.414185
2016    9       0.46658291      94.99847125
2016    10      0.42760222      94.31327875
2016    11      0.45003055      95.84433
2016    12      0.37901704      84.56378625
2016    13      0.59125846      119.23441875
2016    14      0.59788179      121.1005575
2016    15      0.39240361      87.36568375
2016    16      0.45067252      100.18582125
2016    17      0.4893647       104.96243375
2016    18      0.45287339      95.4677075
2016    19      0.22697626      56.74923875
2016    20      0.21974032      56.6248325
2016    21      0.5207339       111.75465
2016    22      0.56781004      114.5726375
2016    23      0.53842553      111.465885
2016    24      0.57166689      118.17949625
2016    25      0.48479891      105.6705775
2016    26      0.47598265      104.31571125
2016    27      0.19389108      50.195325
2016    28      0.4988973       107.11931375
2016    29      0.35796864      82.03435
2016    30      0.43443505      93.43485875
2016    31      0.89511559      160.1872625
2017    1       0.40798549      92.720185
2017    2       0.36731368      86.61193
2017    3       0.35422726      83.7201275
2017    4       0.22978572      58.5202025
2017    5       0.82158552      155.6649375
2017    6       0.62369044      124.244985
2017    7       0.34140892      82.8343625
2017    8       0.7717893       147.109425
2017    9       0.61925914      125.07145375
2017    10      0.49709952      106.5653
2017    11      0.62844561      125.9073275
2017    12      0.50876831      108.752725
2017    13      0.53048316      102.53707875
2017    14      0.45016672      99.6643175
2017    15      0.71489831      140.9692375
2017    16      0.74031525      142.7238
2017    17      0.75385795      141.1384775
2017    18      0.31519292      73.04383875
2017    19      0.34524068      76.25955125
2017    20      0.66901225      128.754585
2017    21      0.91574478      150.86068875
2017    22      0.45407224      101.90206125
2017    23      0.47527416      104.49640625
2017    24      0.37114149      86.8053125
2017    25      0.77377829      145.25015
2017    26      0.46169984      94.9716725
2017    27      0.433011        96.054545
2017    28      0.4024448       92.5487775
2017    29      0.4972909       109.1268125
2017    30      0.67784612      132.1120125
2017    31      0.79090872      146.924775
2018    1       0.90334659      159.1817125
2018    2       0.96753825      167.6175875
2018    3       0.82487719      150.4936025
2018    4       0.60099282      121.48298875
2018    5       0.51936206      104.887395
2018    6       0.29753701      71.20218
2018    7       0.35652659      82.80574625
2018    8       0.5361301       111.2759525
2018    9       0.63169576      124.9372325
2018    10      0.55856068      116.63779
2018    11      0.95678678      166.8011875
2018    12      0.7466354       142.6949125
2018    13      0.8216518       151.989175
2018    14      0.75069329      142.949075
2018    15      0.48456466      106.42189875
2018    16      0.37055779      87.25721
2018    17      0.28649832      69.91805875
2018    18      0.99910925      172.1714625
2018    19      0.94442685      164.9591
2018    20      0.70448844      135.17157625
2018    21      0.85658071      152.454725
2018    22      0.60830096      115.13391
2018    23      0.17214806      46.46290875
2018    24      0.15150739      42.11920625
2018    25      0.38345266      90.336025
2018    26      0.52574562      112.4568025
2018    27      0.44303454      95.9840225
2018    28      0.490382        103.41167875
2018    29      0.64817816      128.78332125
2018    30      0.7355866       142.9294
2018    31      0.33297964      78.42787875
