####################################################################################################
# Month: 10Oct                                                                                     #
# Station: JCMT                                                                                    #
# Columns are: year    day     segment         windspeed (m/s)                                     #
####################################################################################################
2009    1       0       7.920286
2009    1       1       8.196876
2009    1       2       9.562749
2009    1       3       10.17251
2009    1       4       9.504415
2009    1       5       8.587715
2009    1       6       7.376994
2009    1       7       6.849466
2009    2       0       4.828684
2009    2       1       4.151422
2009    2       2       4.709134
2009    2       3       3.674008
2009    2       4       4.956697
2009    2       5       5.014374
2009    2       6       4.712419
2009    2       7       3.736404
2009    3       0       3.953991
2009    3       1       3.968767
2009    3       2       4.933682
2009    3       3       2.803006
2009    3       4       1.28651
2009    3       5       1.24273
2009    3       6       1.718004
2009    3       7       0.885755
2009    4       0       0.334715
2009    4       1       1.743981
2009    4       2       1.977986
2009    4       3       1.033765
2009    4       4       2.277734
2009    4       5       2.522247
2009    4       6       3.181357
2009    4       7       3.929304
2009    5       0       4.564168
2009    5       1       4.865248
2009    5       2       4.799206
2009    5       3       5.745249
2009    5       4       7.549119
2009    5       5       8.417297
2009    5       6       8.092268
2009    5       7       7.916661
2009    6       0       8.177832
2009    6       1       7.229191
2009    6       2       5.985633
2009    6       3       6.512317
2009    6       4       6.613978
2009    6       5       5.800625
2009    6       6       4.628523
2009    6       7       4.264094
2009    7       0       3.828761
2009    7       1       3.518149
2009    7       2       3.962093
2009    7       3       4.492256
2009    7       4       4.468562
2009    7       5       4.488057
2009    7       6       4.012625
2009    7       7       3.440718
2009    8       0       3.368806
2009    8       1       3.033989
2009    8       2       2.749276
2009    8       3       2.180046
2009    8       4       1.290467
2009    8       5       1.483496
2009    8       6       1.551205
2009    8       7       2.321085
2009    9       0       2.008622
2009    9       1       1.11004
2009    9       2       2.45223
2009    9       3       3.051168
2009    9       4       2.701441
2009    9       5       2.886275
2009    9       6       2.742429
2009    9       7       3.832127
2009    10      0       4.933055
2009    10      1       5.831227
2009    10      2       6.364555
2009    10      3       7.067911
2009    10      4       6.609539
2009    10      5       6.052892
2009    10      6       6.457075
2009    10      7       7.132555
2009    11      0       6.108447
2009    11      1       6.499504
2009    11      2       6.357704
2009    11      3       6.04184
2009    11      4       6.391337
2009    11      5       7.691002
2009    11      6       8.389375
2009    11      7       8.627059
2009    12      0       8.69206
2009    12      1       7.625043
2009    12      2       6.469906
2009    12      3       5.270874
2009    12      4       4.774031
2009    12      5       5.240323
2009    12      6       5.288853
2009    12      7       5.108125
2009    13      0       4.490068
2009    13      1       4.68722
2009    13      2       5.269257
2009    13      3       5.004678
2009    13      4       4.334515
2009    13      5       3.570027
2009    13      6       2.500524
2009    13      7       1.73771
2009    14      0       1.56041
2009    14      1       1.892281
2009    14      2       1.446449
2009    14      3       0.68294
2009    14      4       1.088463
2009    14      5       1.632896
2009    14      6       2.719928
2009    14      7       3.716524
2009    15      0       4.690944
2009    15      1       5.950559
2009    15      2       5.825594
2009    15      3       4.967645
2009    15      4       4.063654
2009    15      5       3.855926
2009    15      6       2.916407
2009    15      7       2.588047
2009    16      0       3.163878
2009    16      1       3.033361
2009    16      2       3.64011
2009    16      3       4.074998
2009    16      4       3.21737
2009    16      5       2.817271
2009    16      6       3.559866
2009    16      7       4.08567
2009    17      0       4.715758
2009    17      1       6.068762
2009    17      2       7.256798
2009    17      3       7.477095
2009    17      4       7.733892
2009    17      5       7.393519
2009    17      6       7.624184
2009    17      7       7.224108
2009    18      0       6.392484
2009    18      1       5.700087
2009    18      2       6.123085
2009    18      3       7.001168
2009    18      4       7.881761
2009    18      5       7.42604
2009    18      6       7.629961
2009    18      7       7.671615
2009    19      0       7.996635
2009    19      1       8.519413
2009    19      2       8.900673
2009    19      3       9.170403
2009    19      4       8.783548
2009    19      5       8.389343
2009    19      6       8.163476
2009    19      7       6.882442
2009    20      0       5.8747
2009    20      1       5.500934
2009    20      2       6.31948
2009    20      3       6.333491
2009    20      4       5.857558
2009    20      5       6.28192
2009    20      6       5.815872
2009    20      7       4.535652
2009    21      0       2.508449
2009    21      1       2.184925
2009    21      2       4.420737
2009    21      3       5.461775
2009    21      4       5.045939
2009    21      5       5.248356
2009    21      6       5.134851
2009    21      7       4.549499
2009    22      0       2.879527
2009    22      1       2.332791
2009    22      2       2.992347
2009    22      3       2.792358
2009    22      4       1.820986
2009    22      5       2.25902
2009    22      6       3.229935
2009    22      7       3.836827
2009    23      0       4.147702
2009    23      1       4.585808
2009    23      2       3.354128
2009    23      3       2.682878
2009    23      4       1.926658
2009    23      5       2.113076
2009    23      6       3.450601
2009    23      7       4.384964
