####################################################################################################
# Month: 01Jan                                                                                     #
# Station: NZ                                                                                      #
# Columns are: year    day     segment         windspeed (m/s)                                     #
####################################################################################################
2009    1       0       17.374161
2009    1       1       16.173784
2009    1       2       17.351611
2009    1       3       16.281865
2009    1       4       14.158043
2009    1       5       17.487417
2009    1       6       23.298922
2009    1       7       26.463912
2009    2       0       32.130472
2009    2       1       31.833376
2009    2       2       27.616002
2009    2       3       23.841051
2009    2       4       18.129354
2009    2       5       15.949456
2009    2       6       13.905194
2009    2       7       12.42518
2009    3       0       9.654807
2009    3       1       8.401866
2009    3       2       10.74841
2009    3       3       14.137089
2009    3       4       10.163702
2009    3       5       7.062144
2009    3       6       7.998766
2009    3       7       8.182614
2009    4       0       7.33525
2009    4       1       6.3021
2009    4       2       4.936853
2009    4       3       4.144945
2009    4       4       4.281667
2009    4       5       6.160798
2009    4       6       6.122536
2009    4       7       5.37654
2009    5       0       6.008631
2009    5       1       6.27718
2009    5       2       6.82275
2009    5       3       10.331076
2009    5       4       14.26265
2009    5       5       14.039331
2009    5       6       12.25431
2009    5       7       14.470763
2009    6       0       21.932139
2009    6       1       26.496215
2009    6       2       24.019466
2009    6       3       22.657925
2009    6       4       24.038164
2009    6       5       27.157252
2009    6       6       27.768116
2009    6       7       26.750377
2009    7       0       26.726969
2009    7       1       24.009676
2009    7       2       22.099328
2009    7       3       20.212053
2009    7       4       17.978311
2009    7       5       20.72891
2009    7       6       27.09766
2009    7       7       26.051928
2009    8       0       23.465346
2009    8       1       22.000737
2009    8       2       21.60594
2009    8       3       23.086077
2009    8       4       26.87918
2009    8       5       29.237093
2009    8       6       26.131747
2009    8       7       23.672455
2009    9       0       23.0883
2009    9       1       20.096585
2009    9       2       20.892701
2009    9       3       19.235056
2009    9       4       13.962852
2009    9       5       9.519333
2009    9       6       5.842136
2009    9       7       3.531203
2009    10      0       1.974258
2009    10      1       0.563662
2009    10      2       2.265454
2009    10      3       2.132089
2009    10      4       3.251994
2009    10      5       2.777266
2009    10      6       2.009211
2009    10      7       1.191522
2009    11      0       1.211939
2009    11      1       1.519659
2009    11      2       2.020062
2009    11      3       2.57229
2009    11      4       0.863029
2009    11      5       0.447768
2009    11      6       0.196362
2009    11      7       0.501028
2009    12      0       1.778216
2009    12      1       0.782773
2009    12      2       1.386138
2009    12      3       2.345516
2009    12      4       1.407782
2009    12      5       0.361229
2009    12      6       1.385126
2009    12      7       3.669043
2009    13      0       3.432718
2009    13      1       4.163669
2009    13      2       4.300882
2009    13      3       3.723179
2009    13      4       5.889578
2009    13      5       7.080227
2009    13      6       5.246715
2009    13      7       3.24258
2009    14      0       2.64839
2009    14      1       1.945366
2009    14      2       2.789101
2009    14      3       4.992477
2009    14      4       6.903088
2009    14      5       9.447296
2009    14      6       10.352312
2009    14      7       7.287825
2009    15      0       6.573914
2009    15      1       6.800378
2009    15      2       7.195292
2009    15      3       7.191768
2009    15      4       12.045266
2009    15      5       14.491242
2009    15      6       11.698727
2009    15      7       15.071559
2009    16      0       17.148869
2009    16      1       15.011427
2009    16      2       16.631303
2009    16      3       16.280392
2009    16      4       14.095893
2009    16      5       19.366921
2009    16      6       25.540251
2009    16      7       21.16641
2009    17      0       20.45997
2009    17      1       19.641907
2009    17      2       17.456727
2009    17      3       15.351913
2009    17      4       11.73148
2009    17      5       11.516036
2009    17      6       9.642892
2009    17      7       5.846257
2009    18      0       1.866467
2009    18      1       3.934714
2009    18      2       7.352817
2009    18      3       6.734647
2009    18      4       6.31559
2009    18      5       8.949223
2009    18      6       9.864285
2009    18      7       11.08997
2009    19      0       8.592223
2009    19      1       9.633981
2009    19      2       9.374839
2009    19      3       5.845175
2009    19      4       5.436742
2009    19      5       7.794861
2009    19      6       7.733714
2009    19      7       7.775834
2009    20      0       6.467578
2009    20      1       6.594434
2009    20      2       5.721451
2009    20      3       7.631864
2009    20      4       10.192996
2009    20      5       13.227141
2009    20      6       12.977589
2009    20      7       10.031239
2009    21      0       11.969392
2009    21      1       10.09333
2009    21      2       9.743037
2009    21      3       4.722534
2009    21      4       6.414877
2009    21      5       10.811973
2009    21      6       9.460705
2009    21      7       6.010806
2009    22      0       6.373106
2009    22      1       6.239597
2009    22      2       4.895716
2009    22      3       6.634256
2009    22      4       7.612066
2009    22      5       9.052889
2009    22      6       9.463283
2009    22      7       8.652955
2009    23      0       10.92403
2009    23      1       10.476464
2009    23      2       7.530076
2009    23      3       2.405956
2009    23      4       4.013729
2009    23      5       4.904554
2009    23      6       2.982618
2009    23      7       3.725388
2009    24      0       4.073668
2009    24      1       4.839484
2009    24      2       6.296358
2009    24      3       9.598379
2009    24      4       13.2955
2009    24      5       17.136201
2009    24      6       13.806943
2009    24      7       12.292144
2009    25      0       12.826857
2009    25      1       9.975092
2009    25      2       6.634111
2009    25      3       3.727648
2009    25      4       2.949519
2009    25      5       4.743414
2009    25      6       5.336684
2009    25      7       6.074762
2009    26      0       6.542216
2009    26      1       6.161701
2009    26      2       5.0709
2009    26      3       4.152178
2009    26      4       5.185448
2009    26      5       8.086991
2009    26      6       9.223834
2009    26      7       7.533269
2009    27      0       7.895066
2009    27      1       6.157785
2009    27      2       5.255022
2009    27      3       7.258301
2009    27      4       9.701059
2009    27      5       10.259934
2009    27      6       11.142209
2009    27      7       10.990989
2009    28      0       9.431953
2009    28      1       7.007005
2009    28      2       6.217907
2009    28      3       7.74583
2009    28      4       10.683076
2009    28      5       11.429683
2009    28      6       9.754169
2009    28      7       9.286448
2009    29      0       8.500669
2009    29      1       10.087558
2009    29      2       10.591018
2009    29      3       12.670493
2009    29      4       11.31128
2009    29      5       10.906434
2009    29      6       10.832119
2009    29      7       8.886031
2009    30      0       10.543796
2009    30      1       16.499195
2009    30      2       19.697245
2009    30      3       18.528888
2009    30      4       17.191586
2009    30      5       18.076544
2009    30      6       21.607391
2009    30      7       20.582851
2009    31      0       15.952864
2009    31      1       15.925093
2009    31      2       15.912065
2009    31      3       17.478963
2009    31      4       22.517888
2009    31      5       26.155478
2009    31      6       26.111376
2009    31      7       27.600385
