####################################################################################################
# Month: 08Aug                                                                                     #
# Station: YAN                                                                                     #
# Frequency: 230 GHz                                                                               #
# Columns are: year    day     tau     Tb (K)                                                      #
####################################################################################################
2009    1       0.08000043      24.6414125
2009    2       0.05105322      17.44369438
2009    3       0.20172166      51.99894125
2009    4       0.23274722      58.95298
2009    5       0.13128772      36.811505
2009    6       0.12920957      35.86418375
2009    7       0.31688879      74.17180375
2009    8       0.11235205      31.8089425
2009    9       0.09563014      27.61274
2009    10      0.22632859      56.55197875
2009    11      0.28409398      67.6142875
2009    12      0.20463871      52.06340625
2009    13      0.15242229      41.08910875
2009    14      0.10171453      29.7773075
2009    15      0.05053699      17.54281125
2009    16      0.02212229      10.05033112
2009    17      0.03595577      13.66065888
2009    18      0.05445524      18.4677175
2009    19      0.0618293       20.2876075
2009    20      0.04953226      17.06340162
2009    21      0.04968418      17.2171975
2009    22      0.05477828      18.39939625
2009    23      0.02163352      9.83526988
2009    24      0.03126136      12.36030862
2009    25      0.10941866      31.65678
2009    26      0.2948758       70.636745
2009    27      0.25427195      61.938795
2009    28      0.12506187      35.10381375
2009    29      0.15023138      40.611305
2009    30      0.17521036      46.42093625
2009    31      0.20352352      52.397645
2010    1       0.053006        17.8845625
2010    2       0.18170045      47.44455375
2010    3       0.26836598      64.55735125
2010    4       0.06028487      19.4599775
2010    5       0.11911047      34.07099
2010    6       0.06364591      20.8273425
2010    7       0.04021035      14.74917125
2010    8       0.02992643      12.07087125
2010    9       0.02803409      11.61915838
2010    10      0.08119746      24.72582
2010    11      0.13839298      38.4425125
2010    12      0.05970397      19.61882625
2010    13      0.11100808      31.786865
2010    14      0.12206087      34.75843875
2010    15      0.07052013      22.47131
2010    16      0.06188504      20.1385525
2010    17      0.07316412      22.91306375
2010    18      0.04048953      14.69411437
2010    19      0.03684163      13.87577875
2010    20      0.04693888      16.38405137
2010    21      0.1227716       34.697895
2010    22      0.16377379      43.92288
2010    23      0.14174159      39.07669875
2010    24      0.09388689      28.14013875
2010    25      0.11413684      33.155405
2010    26      0.1467888       40.36264
2010    27      0.20462686      52.93405375
2010    28      0.22717311      56.70869625
2010    29      0.14004562      38.416225
2010    30      0.19058859      49.7480325
2010    31      0.15392476      41.8404875
2011    1       0.10491738      30.3365425
2011    2       0.08906115      26.81672625
2011    3       0.14140207      38.4541225
2011    4       0.36075791      82.64936
2011    5       0.3491734       80.7305775
2011    6       0.21791536      54.81575875
2011    7       0.22191874      56.04616125
2011    8       0.20670074      52.81530625
2011    9       0.13396342      37.19286625
2011    10      0.19616751      51.0696175
2011    11      0.14428799      38.97122375
2011    12      0.14932361      39.82524375
2011    13      0.22666826      56.5035875
2011    14      0.21340276      54.15439
2011    15      0.21800868      55.4836425
2011    16      0.17760002      47.28829375
2011    17      0.15619239      42.46400375
2011    18      0.09724398      28.8395
2011    19      0.13696889      37.65358375
2011    20      0.16253829      43.3821675
2011    21      0.1581841       42.1513425
2011    22      0.0368681       13.72942875
2011    23      0.12124229      33.4574175
2011    24      0.16607333      43.88206375
2011    25      0.20966461      53.25285625
2011    26      0.20034842      51.7078925
2011    27      0.18100068      47.9819425
2011    28      0.1482673       40.626355
2011    29      0.19505341      50.6592575
2011    30      0.21381994      54.6233775
2011    31      0.23977146      59.79422875
2012    1       0.32982989      76.6850925
2012    2       0.23848749      59.61220375
2012    3       0.09354168      27.5776275
2012    4       0.06614323      21.06760375
2012    5       0.14854032      37.5584675
2012    6       0.09603096      27.155105
2012    7       0.02881072      11.792706
2012    8       0.02701026      11.25604062
2012    9       0.03113053      12.36421475
2012    10      0.03767219      14.1199725
2012    11      0.05775502      19.28355375
2012    12      0.05879223      19.373795
2012    13      0.11179935      32.05668375
2012    14      0.08959486      26.83051625
2012    15      0.11671686      32.5054625
2012    16      0.22006689      55.44372875
2012    17      0.04162424      15.0329765
2012    18      0.08535361      25.55564
2012    19      0.05040567      17.20075125
2012    20      0.03447712      13.0930395
2012    21      0.12681498      34.9845525
2012    22      0.34042015      78.4932375
2012    23      0.21573269      54.805705
2012    24      0.28823605      69.17965
2012    25      0.36885046      84.409845
2012    26      0.33222826      77.7359125
2012    27      0.25646284      63.53886625
2012    28      0.16491998      44.36373125
2012    29      0.07385508      23.27907
2012    30      0.07586057      23.13284125
2012    31      0.13561725      37.10936875
2013    1       0.15676537      42.42852125
2013    2       0.25797578      63.62507875
2013    3       0.30509092      72.56433375
2013    4       0.25147052      61.76991375
2013    5       0.21104408      53.88444125
2013    6       0.21061762      52.94170875
2013    7       0.26838178      64.9825175
2013    8       0.19937959      50.93750875
2013    9       0.14655034      39.71998875
2013    10      0.10217746      29.71674375
2013    11      0.11869469      33.37535625
2013    12      0.10150364      29.92018125
2013    13      0.17566051      46.95296875
2013    14      0.20473299      52.999345
2013    15      0.35376926      81.40337125
2013    16      0.1770907       46.802545
2013    17      0.15484242      42.27768
2013    18      0.1229315       34.98688
2013    19      0.05181903      17.76028
2013    20      0.05728603      18.96339875
2013    21      0.2304261       57.93702875
2013    22      0.27149746      65.92393375
2013    23      0.1936075       50.08373625
2013    24      0.1706825       45.2604725
2013    25      0.06173808      19.84011625
2013    26      0.08636843      25.6953525
2013    27      0.20351618      50.758205
2013    28      0.29139226      68.91264125
2013    29      0.2279758       56.8748425
2013    30      0.13410069      37.023805
2013    31      0.15329284      41.57034375
2014    1       0.07911641      24.266995
2014    2       0.09988013      29.182575
2014    3       0.12882449      35.77775125
2014    4       0.12012986      33.74391625
2014    5       0.14079982      38.60681375
2014    6       0.12319376      34.558915
2014    7       0.30688042      72.3031375
2014    8       0.29576694      70.82749125
2014    9       0.30619742      73.1392425
2014    10      0.21507008      54.82368875
2014    11      0.30535726      71.89715
2014    12      0.24432205      60.5096625
2014    13      0.2297014       57.13479125
2014    14      0.31317011      73.51261
2014    15      0.29164375      69.20590625
2014    16      0.20558618      52.32855375
2014    17      0.13967015      38.33986125
2014    18      0.20971374      53.46792625
2014    19      0.20437362      52.2271925
2014    20      0.20753833      53.0889275
2014    21      0.09153056      27.29583875
2014    22      0.08475667      25.74507125
2014    23      0.07340976      23.12265625
2014    24      0.09486051      28.39137875
2014    25      0.12573181      35.520495
2014    26      0.22955065      57.88962
2014    27      0.22469881      56.3439225
2014    28      0.22993212      57.3227575
2014    29      0.40015351      90.11841375
2014    30      0.40507769      90.8582175
2014    31      0.34809468      80.35717875
2015    1       0.11149136      31.76756125
2015    2       0.14388852      39.70065625
2015    3       0.14042601      38.537035
2015    4       0.11184235      32.26677125
2015    5       0.08861744      26.78479125
2015    6       0.0678057       21.75819125
2015    7       0.07250458      22.8287675
2015    8       0.09091771      27.19621875
2015    9       0.03605278      13.44809625
2015    10      0.04483488      15.76979912
2015    11      0.16900445      44.3928625
2015    12      0.07862258      24.1318475
2015    13      0.19367435      49.804705
2015    14      0.0494277       17.17890125
2015    15      0.10210395      29.4442125
2015    16      0.26028015      63.93800625
2015    17      0.16200911      43.59694375
2015    18      0.25309385      62.4523275
2015    19      0.19629808      50.24253125
2015    20      0.20839867      51.94733625
2015    21      0.25191496      61.73461625
2015    22      0.15728746      41.0872025
2015    23      0.10687954      30.39973125
2015    24      0.20347706      51.25731375
2015    25      0.19172405      49.3896975
2015    26      0.09498234      28.35407625
2015    27      0.0521821       17.65775138
2015    28      0.18231946      47.8070125
2015    29      0.14165968      38.8987475
2015    30      0.11294729      32.48308
2015    31      0.0899804       27.079425
2016    1       0.09617157      27.7622775
2016    2       0.09769612      28.799695
2016    3       0.14552136      40.006675
2016    4       0.13065874      36.31178375
2016    5       0.17904011      47.279725
2016    6       0.18988659      50.02479625
2016    7       0.1449008       40.1156975
2016    8       0.21382812      55.07323875
2016    9       0.10686061      31.2663675
2016    10      0.07890068      24.64429375
2016    11      0.08463874      25.77296875
2016    12      0.17488201      45.57737625
2016    13      0.33709448      78.393295
2016    14      0.1446603       39.63206625
2016    15      0.17058096      45.3884325
2016    16      0.17623215      46.285775
2016    17      0.2042003       52.0619
2016    18      0.26314959      64.2676025
2016    19      0.15339881      41.35192875
2016    20      0.14657689      39.85204625
2016    21      0.32540808      75.84222625
2016    22      0.23360364      57.94366875
2016    23      0.20279948      52.1583875
2016    24      0.2051953       52.84263125
2016    25      0.18223185      47.47963
2016    26      0.21189078      53.46722125
2016    27      0.18374309      46.76458
2016    28      0.03591867      13.610565
2016    29      0.03039065      12.15346375
2016    30      0.065551        20.82896
2016    31      0.2575576       62.8493375
2017    1       0.09380514      28.07172625
2017    2       0.07360982      23.0577375
2017    3       0.14764043      39.74309375
2017    4       0.07736179      24.2141975
2017    5       0.10793209      31.59777
2017    6       0.08243127      25.1606425
2017    7       0.07810896      24.1566075
2017    8       0.0986516       29.17006375
2017    9       0.12206673      34.340635
2017    10      0.09317782      27.46471625
2017    11      0.02914632      11.86775375
2017    12      0.02009638      9.39601263
2017    13      0.04994442      16.979591
2017    14      0.12705083      35.5049275
2017    15      0.12698327      35.337285
2017    16      0.05007827      17.3941925
2017    17      0.1047561       30.45972
2017    18      0.07085647      22.30843875
2017    19      0.02236968      10.10077825
2017    20      0.0332817       12.98688625
2017    21      0.10868532      31.2558075
2017    22      0.12854438      35.99550625
2017    23      0.08138699      25.0916925
2017    24      0.2161891       54.65796125
2017    25      0.10977521      31.55851625
2017    26      0.23721027      58.8137575
2017    27      0.20421188      52.3635875
2017    28      0.31598019      73.78359375
2017    29      0.2858738       67.9445525
2017    30      0.2501104       61.09883125
2017    31      0.27097927      65.63834
