####################################################################################################
# Month: 02Feb                                                                                     #
# Station: ORG                                                                                     #
# Frequency: 345 GHz                                                                               #
# Columns are: year    day     tau     Tb (K)                                                      #
####################################################################################################
2009    1       0.46961156      99.81874625
2009    2       1.19294248      186.3731375
2009    3       0.62474416      127.7242
2009    4       0.52914209      113.77916625
2009    5       0.80717675      147.4089125
2009    6       1.00874765      166.0459625
2009    7       0.78028762      143.9066625
2009    8       0.75167761      141.7768875
2009    9       0.94352794      158.3061125
2009    10      0.49946735      101.11657125
2009    11      0.82662343      144.374725
2009    12      0.66143169      126.41785
2009    13      0.76082309      138.0626625
2009    14      0.7162163       131.47965
2009    15      0.81883696      145.5344125
2009    16      0.77028622      139.016275
2009    17      0.94182904      157.2595
2009    18      0.58330882      117.1358875
2009    19      0.36910669      83.49810125
2009    20      0.49688905      105.07185625
2009    21      0.5787574       119.7050625
2009    22      1.09233302      166.07902625
2009    23      1.63336025      212.8890125
2009    24      0.9844694       163.0556125
2009    25      0.77164866      140.378675
2009    26      1.04013106      169.1485125
2009    27      0.36783386      82.3359875
2009    28      0.65736779      121.918745
2010    1       0.76741988      141.504775
2010    2       1.18690176      182.6872125
2010    3       1.08643198      173.7843
2010    4       1.00865468      165.7601125
2010    5       1.48485912      203.1790125
2010    6       1.02188251      163.6496
2010    7       1.2031195       183.6983125
2010    8       0.81059764      147.2263875
2010    9       0.73076666      137.7304
2010    10      0.60823176      122.784675
2010    11      1.39734475      198.07515
2010    12      0.99843598      162.068775
2010    13      1.28937574      191.4193375
2010    14      0.88116404      154.6974
2010    15      1.11927121      178.1146875
2010    16      1.19332774      184.8241125
2010    17      0.78115752      144.7644625
2010    18      0.7123396       133.91526
2010    19      0.56695876      115.777
2010    20      0.61790998      120.02292375
2010    21      0.65581119      124.52685
2010    22      0.33005586      76.04277125
2010    23      0.35426665      81.2612
2010    24      1.44751062      199.948475
2010    25      0.81902232      142.5877325
2010    26      1.04168236      166.54716375
2010    27      1.34075588      195.0213875
2010    28      0.77658211      142.3007
2011    1       0.35936971      75.6169175
2011    2       0.22453598      56.118335
2011    3       0.76523135      142.467275
2011    4       1.17770505      183.7292
2011    5       1.30009715      191.9595875
2011    6       1.4854095       206.13005
2011    7       0.73035208      128.70132875
2011    8       0.79157369      142.4400625
2011    9       0.46804965      99.33565125
2011    10      0.50449671      106.56457625
2011    11      0.79347679      145.8028
2011    12      0.62328816      123.40059625
2011    13      0.42529219      95.75907375
2011    14      0.62946369      119.52088
2011    15      0.8639913       155.839325
2011    16      1.21813091      184.1146375
2011    17      0.66437992      124.336335
2011    18      0.71678884      132.51325
2011    19      1.1947161       181.5898
2011    20      0.85781834      150.32875
2011    21      0.638187        123.5428875
2011    22      0.60474974      119.668385
2011    23      0.39557684      88.0742
2011    24      0.68358969      128.792125
2011    25      0.83731828      146.599625
2011    26      0.51916807      104.435115
2011    27      0.48053131      102.47964625
2011    28      0.47938104      102.57365875
2012    1       0.86576088      148.546405
2012    2       0.35459985      80.67199
2012    3       0.27681479      68.01391625
2012    4       0.30691812      74.30209125
2012    5       0.30933165      74.7585925
2012    6       0.28548324      70.11591
2012    7       0.40364839      87.89263375
2012    8       1.33407429      193.09725
2012    9       1.49384412      206.9582
2012    10      0.80611655      147.846725
2012    11      1.20274802      184.6793125
2012    12      0.94955863      159.46
2012    13      1.16153169      176.3740125
2012    14      0.90175869      152.7617
2012    15      0.7175033       130.77657125
2012    16      0.39167809      87.52879
2012    17      0.82487192      150.7297875
2012    18      1.09700356      173.4937875
2012    19      0.54777546      111.22591625
2012    20      0.91047904      153.5837875
2012    21      1.65278163      213.4453625
2012    22      1.16860494      176.1598625
2012    23      0.73107984      126.3972125
2012    24      0.79521231      145.3468625
2012    25      0.63335921      124.44868
2012    26      0.31190775      71.787325
2012    27      0.49330994      102.10045625
2012    28      0.48896658      102.00287375
2012    29      0.94603861      158.6265125
2013    1       0.58363715      119.9563125
2013    2       0.38800312      89.22908625
2013    3       0.5034701       107.18400375
2013    4       0.80583007      144.5560225
2013    5       0.83245118      144.94162125
2013    6       0.5368533       107.612915
2013    7       0.5850176       116.88922
2013    8       0.8158112       145.8919125
2013    9       0.44121835      94.60044875
2013    10      0.70153918      131.3578625
2013    11      0.59915068      119.86256125
2013    12      0.86758548      152.212475
2013    13      1.06924279      175.9391875
2013    14      0.8885963       154.5974375
2013    15      0.72703725      138.662125
2013    16      0.40248099      92.039305
2013    17      0.46320641      94.5059725
2013    18      0.58724008      114.64636625
2013    19      1.06377498      169.9390375
2013    20      0.55366546      110.6716875
2013    21      0.62248963      121.6286875
2013    22      1.0839226       172.0124
2013    23      1.03129169      158.8186
2013    24      0.53710011      109.69187
2013    25      0.73514001      138.1656875
2013    26      0.47224704      99.957735
2013    27      0.5242759       107.6805175
2013    28      1.33710456      191.1854375
2014    1       0.60725076      120.291925
2014    2       0.46542248      99.58983125
2014    3       0.75883865      139.598625
2014    4       0.55863362      112.4952125
2014    5       0.51907062      106.2798075
2014    6       0.88544432      152.6386
2014    7       1.17563984      178.5402
2014    8       1.42540891      196.9503875
2014    9       1.1543149       176.0417375
2014    10      1.07595856      168.22415
2014    11      0.86585399      152.62375
2014    12      1.98438125      228.2409625
2014    13      1.54062409      203.4361625
2014    14      2.26197438      238.627825
2014    15      1.90452775      224.7226625
2014    16      0.95727321      157.19369125
2014    17      0.30863706      73.3395975
2014    18      0.7107111       129.7605325
2014    19      0.95880898      155.2720675
2014    20      0.84990796      148.1185125
2014    21      0.90664089      154.9499625
2014    22      0.6960081       132.4404375
2014    23      0.6432757       127.3160875
2014    24      1.54734565      204.9622375
2014    25      1.40514975      202.7596
2014    26      1.13137905      181.89405
2014    27      1.51471762      205.201975
2014    28      1.15444872      175.8568875
2015    1       1.00838852      166.210725
2015    2       1.8482075       224.8873
2015    3       1.6644055       215.118
2015    4       1.05333298      165.966025
2015    5       0.7340081       138.5210125
2015    6       1.01299089      166.5349625
2015    7       1.7431205       215.1331125
2015    8       1.16582012      181.6433625
2015    9       1.62701034      208.7293375
2015    10      0.72736539      135.6026
2015    11      0.8637411       153.1119875
2015    12      1.12616604      182.3835625
2015    13      0.7241717       135.932575
2015    14      1.04630172      175.108225
2015    15      0.33568935      77.32119375
2015    16      0.49306148      105.72208375
2015    17      0.8946355       157.6445875
2015    18      0.83355504      155.1024375
2015    19      0.83660608      153.2397625
2015    20      0.6125122       121.6488775
2015    21      0.61968195      121.40209875
2015    22      0.55010572      110.240445
2015    23      0.1850182       48.6609525
2015    24      0.57352346      113.99618375
2015    25      0.79425146      145.7174125
2015    26      1.05037836      170.805025
2015    27      1.15050779      179.237825
2015    28      1.02022781      166.7558625
2016    1       0.3577019       79.19972375
2016    2       0.4367559       94.022625
2016    3       0.57157737      114.0527125
2016    4       0.98137685      157.1051025
2016    5       0.87632524      155.3413375
2016    6       1.0367702       170.180825
2016    7       1.50124825      208.30495
2016    8       0.83772689      153.535875
2016    9       0.34532412      82.64600375
2016    10      0.53986425      113.11995
2016    11      1.466729        207.705075
2016    12      0.99514195      168.709225
2016    13      0.75309728      134.43802875
2016    14      1.55988489      203.903625
2016    15      1.21764935      186.435275
2016    16      0.73633491      141.551625
2016    17      0.90731476      158.8415375
2016    18      1.0752528       173.0593625
2016    19      0.7699821       140.819725
2016    20      0.65035851      125.33968125
2016    21      0.78639649      143.7144875
2016    22      0.67904908      124.61513375
2016    23      0.4341124       96.50697625
2016    24      0.99656206      167.208075
2016    25      1.09694812      180.0118
2016    26      1.03736761      175.7318875
2016    27      0.97664375      165.0407375
2016    28      1.30328501      192.1125375
2016    29      0.7889985       142.1428
2017    1       0.73464666      133.8868225
2017    2       1.05428812      169.4969625
2017    3       1.41323712      200.5572375
2017    4       1.38078812      198.7993875
2017    5       1.38081325      196.36695
2017    6       1.23771926      187.306025
2017    7       1.992893        229.4717375
2017    8       1.31440771      187.6372875
2017    9       2.09910988      235.999225
2017    10      1.40003192      196.67545
2017    11      0.73864021      130.39646125
2017    12      0.22910069      58.00460375
2017    13      0.62025811      123.8623
2017    14      0.31775954      77.75290375
2017    15      0.42666656      88.93244
2017    16      1.86712975      225.86875
2017    17      1.1597402       178.7110375
2017    18      1.70535075      216.8170625
2017    19      1.21764841      181.934775
2017    20      1.3121484       192.293225
2017    21      1.22162244      183.8903
2017    22      0.88414764      152.437275
2017    23      0.76573902      138.410575
2017    24      0.47340604      98.02930375
2017    25      0.46228772      97.27699625
2017    26      0.51634451      104.73062625
2017    27      0.71332234      131.1167275
2017    28      0.69000854      129.3761625
2018    1       1.76736388      219.8101125
2018    2       1.39434961      194.8839875
2018    3       1.08200064      173.9487625
2018    4       1.02457052      173.313375
2018    5       1.02586171      168.00705
2018    6       0.640829        126.2683625
2018    7       1.23549475      190.1211375
2018    8       1.12752688      183.143525
2018    9       0.92404478      160.732575
2018    10      0.76752326      132.9219825
2018    11      0.34683032      75.9500975
2018    12      0.8370449       147.44205
2018    13      0.37260025      83.53976125
2018    14      0.70683842      130.11975
2018    15      0.47783629      96.6239025
2018    16      0.6636799       127.9231125
2018    17      0.98872528      164.8729375
2018    18      0.99380682      163.9147375
2018    19      0.52503152      106.03211125
2018    20      0.26251944      61.7614
2018    21      0.50938984      104.0200425
2018    22      0.65478719      123.50058875
2018    23      0.40647         87.20067875
2018    24      0.60545585      116.830225
2018    25      0.58478824      114.496595
2018    26      0.96240104      159.7647375
2018    27      0.36130204      80.046155
2018    28      0.60839206      118.51369625
