####################################################################################################
# Month: 03Mar                                                                                     #
# Station: BAJA                                                                                    #
# Columns are: year    day     RH (percent)                                                        #
####################################################################################################
9       1       0.05740762
9       2       0.118648
9       3       0.29530537
9       4       0.56300725
9       5       0.53735312
9       6       0.35218
9       7       0.16108412
9       8       0.18181925
9       9       0.24367525
9       10      0.0910995
9       11      0.07164187
9       12      0.13278512
9       13      0.1447475
9       14      0.635288
9       15      0.18832462
9       16      0.19069288
9       17      0.11107038
9       18      0.08969887
9       19      0.07733525
9       20      0.11403962
9       21      0.19505975
9       22      0.14470075
9       23      0.053867
9       24      0.09451275
9       25      0.10351062
9       26      0.19101162
9       27      0.26562188
9       28      0.12054012
9       29      0.15824325
9       30      0.17235737
9       31      0.15864425
