####################################################################################################
# Month: 09Sep                                                                                     #
# Station: BAJA                                                                                    #
# Columns are: year    day     RH (percent)                                                        #
####################################################################################################
9       1       0.63650738
9       2       0.81594863
9       3       0.777283
9       4       0.783998
9       5       0.84632875
9       6       0.78766538
9       7       0.57550488
9       8       0.62093675
9       9       0.60463575
9       10      0.7876545
9       11      0.68181025
9       12      0.56462838
9       13      0.37265675
9       14      0.2427335
9       15      0.11405338
9       16      0.18201888
9       17      0.31390462
9       18      0.382746
9       19      0.37830438
9       20      0.557645
9       21      0.43399338
9       22      0.502132
9       23      0.19729575
9       24      0.18594738
9       25      0.27884537
9       26      0.21312575
9       27      0.24108275
9       28      0.27703725
9       29      0.45782837
9       30      0.5576645
