####################################################################################################
# Month: 12Dec                                                                                     #
# Station: SPX                                                                                     #
# Frequency: 345 GHz                                                                               #
# Columns are: year    day     tau     Tb (K)                                                      #
####################################################################################################
2009    1       0.40349051      86.61927625
2009    2       0.25378545      61.4680075
2009    3       0.53431378      107.5576175
2009    4       0.30767053      70.17461875
2009    5       0.42771279      92.0805525
2009    6       0.87372838      152.294025
2009    7       0.76776845      138.2725
2009    8       0.2954473       65.69833625
2009    9       0.23775708      58.5009325
2009    10      0.30688651      70.4250325
2009    11      0.27312659      63.01322875
2009    12      0.41870445      89.373625
2009    13      0.30521769      69.86315125
2009    14      0.16773579      44.02769875
2009    15      0.12104432      34.2871525
2009    16      0.10386502      30.24051875
2009    17      0.10506295      30.377685
2009    18      0.1597958       41.96672625
2009    19      0.15848349      41.4097975
2009    20      0.22731239      54.53658625
2009    21      0.4854952       95.49498125
2009    22      0.63576094      121.86956
2009    23      0.6238896       116.76188625
2009    24      0.75513089      135.0659425
2009    25      0.30550595      67.631245
2009    26      0.08974777      26.8860375
2009    27      0.18677324      47.4623975
2009    28      0.53747979      105.7216275
2009    29      0.59666945      115.7838975
2009    30      0.7145675       132.759625
2009    31      0.47487918      98.2199425
2010    1       0.50819038      103.81407875
2010    2       0.13829208      37.21824125
2010    3       0.16061239      41.7261125
2010    4       0.1493836       39.3857025
2010    5       0.7647704       134.2102675
2010    6       1.23468496      185.9120375
2010    7       0.74145678      134.81169375
2010    8       0.79552665      144.0890125
2010    9       0.28637524      63.3737025
2010    10      0.32449194      73.8874675
2010    11      0.25968595      61.03916
2010    12      0.1405109       38.55495625
2010    13      0.12087787      34.05313375
2010    14      0.16922302      43.65321125
2010    15      0.31725324      71.88768375
2010    16      0.24362461      55.7398
2010    17      0.29779761      67.278565
2010    18      0.15428376      40.43515
2010    19      0.39609359      86.2075575
2010    20      0.42582248      92.1162425
2010    21      0.74652299      132.2426875
2010    22      0.81246025      144.05645
2010    23      0.82922371      147.1166625
2010    24      0.91162326      155.605425
2010    25      0.51472344      106.0403875
2010    26      0.14462597      37.27820125
2010    27      0.49290885      100.58181
2010    28      0.64028121      123.1065425
2010    29      0.37122316      82.27276
2010    30      0.41207385      86.34845875
2010    31      0.16068576      42.29996375
2011    1       0.45876531      97.7171675
2011    2       0.58009358      115.20931
2011    3       0.61853451      118.3756125
2011    4       0.40356494      86.45347875
2011    5       0.32267035      68.19816
2011    6       0.33034488      74.5303675
2011    7       0.47591662      97.333935
2011    8       0.37335709      82.08907125
2011    9       0.4872789       100.85015375
2011    10      0.4442128       94.62180375
2011    11      0.26719216      64.7610575
2011    12      0.45433468      92.0519275
2011    13      0.48223029      99.1426275
2011    14      0.3939223       84.99277
2011    15      0.36890432      80.26950125
2011    16      0.73875656      130.95197875
2011    17      0.20480756      50.04626125
2011    18      0.20766579      50.92658875
2011    19      0.14401964      38.29675875
2011    20      0.39733305      85.2737275
2011    21      0.68823224      127.1334175
2011    22      0.7622302       138.54618
2011    23      0.3991538       89.43371375
2011    24      0.21909956      54.61945625
2011    25      0.38934758      86.8810825
2011    26      0.51042225      105.98059875
2011    27      0.24983791      62.49893
2011    28      0.27035918      65.708105
2011    29      0.25078006      59.00574375
2011    30      0.32434239      72.57583875
2011    31      0.69343828      130.2254375
2012    1       0.13744528      37.3197975
2012    2       0.16496632      43.069065
2012    3       0.41419109      85.90677625
2012    4       0.38188008      81.47353875
2012    5       0.22949549      55.2930275
2012    6       0.18141756      45.78823625
2012    7       0.40535084      85.52855625
2012    8       0.19020751      47.4577225
2012    9       0.37361984      81.5558725
2012    10      0.18295899      46.8177625
2012    11      0.12094777      33.8630625
2012    12      0.14212973      38.14121375
2012    13      0.44990464      93.084155
2012    14      0.65316888      116.95006625
2012    15      0.61891642      116.8891025
2012    16      0.39870654      86.24661625
2012    17      0.38402571      83.81537375
2012    18      0.31638354      71.84049125
2012    19      0.14485041      39.199995
2012    20      0.72444308      132.85934875
2012    21      0.34438302      77.5955325
2012    22      0.68262198      114.679155
2012    23      0.6520721       124.7021125
2012    24      0.50138523      105.262985
2012    25      0.57478192      114.09651625
2012    26      0.35109582      75.8972825
2012    27      0.51211629      104.3402725
2012    28      0.38753951      83.87489
2012    29      0.51529114      106.5593525
2012    30      0.30044545      68.61069875
2012    31      0.39133554      86.27287375
2013    1       0.0894144       27.63667625
2013    2       0.17163669      45.64483
2013    3       0.17724155      46.178195
2013    4       0.19072355      49.38397875
2013    5       0.21446551      52.073545
2013    6       0.35724216      80.2699375
2013    7       0.20106404      51.043215
2013    8       0.21551631      52.9976525
2013    9       0.3705636       82.1621075
2013    10      0.25570075      63.25121375
2013    11      0.18038586      47.590945
2013    12      0.13522812      38.07557875
2013    13      0.15216962      41.8878
2013    14      0.2463662       59.0311625
2013    15      0.39866294      86.86773875
2013    16      0.37283326      84.2014375
2013    17      0.26861476      63.9081025
2013    18      0.47863158      99.55842375
2013    19      0.76155732      134.50226375
2013    20      0.57221394      110.28471125
2013    21      0.13888488      38.54838
2013    22      0.51742172      105.16024
2013    23      0.28672956      68.26350125
2013    24      0.50647605      102.92041375
2013    25      0.82700016      147.2379125
2013    26      0.67322473      125.59678625
2013    27      0.28804984      68.05415875
2013    28      0.52272278      106.2869325
2013    29      0.20605282      51.54858375
2013    30      0.12231696      34.038525
2013    31      0.24803181      59.29468125
2014    1       0.77053945      138.882475
2014    2       0.66949638      128.2239625
2014    3       0.4371377       94.60665125
2014    4       0.46170531      97.81158125
2014    5       0.3824934       85.4951125
2014    6       0.45412066      96.642385
2014    7       0.31300376      72.65134
2014    8       0.2766246       64.4450075
2014    9       0.15967528      41.8738475
2014    10      0.45248155      91.21069125
2014    11      0.26969912      64.05508625
2014    12      0.34747229      76.648755
2014    13      0.54070292      107.74157875
2014    14      0.58982255      116.77587125
2014    15      0.56188906      113.1519125
2014    16      0.42523601      89.40928375
2014    17      0.58697893      104.60152375
2014    18      0.62888159      113.60755625
2014    19      0.30616078      70.5944225
2014    20      0.24407181      58.56702375
2014    21      0.3061685       70.95998625
2014    22      0.21126398      53.53273875
2014    23      0.12458999      35.35902
2014    24      0.16871586      43.51896375
2014    25      0.33009346      74.12542875
2014    26      0.12696315      34.7814575
2014    27      0.45518416      94.21577375
2014    28      0.2357773       56.0898375
2014    29      0.20011707      48.63776
2014    30      0.36808961      81.565895
2014    31      0.39078169      87.1943175
2015    1       0.59581856      119.71278375
2015    2       0.24129035      59.6531875
2015    3       0.30131145      71.5172075
2015    4       0.51727796      101.9741675
2015    5       0.24579002      60.60060875
2015    6       0.39416498      88.072095
2015    7       0.37119544      83.97495625
2015    8       0.54120456      110.4218625
2015    9       0.33653922      71.33050625
2015    10      0.18199935      47.3443075
2015    11      0.30515543      71.4630075
2015    12      0.310053        72.77579125
2015    13      0.40421101      87.77506
2015    14      0.39963496      87.924485
2015    15      0.42396141      91.0244075
2015    16      0.64048825      122.53604875
2015    17      0.51345814      106.60218375
2015    18      0.45386425      95.91296375
2015    19      0.7090911       135.1299625
2015    20      0.73077582      136.3799625
2015    21      0.60706059      115.10216375
2015    22      0.55145015      114.5707125
2015    23      0.33895711      78.80009375
2015    24      0.47910842      101.434825
2015    25      0.43774793      95.09497375
2015    26      0.23066786      57.55736625
2015    27      0.26621322      64.219715
2015    28      0.23837448      59.21448625
2015    29      0.20776046      52.4305725
2015    30      0.24438541      61.073355
2015    31      0.60500462      114.3000575
2016    1       0.4444614       95.99493625
2016    2       0.27317554      66.18612625
2016    3       0.17089682      44.9911825
2016    4       0.10680281      31.59474625
2016    5       0.11976309      34.563725
2016    6       0.13048565      36.42387
2016    7       0.34556229      76.4578175
2016    8       0.8114497       147.346275
2016    9       0.34346078      78.86869375
2016    10      0.60516384      121.6728875
2016    11      0.32337427      73.22410625
2016    12      0.25242372      59.13949375
2016    13      0.51672495      105.93529375
2016    14      0.33254049      76.36207125
2016    15      0.14324389      39.51500125
2016    16      0.15312341      41.46958375
2016    17      0.20930498      51.846395
2016    18      0.28358791      66.66932875
2016    19      0.36659712      81.300945
2016    20      0.59775154      118.632975
2016    21      0.41035765      90.063735
2016    22      0.2458653       60.7474775
2016    23      0.24994159      58.6895175
2016    24      0.34378929      76.38350625
2016    25      0.56244834      108.42795
2016    26      0.29602229      71.2488725
2016    27      0.16430949      43.537545
2016    28      0.0931302       28.4206525
2016    29      0.15423421      42.3413025
2016    30      0.15439909      42.34774875
2016    31      0.15484135      42.20394625
2017    1       0.23615535      56.61804375
2017    2       0.19321514      48.6157325
2017    3       0.22928772      53.82459125
2017    4       0.3575217       79.644205
2017    5       0.31499449      72.92483625
2017    6       0.18361015      48.142
2017    7       0.17775582      45.092135
2017    8       0.37742191      78.6981525
2017    9       0.13969801      37.2351425
2017    10      0.82903935      142.9392325
2017    11      0.9796771       161.3886
2017    12      0.27098495      63.25603625
2017    13      0.41394838      85.9898575
2017    14      0.33939545      75.2466075
2017    15      0.31601726      71.46015
2017    16      0.24399126      58.420015
2017    17      0.13070673      35.72214
2017    18      0.36663681      79.47312375
2017    19      0.22357222      55.4886125
2017    20      0.45623246      97.1429675
2017    21      0.63862481      122.1945525
2017    22      0.38688831      83.24522
2017    23      0.31885942      73.8016725
2017    24      0.18249958      48.35724
2017    25      0.21232735      54.2746525
2017    26      0.2976377       69.6818125
2017    27      0.54945891      109.04550875
2017    28      0.21622276      52.44207625
2017    29      0.25681158      58.672205
2017    30      0.77486948      136.23115875
2017    31      0.30596395      72.26596875
2018    1       0.31033624      68.95420375
