####################################################################################################
# Month: 07Jul                                                                                     #
# Station: JCMT                                                                                    #
# Columns are: year    day     RH (percent)                                                        #
####################################################################################################
9       1       0.15558638
9       2       0.26659537
9       3       0.27205212
9       4       0.1175025
9       5       0.11347338
9       6       0.29532212
9       7       0.16578938
9       8       0.13874087
9       9       0.17648175
9       10      0.07131388
9       11      0.15880025
9       12      0.26004575
9       13      0.22222288
9       14      0.137148
9       15      0.08686462
9       16      0.07181012
9       17      0.1535385
9       18      0.13514988
9       19      0.20467762
9       20      0.16575812
9       21      0.09328775
9       22      0.18590512
9       23      0.4781445
9       24      0.36364812
9       25      0.3776045
9       26      0.27583963
9       27      0.25802112
9       28      0.383837
9       29      0.47898662
9       30      0.37307925
9       31      0.27720512
