####################################################################################################
# Month: 07Jul                                                                                     #
# Station: JCMT                                                                                    #
# Columns are: year    day     segment         RH (percent)                                        #
####################################################################################################
9       1       0       0.11278
9       1       1       0.122356
9       1       2       0.137849
9       1       3       0.148276
9       1       4       0.165926
9       1       5       0.178492
9       1       6       0.185017
9       1       7       0.193995
9       2       0       0.21839
9       2       1       0.231323
9       2       2       0.243414
9       2       3       0.252368
9       2       4       0.282465
9       2       5       0.2893
9       2       6       0.307444
9       2       7       0.308059
9       3       0       0.311589
9       3       1       0.389269
9       3       2       0.398669
9       3       3       0.393349
9       3       4       0.282118
9       3       5       0.165758
9       3       6       0.12416
9       3       7       0.111505
9       4       0       0.163639
9       4       1       0.222505
9       4       2       0.160016
9       4       3       0.115681
9       4       4       0.082975
9       4       5       0.064
9       4       6       0.065652
9       4       7       0.065552
9       5       0       0.063554
9       5       1       0.072016
9       5       2       0.066913
9       5       3       0.087559
9       5       4       0.104171
9       5       5       0.13917
9       5       6       0.183884
9       5       7       0.19052
9       6       0       0.205643
9       6       1       0.239277
9       6       2       0.285664
9       6       3       0.301052
9       6       4       0.333384
9       6       5       0.379337
9       6       6       0.356014
9       6       7       0.262206
9       7       0       0.197353
9       7       1       0.172375
9       7       2       0.178723
9       7       3       0.186074
9       7       4       0.185568
9       7       5       0.172507
9       7       6       0.130991
9       7       7       0.102724
9       8       0       0.095495
9       8       1       0.102166
9       8       2       0.120753
9       8       3       0.14673
9       8       4       0.172633
9       8       5       0.174773
9       8       6       0.149923
9       8       7       0.147454
9       9       0       0.198226
9       9       1       0.229864
9       9       2       0.24728
9       9       3       0.232319
9       9       4       0.180869
9       9       5       0.140058
9       9       6       0.10809
9       9       7       0.075148
9       10      0       0.076666
9       10      1       0.088363
9       10      2       0.089522
9       10      3       0.078814
9       10      4       0.064412
9       10      5       0.060014
9       10      6       0.057457
9       10      7       0.055263
9       11      0       0.058218
9       11      1       0.056097
9       11      2       0.063442
9       11      3       0.076896
9       11      4       0.146303
9       11      5       0.22474
9       11      6       0.281277
9       11      7       0.363429
9       12      0       0.408474
9       12      1       0.411778
9       12      2       0.34603
9       12      3       0.259563
9       12      4       0.202513
9       12      5       0.137847
9       12      6       0.138562
9       12      7       0.175599
9       13      0       0.231652
9       13      1       0.268057
9       13      2       0.243257
9       13      3       0.213038
9       13      4       0.180576
9       13      5       0.174345
9       13      6       0.225017
9       13      7       0.241841
9       14      0       0.240023
9       14      1       0.238912
9       14      2       0.171788
9       14      3       0.118866
9       14      4       0.089305
9       14      5       0.071986
9       14      6       0.079009
9       14      7       0.087295
9       15      0       0.093545
9       15      1       0.104464
9       15      2       0.106221
9       15      3       0.111643
9       15      4       0.094076
9       15      5       0.065665
9       15      6       0.056571
9       15      7       0.062732
9       16      0       0.056694
9       16      1       0.070712
9       16      2       0.067906
9       16      3       0.064899
9       16      4       0.067644
9       16      5       0.063884
9       16      6       0.071204
9       16      7       0.111538
9       17      0       0.200191
9       17      1       0.267569
9       17      2       0.248665
9       17      3       0.185168
9       17      4       0.12249
9       17      5       0.087534
9       17      6       0.061726
9       17      7       0.054965
9       18      0       0.089437
9       18      1       0.163697
9       18      2       0.168772
9       18      3       0.101363
9       18      4       0.110485
9       18      5       0.122538
9       18      6       0.150878
9       18      7       0.174029
9       19      0       0.184722
9       19      1       0.197739
9       19      2       0.224808
9       19      3       0.229613
9       19      4       0.201332
9       19      5       0.187463
9       19      6       0.196023
9       19      7       0.215721
9       20      0       0.222289
9       20      1       0.210264
9       20      2       0.179202
9       20      3       0.160347
9       20      4       0.149254
9       20      5       0.14311
9       20      6       0.134997
9       20      7       0.126602
9       21      0       0.112432
9       21      1       0.102158
9       21      2       0.095437
9       21      3       0.092344
9       21      4       0.087186
9       21      5       0.07943
9       21      6       0.085744
9       21      7       0.091571
9       22      0       0.094406
9       22      1       0.105068
9       22      2       0.128357
9       22      3       0.161225
9       22      4       0.184589
9       22      5       0.20544
9       22      6       0.271209
9       22      7       0.336947
9       23      0       0.384785
9       23      1       0.49944
9       23      2       0.593987
9       23      3       0.633598
9       23      4       0.556036
9       23      5       0.420478
9       23      6       0.352016
9       23      7       0.384816
9       24      0       0.431493
9       24      1       0.42563
9       24      2       0.378163
9       24      3       0.347588
9       24      4       0.338436
9       24      5       0.312535
9       24      6       0.332549
9       24      7       0.342791
9       25      0       0.377691
9       25      1       0.413069
9       25      2       0.428318
9       25      3       0.413194
9       25      4       0.34756
9       25      5       0.320727
9       25      6       0.343436
9       25      7       0.376841
9       26      0       0.359066
9       26      1       0.33143
9       26      2       0.320604
9       26      3       0.290894
9       26      4       0.246877
9       26      5       0.21212
9       26      6       0.223172
9       26      7       0.222554
9       27      0       0.224375
9       27      1       0.226197
9       27      2       0.259628
9       27      3       0.285302
9       27      4       0.270876
9       27      5       0.253941
9       27      6       0.255659
9       27      7       0.288191
9       28      0       0.34362
9       28      1       0.371076
9       28      2       0.360103
9       28      3       0.331849
9       28      4       0.370142
9       28      5       0.421119
9       28      6       0.418266
9       28      7       0.454521
9       29      0       0.436344
9       29      1       0.461051
9       29      2       0.529608
9       29      3       0.565747
9       29      4       0.497628
9       29      5       0.461081
9       29      6       0.444707
9       29      7       0.435727
9       30      0       0.461991
9       30      1       0.457338
9       30      2       0.408389
9       30      3       0.367664
9       30      4       0.367617
9       30      5       0.36849
9       30      6       0.29666
9       30      7       0.256485
9       31      0       0.249946
9       31      1       0.287044
9       31      2       0.32669
9       31      3       0.257467
9       31      4       0.238422
9       31      5       0.291167
9       31      6       0.301618
9       31      7       0.265287
