####################################################################################################
# Month: 07Jul                                                                                     #
# Station: JCMT                                                                                    #
# Columns are: year    day     segment         windspeed (m/s)                                     #
####################################################################################################
2009    1       0       7.107993
2009    1       1       6.403908
2009    1       2       6.078697
2009    1       3       5.216058
2009    1       4       5.261276
2009    1       5       6.18884
2009    1       6       6.173403
2009    1       7       5.155365
2009    2       0       3.203878
2009    2       1       1.877613
2009    2       2       1.699806
2009    2       3       1.308306
2009    2       4       1.026737
2009    2       5       1.50389
2009    2       6       1.883491
2009    2       7       1.695043
2009    3       0       1.49843
2009    3       1       1.47463
2009    3       2       1.19844
2009    3       3       0.495568
2009    3       4       0.834437
2009    3       5       1.467206
2009    3       6       1.315555
2009    3       7       2.484995
2009    4       0       3.932552
2009    4       1       4.6172
2009    4       2       4.023426
2009    4       3       3.438728
2009    4       4       4.328662
2009    4       5       4.546668
2009    4       6       4.412116
2009    4       7       4.205064
2009    5       0       4.542363
2009    5       1       4.540212
2009    5       2       5.224408
2009    5       3       5.997721
2009    5       4       6.50038
2009    5       5       6.448388
2009    5       6       5.913903
2009    5       7       5.764843
2009    6       0       6.149159
2009    6       1       6.275065
2009    6       2       6.449692
2009    6       3       6.592189
2009    6       4       5.724969
2009    6       5       4.548776
2009    6       6       4.212942
2009    6       7       5.330142
2009    7       0       6.12963
2009    7       1       7.250442
2009    7       2       7.58589
2009    7       3       7.558884
2009    7       4       8.223232
2009    7       5       8.409588
2009    7       6       7.041283
2009    7       7       5.70621
2009    8       0       4.888114
2009    8       1       5.686189
2009    8       2       8.069854
2009    8       3       10.497107
2009    8       4       11.374046
2009    8       5       10.819054
2009    8       6       11.727319
2009    8       7       12.51135
2009    9       0       12.137882
2009    9       1       11.866128
2009    9       2       11.803303
2009    9       3       10.785043
2009    9       4       9.17243
2009    9       5       9.013741
2009    9       6       8.448068
2009    9       7       7.296651
2009    10      0       5.278111
2009    10      1       4.093621
2009    10      2       4.032873
2009    10      3       4.337226
2009    10      4       3.314336
2009    10      5       3.040423
2009    10      6       3.382592
2009    10      7       3.625962
2009    11      0       2.079192
2009    11      1       0.766031
2009    11      2       0.748722
2009    11      3       1.662197
2009    11      4       2.373396
2009    11      5       3.512577
2009    11      6       3.412468
2009    11      7       3.51643
2009    12      0       5.590791
2009    12      1       6.916924
2009    12      2       7.086145
2009    12      3       7.306337
2009    12      4       7.428563
2009    12      5       6.64747
2009    12      6       5.373088
2009    12      7       4.971133
2009    13      0       5.438454
2009    13      1       6.298888
2009    13      2       6.301471
2009    13      3       6.348695
2009    13      4       7.042978
2009    13      5       7.516759
2009    13      6       7.487053
2009    13      7       6.746954
2009    14      0       8.088119
2009    14      1       8.201544
2009    14      2       7.889256
2009    14      3       6.611792
2009    14      4       5.368598
2009    14      5       5.282581
2009    14      6       4.058767
2009    14      7       2.886523
2009    15      0       2.883321
2009    15      1       2.648274
2009    15      2       3.411821
2009    15      3       2.596852
2009    15      4       1.651256
2009    15      5       1.593483
2009    15      6       1.543916
2009    15      7       1.426495
2009    16      0       1.605562
2009    16      1       2.168437
2009    16      2       1.486556
2009    16      3       1.651333
2009    16      4       1.823039
2009    16      5       2.070464
2009    16      6       1.920341
2009    16      7       2.457279
2009    17      0       1.878767
2009    17      1       1.553557
2009    17      2       2.015904
2009    17      3       2.417189
2009    17      4       2.577563
2009    17      5       3.168685
2009    17      6       3.60739
2009    17      7       3.052244
2009    18      0       2.433293
2009    18      1       1.995777
2009    18      2       2.941671
2009    18      3       3.370968
2009    18      4       3.402826
2009    18      5       3.8736
2009    18      6       3.325116
2009    18      7       3.047021
2009    19      0       2.242759
2009    19      1       1.685589
2009    19      2       1.594259
2009    19      3       0.475675
2009    19      4       0.67334
2009    19      5       1.285048
2009    19      6       1.435499
2009    19      7       1.768873
2009    20      0       2.590089
2009    20      1       2.796459
2009    20      2       2.7665
2009    20      3       2.851278
2009    20      4       2.625511
2009    20      5       2.613304
2009    20      6       2.224458
2009    20      7       1.669578
2009    21      0       0.797976
2009    21      1       0.850144
2009    21      2       0.773588
2009    21      3       0.912229
2009    21      4       1.433977
2009    21      5       1.165104
2009    21      6       1.142808
2009    21      7       1.530481
2009    22      0       2.496636
2009    22      1       3.613325
2009    22      2       4.067429
2009    22      3       4.646502
2009    22      4       5.316946
2009    22      5       5.169189
2009    22      6       4.275337
2009    22      7       3.469801
2009    23      0       3.535569
2009    23      1       3.992434
2009    23      2       4.073271
2009    23      3       3.922423
2009    23      4       3.855793
2009    23      5       3.853605
2009    23      6       4.458985
2009    23      7       4.886205
2009    24      0       5.02572
2009    24      1       5.16215
2009    24      2       4.930688
2009    24      3       4.556129
2009    24      4       4.541509
2009    24      5       4.391009
2009    24      6       3.400629
2009    24      7       2.245337
2009    25      0       2.12834
2009    25      1       1.482577
2009    25      2       1.079029
2009    25      3       0.55723
2009    25      4       1.096238
2009    25      5       2.248402
2009    25      6       1.949557
2009    25      7       2.649211
2009    26      0       2.76706
2009    26      1       3.51723
2009    26      2       3.361973
2009    26      3       3.146643
2009    26      4       2.231647
2009    26      5       1.209831
2009    26      6       1.84714
2009    26      7       2.169487
2009    27      0       2.935534
2009    27      1       3.504888
2009    27      2       2.364457
2009    27      3       0.556007
2009    27      4       0.384912
2009    27      5       0.487412
2009    27      6       1.418957
2009    27      7       3.249298
2009    28      0       2.939861
2009    28      1       2.116455
2009    28      2       0.813913
2009    28      3       0.869047
2009    28      4       1.632601
2009    28      5       2.159262
2009    28      6       2.508467
2009    28      7       2.352836
2009    29      0       1.075366
2009    29      1       0.413162
2009    29      2       1.728748
2009    29      3       1.747473
2009    29      4       1.128624
2009    29      5       0.375965
2009    29      6       1.060901
2009    29      7       2.115897
2009    30      0       3.701341
2009    30      1       4.856746
2009    30      2       5.327983
2009    30      3       7.462772
2009    30      4       8.719751
2009    30      5       8.534607
2009    30      6       10.017791
2009    30      7       9.985184
2009    31      0       10.169182
2009    31      1       10.456687
2009    31      2       9.098718
2009    31      3       8.198235
2009    31      4       6.599898
2009    31      5       6.976239
2009    31      6       5.77611
2009    31      7       4.078338
