####################################################################################################
# Month: 10Oct                                                                                     #
# Station: NOB                                                                                     #
# Frequency: 230 GHz                                                                               #
# Columns are: year    day     tau     Tb (K)                                                      #
####################################################################################################
2009    1       1.24499612      199.844175
2009    2       2.18110188      248.342525
2009    3       0.89769686      164.017065
2009    4       0.49055579      108.5629225
2009    5       1.16179775      186.32955
2009    6       1.42681578      209.0263125
2009    7       1.83338612      229.80515
2009    8       1.3159359       191.4288875
2009    9       0.91326581      163.082325
2009    10      0.85739781      154.8301
2009    11      0.62237216      128.726325
2009    12      0.7074498       140.1494
2009    13      0.65357075      131.28584375
2009    14      0.75861411      144.4272875
2009    15      0.69283534      137.1730375
2009    16      0.66485361      133.2874375
2009    17      1.07666862      177.282425
2009    18      0.53780424      115.44447125
2009    19      0.5774304       120.52181875
2009    20      0.5395131       112.14221875
2009    21      0.5233595       111.54641125
2009    22      0.52978315      113.52548125
2009    23      0.42347251      97.11591375
2009    24      0.98635055      167.119575
2009    25      1.09324487      181.49245
2009    26      1.19785169      188.066725
2009    27      0.64675809      127.6261725
2009    28      0.62318009      128.5432075
2009    29      0.71920508      140.31441
2009    30      0.51014396      111.58407375
2009    31      0.53564113      115.6371675
2010    1       1.0318379       178.631325
2010    2       1.07947761      185.267325
2010    3       1.663709        226.0141
2010    4       1.33280078      190.2118625
2010    5       0.94553722      167.642975
2010    6       0.95961825      172.951475
2010    7       0.83486509      158.7998375
2010    8       1.17031128      189.9425
2010    9       1.90233388      237.1706625
2010    10      1.15079201      188.536975
2010    11      0.94979799      173.116875
2010    12      1.34174995      204.7097625
2010    13      1.12592062      188.3442375
2010    14      1.05493816      178.0226625
2010    15      0.86632692      156.38964375
2010    16      0.463238        103.38218125
2010    17      0.41254822      95.09268375
2010    18      0.59233542      123.14673625
2010    19      0.82836255      152.8845875
2010    20      1.17245257      188.977275
2010    21      1.62471975      221.687075
2010    22      0.67978729      129.98390875
2010    23      0.29026259      70.81825125
2010    24      1.58018736      212.182025
2010    25      1.64044975      223.56
2010    26      0.65842286      127.64877125
2010    27      0.59837443      120.9365125
2010    28      1.2629677       195.7093125
2010    29      0.96012855      168.9072
2010    30      1.04089662      178.397725
2010    31      1.4174603       206.5404
2011    1       0.8817892       162.97835
2011    2       0.96925347      167.8030375
2011    3       0.54265162      115.9580325
2011    4       0.84634929      155.8167625
2011    5       1.83532312      232.2962
2011    6       0.97097011      170.1080125
2011    7       0.4804027       104.77917125
2011    8       0.60232825      126.14745
2011    9       0.52090496      113.10788625
2011    10      0.58597215      122.48601625
2011    11      0.59982074      125.326975
2011    12      0.43101856      98.36341625
2011    13      0.7007968       138.9137875
2011    14      1.72489314      223.1161375
2011    15      2.07401225      241.754375
2011    16      0.48859264      108.98025125
2011    17      0.83618102      154.087575
2011    18      0.57717837      122.51865625
2011    19      0.37674979      88.34567125
2011    20      0.48603384      108.7190925
2011    21      1.32964661      194.4726625
2011    22      1.84896812      233.5456125
2011    23      1.17048257      192.9343375
2011    24      1.542633        218.27565
2011    25      1.08511855      174.23488
2011    26      0.3295775       79.3878575
2011    27      0.34540551      80.4820575
2011    28      0.46665329      102.63342
2011    29      0.80095029      152.11845
2011    30      1.30715462      199.7996
2011    31      0.77268085      136.9218125
2012    1       1.52050775      219.817575
2012    2       1.48485425      214.50345
2012    3       1.25166025      199.9803
2012    4       0.97571492      175.1435125
2012    5       0.82976855      156.925275
2012    6       1.15207321      186.8426875
2012    7       1.09589616      178.7727875
2012    8       0.86787096      158.584475
2012    9       0.69237089      140.4334375
2012    10      0.68647169      137.4984625
2012    11      1.02562085      174.7844625
2012    12      0.3729536       87.88701875
2012    13      0.55159621      118.15221625
2012    14      0.61446602      123.47501
2012    15      0.69470888      136.6120875
2012    16      0.52295833      114.07093625
2012    17      1.61105619      217.181075
2012    18      1.50841925      209.142925
2012    19      0.71335771      131.3801475
2012    20      0.65478072      131.083175
2012    21      0.35506698      82.9192925
2012    22      0.94647323      152.36182625
2012    23      0.97956898      161.54066625
2012    24      0.5249981       112.6997425
2012    25      0.43577651      98.53248125
2012    26      0.61419932      126.59992
2012    27      0.70009293      138.162025
2012    28      1.14144512      186.3272625
2012    29      0.52546545      108.69340125
2012    30      0.76379797      144.8967375
2012    31      0.53234684      113.60853625
2013    1       1.73996662      232.80865
2013    2       1.589155        224.1614625
2013    3       1.34631338      206.1864375
2013    4       1.15970412      190.990075
2013    5       1.58620875      221.4388125
2013    6       1.12964698      190.679525
2013    7       0.98433351      175.5586
2013    8       1.35370408      198.866425
2013    9       1.6917375       228.9735
2013    10      1.519382        220.8547375
2013    11      1.19226154      193.203125
2013    12      0.6118626       127.5414075
2013    13      0.66470881      134.6087375
2013    14      0.74344901      146.7202
2013    15      1.9424335       233.6076875
2013    16      0.86258489      145.63152875
2013    17      0.6116389       123.9877575
2013    18      0.7930748       148.4001625
2013    19      1.00613235      170.784375
2013    20      1.42801601      207.394025
2013    21      1.02116535      177.8863375
2013    22      1.37514362      207.4532625
2013    23      1.50091125      214.8318875
2013    24      1.550691        219.0163375
2013    25      1.90889775      237.0336
2013    26      0.97280019      167.714625
2013    27      0.47380955      105.22345125
2013    28      0.58722961      123.1421
2013    29      1.12930816      185.1647375
2013    30      0.66805609      133.5428275
2013    31      0.57812265      121.791425
2014    1       1.10197706      188.8479625
2014    2       1.38004088      209.0794375
2014    3       1.40284325      211.2953875
2014    4       1.13117441      186.9005
2014    5       2.23364775      248.60205
2014    6       1.43580891      202.2043625
2014    7       0.81961586      155.15465
2014    8       0.79743911      152.971775
2014    9       1.05856901      181.0622625
2014    10      0.49855224      106.36886375
2014    11      0.38718901      92.239315
2014    12      0.64820101      129.8240225
2014    13      2.06986425      238.7086875
2014    14      0.93044801      163.985725
2014    15      1.02601726      173.8215625
2014    16      0.67507134      134.761675
2014    17      0.5296715       112.96377875
2014    18      0.52005861      112.24725
2014    19      0.49050225      107.2703675
2014    20      1.49967862      213.6912
2014    21      1.73501712      227.63285
2014    22      1.53782325      211.856275
2014    23      0.91619325      162.7662875
2014    24      0.49608244      106.695075
2014    25      0.5359954       110.5384575
2014    26      1.2732915       199.370925
2014    27      0.66695525      126.66847125
2014    28      0.27693776      68.5285325
2014    29      0.24223175      62.4573425
2014    30      0.91285655      160.01668125
2014    31      1.22583552      190.9657375
2015    1       2.0992545       241.6683125
2015    2       0.58902526      113.6961975
2015    3       0.54375705      115.30923875
2015    4       1.00174831      175.442
2015    5       1.18125431      190.167625
2015    6       0.92948144      162.716375
2015    7       0.70507026      134.4991225
2015    8       0.98568488      170.695375
2015    9       0.79574735      152.0360375
2015    10      1.01163954      168.61335
2015    11      0.92962008      155.84294
2015    12      0.82144793      153.292325
2015    13      0.57733241      123.1653875
2015    14      0.34689174      83.70649625
2015    15      0.546523        116.88469375
2015    16      0.77628005      150.284625
2015    17      1.2373457       194.421725
2015    18      0.62623257      130.0443175
2015    19      0.79203226      148.96573125
2015    20      0.72484316      145.1248625
2015    21      0.70778465      142.0083125
2015    22      0.90931621      165.0495
2015    23      0.86629345      162.24265
2015    24      0.77289649      137.50724625
2015    25      0.19402095      51.8064575
2015    26      0.41423806      93.5520025
2015    27      1.04733944      169.80604375
2015    28      0.69073346      138.533825
2015    29      0.64963125      129.8813775
2015    30      0.55658301      116.45756125
2015    31      0.28263927      68.7484675
2016    1       2.339259        255.501975
2016    2       2.13829562      250.17335
2016    3       1.68233675      224.27545
2016    4       0.46011579      101.98747375
2016    5       1.50342671      215.9166625
2016    6       0.60381811      126.698485
2016    7       1.26615718      195.6366625
2016    8       2.43759212      256.7200875
2016    9       1.04137256      167.202805
2016    10      1.42114575      206.965475
2016    11      0.7473217       142.01603625
2016    12      0.87837446      156.20352625
2016    13      0.71376994      135.7718425
2016    14      0.35901658      85.65724
2016    15      0.41583739      95.89173875
2016    16      0.88672505      150.90206625
2016    17      1.02933099      178.8727875
2016    18      1.27262455      199.598325
2016    19      1.06729396      183.2280375
2016    20      0.31868509      77.46877375
2016    21      0.63784404      129.51908125
2016    22      0.84663826      155.93531875
2016    23      1.26955706      193.3624875
2016    24      0.34690482      82.84982
2016    25      1.32213625      203.8411125
2016    26      0.95511732      162.5439375
2016    27      0.51689863      104.28799375
2016    28      1.72184362      226.5191125
2016    29      1.10364854      182.8772125
2016    30      0.52352268      103.5477925
2016    31      0.65453825      125.84630125
2017    1       0.78866805      149.95029625
2017    2       1.62824038      222.48115
2017    3       1.4791115       207.4942375
2017    4       0.82828256      153.5072125
2017    5       0.7584337       147.466925
2017    6       1.55932086      213.2646625
2017    7       1.589755        221.183875
2017    8       1.09160835      188.8353625
2017    9       1.39199725      211.312225
2017    10      1.3679005       209.9643875
2017    11      1.2215858       197.4506
2017    12      1.628137        224.7992875
2017    13      1.83184012      233.27725
2017    14      1.49271925      214.1054
2017    15      1.63432025      221.29555
2017    16      1.64378663      219.9404125
2017    17      0.5950379       124.268675
2017    18      1.14175619      176.7821475
2017    19      1.42576912      208.69715
2017    20      1.3295555       205.3332375
2017    21      1.81549588      232.043025
2017    22      2.29730925      252.778825
2017    23      0.63688751      128.8621425
2017    24      0.92495951      165.1279375
2017    25      0.7460761       130.5483925
2017    26      0.29198587      72.33528875
2017    27      0.51646828      111.304625
2017    28      1.43507581      207.302125
2017    29      1.54875423      210.7080375
2017    30      0.39193481      91.54446875
2017    31      0.32416994      78.018305
2018    1       0.95684352      173.5379125
2018    2       0.88719012      163.1120625
2018    3       0.82258632      155.6604
2018    4       1.50735072      213.7528875
2018    5       1.49814612      218.647925
2018    6       1.65255938      230.5244375
2018    7       1.01376401      180.269
2018    8       0.91215585      168.527675
2018    9       0.96413068      172.0522125
2018    10      1.67876912      224.4817875
2018    11      1.79206075      231.80715
2018    12      0.90574765      163.1773375
2018    13      1.27088175      198.311875
2018    14      1.02417278      175.1748
2018    15      0.82642414      152.6113
2018    16      0.91070079      159.122
2018    17      1.33426262      201.1891
2018    18      1.1185555       184.2822875
2018    19      0.95980132      166.5769875
2018    20      0.78079396      135.3283425
2018    21      0.38418842      89.6325625
2018    22      0.42447824      96.33893875
2018    23      0.78546534      147.1006275
2018    24      0.83280798      155.4852125
2018    25      0.66709119      135.8362125
2018    26      1.07660901      178.7511625
2018    27      0.84529995      147.8695
2018    28      0.43778771      99.525865
2018    29      0.79563771      149.2250875
2018    30      0.60553654      124.699625
2018    31      0.4739458       103.4131825
