####################################################################################################
# Month: 10Oct                                                                                     #
# Station: NOB                                                                                     #
# Columns are: year    day     segment         windspeed (m/s)                                     #
####################################################################################################
2009    1       0       3.173899
2009    1       1       3.109692
2009    1       2       2.757478
2009    1       3       4.499474
2009    1       4       6.957042
2009    1       5       7.972362
2009    1       6       9.431571
2009    1       7       11.699914
2009    2       0       16.495142
2009    2       1       16.613877
2009    2       2       17.699466
2009    2       3       20.10807
2009    2       4       19.535659
2009    2       5       13.026775
2009    2       6       13.465444
2009    2       7       9.076513
2009    3       0       5.543222
2009    3       1       3.391635
2009    3       2       2.666863
2009    3       3       0.698384
2009    3       4       4.39429
2009    3       5       7.076396
2009    3       6       6.205825
2009    3       7       6.152812
2009    4       0       6.513268
2009    4       1       5.413125
2009    4       2       4.73074
2009    4       3       3.200364
2009    4       4       3.788703
2009    4       5       5.626307
2009    4       6       5.147367
2009    4       7       1.889388
2009    5       0       4.372537
2009    5       1       3.190501
2009    5       2       1.484509
2009    5       3       1.703942
2009    5       4       4.817547
2009    5       5       7.510768
2009    5       6       6.579582
2009    5       7       3.124736
2009    6       0       5.263687
2009    6       1       5.44147
2009    6       2       4.160288
2009    6       3       2.618008
2009    6       4       4.817705
2009    6       5       4.585824
2009    6       6       2.678451
2009    6       7       0.601901
2009    7       0       4.060835
2009    7       1       1.411206
2009    7       2       2.946428
2009    7       3       9.098359
2009    7       4       15.987173
2009    7       5       24.914983
2009    7       6       25.800134
2009    7       7       22.102362
2009    8       0       14.303238
2009    8       1       21.261326
2009    8       2       24.217802
2009    8       3       20.644423
2009    8       4       19.538602
2009    8       5       13.483374
2009    8       6       9.657148
2009    8       7       10.041607
2009    9       0       8.030766
2009    9       1       6.179159
2009    9       2       4.822378
2009    9       3       4.885195
2009    9       4       3.470721
2009    9       5       0.937293
2009    9       6       0.960814
2009    9       7       3.814719
2009    10      0       4.364201
2009    10      1       4.471912
2009    10      2       3.994653
2009    10      3       3.817422
2009    10      4       4.022087
2009    10      5       5.151066
2009    10      6       7.248535
2009    10      7       7.888275
2009    11      0       5.603304
2009    11      1       4.078988
2009    11      2       2.933589
2009    11      3       1.495861
2009    11      4       1.110731
2009    11      5       4.171254
2009    11      6       5.451617
2009    11      7       6.191702
2009    12      0       5.582738
2009    12      1       5.237529
2009    12      2       5.297969
2009    12      3       4.941917
2009    12      4       4.693323
2009    12      5       6.384712
2009    12      6       8.12032
2009    12      7       8.826622
2009    13      0       7.000078
2009    13      1       7.352001
2009    13      2       7.792972
2009    13      3       7.22353
2009    13      4       4.987814
2009    13      5       4.033037
2009    13      6       4.151982
2009    13      7       3.9949
2009    14      0       5.06076
2009    14      1       5.124691
2009    14      2       3.760757
2009    14      3       1.31416
2009    14      4       0.859992
2009    14      5       0.263643
2009    14      6       0.817163
2009    14      7       1.233343
2009    15      0       1.836299
2009    15      1       2.011848
2009    15      2       1.549153
2009    15      3       1.704359
2009    15      4       4.215206
2009    15      5       6.070281
2009    15      6       6.708102
2009    15      7       5.614905
2009    16      0       5.175457
2009    16      1       4.768747
2009    16      2       3.520348
2009    16      3       0.823336
2009    16      4       3.019409
2009    16      5       7.821822
2009    16      6       9.521664
2009    16      7       11.53247
2009    17      0       12.108191
2009    17      1       8.401762
2009    17      2       10.78856
2009    17      3       10.981569
2009    17      4       10.940201
2009    17      5       11.45755
2009    17      6       13.034209
2009    17      7       11.03267
2009    18      0       8.931999
2009    18      1       8.566002
2009    18      2       8.167813
2009    18      3       8.483236
2009    18      4       8.224986
2009    18      5       7.160324
2009    18      6       7.361929
2009    18      7       9.583863
2009    19      0       11.788085
2009    19      1       9.764216
2009    19      2       9.59886
2009    19      3       11.551979
2009    19      4       18.501313
2009    19      5       22.988945
2009    19      6       24.118908
2009    19      7       19.546997
2009    20      0       15.526466
2009    20      1       12.59652
2009    20      2       10.766573
2009    20      3       8.511578
2009    20      4       5.267621
2009    20      5       3.506502
2009    20      6       6.849379
2009    20      7       9.92013
2009    21      0       7.658218
2009    21      1       4.88455
2009    21      2       4.483108
2009    21      3       3.590494
2009    21      4       6.870847
2009    21      5       8.306059
2009    21      6       7.167845
2009    21      7       4.865336
2009    22      0       2.374679
2009    22      1       3.613586
2009    22      2       2.715771
2009    22      3       0.976356
2009    22      4       2.423168
2009    22      5       4.459901
2009    22      6       4.272505
2009    22      7       2.092473
2009    23      0       2.32938
2009    23      1       3.615424
2009    23      2       3.080087
2009    23      3       0.706893
2009    23      4       1.494145
2009    23      5       0.672529
2009    23      6       1.603339
2009    23      7       2.309515
