####################################################################################################
# Month: 03Mar                                                                                     #
# Station: BRZ                                                                                     #
# Columns are: year    day     segment         windspeed (m/s)                                     #
####################################################################################################
2009    1       0       8.94014
2009    1       1       9.671359
2009    1       2       9.844137
2009    1       3       10.186397
2009    1       4       10.05883
2009    1       5       9.190454
2009    1       6       8.059762
2009    1       7       8.676049
2009    2       0       10.462667
2009    2       1       11.384774
2009    2       2       11.544261
2009    2       3       10.233501
2009    2       4       8.165444
2009    2       5       6.740666
2009    2       6       6.878396
2009    2       7       8.214919
2009    3       0       9.020956
2009    3       1       9.410851
2009    3       2       9.825753
2009    3       3       9.949749
2009    3       4       8.49501
2009    3       5       6.873425
2009    3       6       7.410714
2009    3       7       8.35438
2009    4       0       7.465281
2009    4       1       7.340304
2009    4       2       7.22756
2009    4       3       6.066617
2009    4       4       4.589561
2009    4       5       3.175514
2009    4       6       3.542342
2009    4       7       5.651935
2009    5       0       8.467404
2009    5       1       7.550262
2009    5       2       7.469032
2009    5       3       7.132995
2009    5       4       8.18885
2009    5       5       8.077437
2009    5       6       6.894634
2009    5       7       6.230909
2009    6       0       6.819548
2009    6       1       6.176162
2009    6       2       5.403927
2009    6       3       5.332134
2009    6       4       5.343409
2009    6       5       4.87945
2009    6       6       4.814787
2009    6       7       4.238786
2009    7       0       4.212783
2009    7       1       5.078143
2009    7       2       6.113129
2009    7       3       4.665315
2009    7       4       3.381045
2009    7       5       1.869224
2009    7       6       1.795496
2009    7       7       1.731207
2009    8       0       0.862029
2009    8       1       3.603907
2009    8       2       2.99852
2009    8       3       1.719721
2009    8       4       0.684713
2009    8       5       1.274351
2009    8       6       2.207364
2009    8       7       3.052913
2009    9       0       2.648447
2009    9       1       2.030298
2009    9       2       2.975403
2009    9       3       3.041529
2009    9       4       3.065255
2009    9       5       2.45006
2009    9       6       2.341318
2009    9       7       3.031541
2009    10      0       2.946335
2009    10      1       3.388036
2009    10      2       3.089562
2009    10      3       3.682745
2009    10      4       3.061833
2009    10      5       3.196646
2009    10      6       2.306837
2009    10      7       2.155
2009    11      0       2.124574
2009    11      1       3.533016
2009    11      2       4.942377
2009    11      3       5.901941
2009    11      4       6.421589
2009    11      5       5.714187
2009    11      6       4.662242
2009    11      7       3.566513
2009    12      0       2.46077
2009    12      1       2.954795
2009    12      2       2.961939
2009    12      3       2.869277
2009    12      4       2.702516
2009    12      5       2.622383
2009    12      6       3.254903
2009    12      7       3.594548
2009    13      0       3.20605
2009    13      1       1.731759
2009    13      2       1.348173
2009    13      3       2.492559
2009    13      4       2.750841
2009    13      5       3.256284
2009    13      6       3.75177
2009    13      7       3.453402
2009    14      0       3.003029
2009    14      1       4.218381
2009    14      2       6.887362
2009    14      3       7.520298
2009    14      4       6.312965
2009    14      5       6.791853
2009    14      6       7.405851
2009    14      7       7.419639
2009    15      0       5.825755
2009    15      1       6.79014
2009    15      2       8.115371
2009    15      3       8.207184
2009    15      4       8.661973
2009    15      5       9.145978
2009    15      6       8.733851
2009    15      7       7.717839
2009    16      0       5.292882
2009    16      1       5.987595
2009    16      2       6.881333
2009    16      3       5.234191
2009    16      4       3.718576
2009    16      5       3.98222
2009    16      6       3.334077
2009    16      7       2.20185
2009    17      0       2.864673
2009    17      1       4.346736
2009    17      2       3.483351
2009    17      3       3.844864
2009    17      4       3.530378
2009    17      5       4.349401
2009    17      6       3.640203
2009    17      7       2.21207
2009    18      0       2.974033
2009    18      1       4.072571
2009    18      2       3.949378
2009    18      3       3.148919
2009    18      4       3.051163
2009    18      5       3.910483
2009    18      6       4.527283
2009    18      7       5.020588
2009    19      0       9.046088
2009    19      1       8.133158
2009    19      2       4.654757
2009    19      3       3.733004
2009    19      4       4.421178
2009    19      5       4.607355
2009    19      6       4.561297
2009    19      7       5.102845
2009    20      0       5.280278
2009    20      1       4.788561
2009    20      2       4.442305
2009    20      3       4.265631
2009    20      4       4.786089
2009    20      5       4.764217
2009    20      6       3.977706
2009    20      7       3.5205
2009    21      0       2.974914
2009    21      1       2.991813
2009    21      2       3.018992
2009    21      3       2.136337
2009    21      4       1.92913
2009    21      5       2.199365
2009    21      6       0.251873
2009    21      7       1.711429
2009    22      0       3.475399
2009    22      1       3.755962
2009    22      2       4.585179
2009    22      3       4.258323
2009    22      4       3.794918
2009    22      5       3.383368
2009    22      6       2.899642
2009    22      7       2.201921
2009    23      0       2.434122
2009    23      1       3.762536
2009    23      2       4.515764
2009    23      3       5.685297
2009    23      4       5.547585
2009    23      5       3.892173
2009    23      6       3.808252
2009    23      7       3.498286
2009    24      0       4.287316
2009    24      1       6.102247
2009    24      2       7.936468
2009    24      3       8.534705
2009    24      4       8.392047
2009    24      5       6.580185
2009    24      6       5.397568
2009    24      7       4.760227
2009    25      0       7.739415
2009    25      1       5.332051
2009    25      2       3.95068
2009    25      3       3.38935
2009    25      4       2.820827
2009    25      5       2.650797
2009    25      6       1.989078
2009    25      7       3.034524
2009    26      0       4.023096
2009    26      1       4.080294
2009    26      2       2.452046
2009    26      3       1.180722
2009    26      4       2.066508
2009    26      5       2.750391
2009    26      6       4.440994
2009    26      7       3.868945
2009    27      0       1.52892
2009    27      1       2.013824
2009    27      2       2.832506
2009    27      3       3.074651
2009    27      4       2.991494
2009    27      5       3.804756
2009    27      6       3.387939
2009    27      7       2.440487
2009    28      0       2.075953
2009    28      1       4.455043
2009    28      2       5.45379
2009    28      3       5.515665
2009    28      4       6.048439
2009    28      5       7.235103
2009    28      6       7.272444
2009    28      7       7.447262
2009    29      0       7.702339
2009    29      1       8.68107
2009    29      2       10.688044
2009    29      3       12.674636
2009    29      4       12.23772
2009    29      5       12.458085
2009    29      6       12.327496
2009    29      7       9.925755
2009    30      0       9.232425
2009    30      1       8.611856
2009    30      2       7.598262
2009    30      3       8.424629
2009    30      4       7.478543
2009    30      5       8.009289
2009    30      6       7.976039
2009    30      7       7.375037
2009    31      0       5.830764
2009    31      1       5.553045
2009    31      2       5.189869
2009    31      3       8.648296
2009    31      4       8.481319
2009    31      5       8.643642
2009    31      6       10.679767
2009    31      7       9.011143
