####################################################################################################
# Month: 10Oct                                                                                     #
# Station: LEN                                                                                     #
# Frequency: 230 GHz                                                                               #
# Columns are: year    day     tau     Tb (K)                                                      #
####################################################################################################
2009    1       0.07941598      23.99935125
2009    2       0.16040722      42.2967575
2009    3       0.08979241      26.42381
2009    4       0.13670769      36.75945875
2009    5       0.18187881      47.18411875
2009    6       0.13261036      35.854365
2009    7       0.22118896      55.68622375
2009    8       0.16027094      43.50511875
2009    9       0.11849069      33.90005875
2009    10      0.25153921      61.4066275
2009    11      0.17726238      46.04506125
2009    12      0.12448956      34.84369625
2009    13      0.13807345      37.17603
2009    14      0.20731035      51.70923625
2009    15      0.1845893       46.6597425
2009    16      0.21130385      52.68070625
2009    17      0.08693379      26.06024
2009    18      0.11643586      32.95322875
2009    19      0.0896955       26.46464625
2009    20      0.16725735      42.89412
2009    21      0.18683082      47.77368875
2009    22      0.3329806       78.4970275
2009    23      0.3082093       73.11635125
2009    24      0.08332825      24.74676125
2009    25      0.15486211      41.61792875
2009    26      0.22682325      57.093275
2009    27      0.3575741       81.93144875
2009    28      0.3119958       74.26389
2009    29      0.18044584      47.65658625
2009    30      0.12340948      35.01660625
2009    31      0.13203561      36.736055
2010    1       0.06255118      20.0546725
2010    2       0.0818555       25.01721
2010    3       0.08703279      25.9065175
2010    4       0.22743959      56.273155
2010    5       0.18232597      47.03343625
2010    6       0.14419849      39.17902375
2010    7       0.07488383      23.15102
2010    8       0.10624502      30.78498625
2010    9       0.17952821      46.72231
2010    10      0.21541286      54.65995
2010    11      0.29272309      70.79003375
2010    12      0.35433508      81.7541075
2010    13      0.26800492      64.4364325
2010    14      0.21714025      54.107855
2010    15      0.144017        38.52836125
2010    16      0.06758476      21.34436125
2010    17      0.1075772       30.753055
2010    18      0.15749494      42.41405375
2010    19      0.14860504      40.5494225
2010    20      0.12940744      36.05267625
2010    21      0.15750526      42.5307625
2010    22      0.17498534      46.18802375
2010    23      0.18378278      47.5508925
2010    24      0.129408        35.42873
2010    25      0.10924382      31.07926875
2010    26      0.1032403       30.22275625
2010    27      0.23629596      58.184125
2010    28      0.21727785      54.10793
2010    29      0.20032256      49.95792625
2010    30      0.17363279      45.39930875
2010    31      0.2227094       56.40165875
2011    1       0.13358026      36.7445125
2011    2       0.17831662      47.01883125
2011    3       0.1684812       45.19644
2011    4       0.16571545      43.734005
2011    5       0.25757554      62.73587875
2011    6       0.22826519      57.224985
2011    7       0.22456125      55.46045
2011    8       0.17771412      45.33428125
2011    9       0.13314735      36.37563625
2011    10      0.10302599      29.7823225
2011    11      0.10321624      29.825905
2011    12      0.11297761      31.69555625
2011    13      0.25500226      61.0815325
2011    14      0.20720451      51.875795
2011    15      0.13120443      36.452455
2011    16      0.27339512      66.23851125
2011    17      0.22341264      55.98426625
2011    18      0.16463016      43.41812125
2011    19      0.11771698      33.49612125
2011    20      0.14148443      39.1004175
2011    21      0.14391615      39.30837125
2011    22      0.17910199      46.96465875
2011    23      0.14823013      40.09469875
2011    24      0.17166548      45.1975875
2011    25      0.19044705      49.16464125
2011    26      0.11698164      33.430615
2011    27      0.06788227      21.71724125
2011    28      0.06842582      21.87412375
2011    29      0.08439091      25.7296225
2011    30      0.10382875      30.462705
2011    31      0.10362468      30.37041625
2012    1       0.15063886      39.2359375
2012    2       0.08223313      24.38852875
2012    3       0.05801137      19.09106125
2012    4       0.12291933      33.86035625
2012    5       0.39565942      87.58223625
2012    6       0.40907199      90.00980875
2012    7       0.36908864      83.04430375
2012    8       0.2538349       61.457735
2012    9       0.18016375      46.60004
2012    10      0.17934282      47.233025
2012    11      0.0964088       28.58124875
2012    12      0.101917        29.55750125
2012    13      0.10716844      31.2079775
2012    14      0.23004011      57.7164575
2012    15      0.12432677      34.5114175
2012    16      0.12531442      35.2664275
2012    17      0.16119536      42.8507625
2012    18      0.10023247      29.35501125
2012    19      0.1095382       31.31561125
2012    20      0.20161305      50.75744875
2012    21      0.2950905       69.1222375
2012    22      0.27395247      65.17073
2012    23      0.10963865      30.47858
2012    24      0.23684995      57.83421
2012    25      0.16776945      43.8636575
2012    26      0.1029769       29.8648875
2012    27      0.21993148      54.36508875
2012    28      0.1773893       46.83638
2012    29      0.14879652      40.56593125
2012    30      0.10730946      30.9544275
2012    31      0.1745757       45.49577625
2013    1       0.1452207       39.08651125
2013    2       0.1809634       45.8208025
2013    3       0.17019934      44.27124875
2013    4       0.12926033      35.79789
2013    5       0.18051485      47.6919375
2013    6       0.1621117       43.20912
2013    7       0.36015378      83.07419125
2013    8       0.14936779      39.86785375
2013    9       0.05562653      18.6504525
2013    10      0.11193048      31.3043325
2013    11      0.10784965      30.99406875
2013    12      0.0667789       21.4630475
2013    13      0.07031902      22.32398875
2013    14      0.08392111      25.3892225
2013    15      0.1422454       39.0657325
2013    16      0.09191857      27.47409125
2013    17      0.10303998      30.03965125
2013    18      0.10450163      29.755695
2013    19      0.11155306      31.60909375
2013    20      0.24314012      59.4787425
2013    21      0.12618538      34.71692625
2013    22      0.16413324      42.76469875
2013    23      0.12040239      33.70395875
2013    24      0.19401719      48.01525875
2013    25      0.18424104      47.7585575
2013    26      0.10006448      29.3646225
2013    27      0.18083215      47.15665125
2013    28      0.14805755      40.4798925
2013    29      0.08949053      26.86754375
2013    30      0.23233488      57.618365
2013    31      0.23927775      59.3489675
2014    1       0.15795083      42.34939875
2014    2       0.15308468      41.69512125
2014    3       0.15685291      42.6399775
2014    4       0.36359969      82.176415
2014    5       0.16995227      44.2056725
2014    6       0.11797744      33.94325125
2014    7       0.0897748       27.18883625
2014    8       0.10929674      31.2819075
2014    9       0.0712407       22.27263375
2014    10      0.06241051      20.12097125
2014    11      0.06537831      20.6868325
2014    12      0.07166871      21.89832375
2014    13      0.10422411      29.869935
2014    14      0.11331946      32.066425
2014    15      0.10858989      31.143335
2014    16      0.0782842       23.579135
2014    17      0.13023604      35.599245
2014    18      0.29104564      68.924825
2014    19      0.21040064      53.63039625
2014    20      0.33493474      78.65849125
2014    21      0.21406338      55.37765
2014    22      0.1809153       48.70055875
2014    23      0.21431076      55.80098
2014    24      0.20472165      53.5807225
2014    25      0.16853271      46.0378925
2014    26      0.1849038       49.35139875
2014    27      0.29099181      70.35460375
2014    28      0.18955182      49.7746825
2014    29      0.16771919      44.6248875
2014    30      0.07061367      22.33912125
2014    31      0.06876215      21.85511875
2015    1       0.381512        86.0995825
2015    2       0.20361884      51.28046
2015    3       0.21156072      53.09753
2015    4       0.40383808      90.13486375
2015    5       0.28937741      68.7278375
2015    6       0.19940454      50.172675
2015    7       0.10838458      30.1501525
2015    8       0.09915649      28.2657025
2015    9       0.24157515      58.524305
2015    10      0.08324339      25.11350875
2015    11      0.05709944      18.8875525
2015    12      0.1501488       40.02842
2015    13      0.20571064      51.45089875
2015    14      0.28354344      66.9914975
2015    15      0.15761798      41.4143675
2015    16      0.18502459      46.57541
2015    17      0.16542002      43.5915
2015    18      0.15033265      40.37826625
2015    19      0.38805528      86.7324
2015    20      0.1472896       39.15720125
2015    21      0.13163098      35.81701
2015    22      0.12051536      33.8492475
2015    23      0.17952168      46.91001875
2015    24      0.21213051      53.5516525
2015    25      0.11764692      33.2698025
2015    26      0.07192847      22.56959625
2015    27      0.1585374       41.521795
2015    28      0.22329318      56.02530125
2015    29      0.1931126       49.27444
2015    30      0.1649924       43.467395
2015    31      0.15771553      42.04270875
2016    1       0.14277705      38.49746375
2016    2       0.12588161      35.44262875
2016    3       0.11742176      33.5162475
2016    4       0.16295538      43.00992875
2016    5       0.23483922      58.45702625
2016    6       0.38127115      87.09253875
2016    7       0.16338284      42.9874625
2016    8       0.09650305      28.1119775
2016    9       0.13746052      36.854585
2016    10      0.20508582      52.4295175
2016    11      0.21588112      54.54111625
2016    12      0.25770606      62.96826125
2016    13      0.24961868      61.7722925
2016    14      0.25327456      61.94593125
2016    15      0.33271658      77.47572125
2016    16      0.30835028      71.28738625
2016    17      0.17210879      43.11825125
2016    18      0.25701926      62.03106625
2016    19      0.14659446      37.7679875
2016    20      0.15275644      40.5590325
2016    21      0.0831822       25.144555
2016    22      0.13914327      37.70324
2016    23      0.17374731      45.69177125
2016    24      0.16095192      42.16240375
2016    25      0.20435422      51.29896
2016    26      0.21731406      55.96821375
2016    27      0.19226654      50.87037875
2016    28      0.13980971      39.0442375
2016    29      0.16329867      43.95783
2016    30      0.26094995      63.5353125
2016    31      0.23175822      57.01466125
2017    1       0.16584324      43.71800625
2017    2       0.18889451      48.00688875
2017    3       0.21956626      55.92390375
2017    4       0.30594141      71.621615
2017    5       0.20563038      51.70341
2017    6       0.10623316      30.9926225
2017    7       0.12784628      35.78402125
2017    8       0.19753401      50.74429625
2017    9       0.09171315      27.15378625
2017    10      0.11899602      33.17864
2017    11      0.1898264       47.26469625
2017    12      0.30058871      69.81595625
2017    13      0.07889648      23.97078625
2017    14      0.05589691      18.77756
2017    15      0.10352846      30.21033
2017    16      0.11158924      31.9731825
2017    17      0.10472463      30.191295
2017    18      0.13907552      38.03017875
2017    19      0.1245563       34.56171625
2017    20      0.27925961      67.13680875
2017    21      0.10455511      30.29671
2017    22      0.17559231      44.73866625
2017    23      0.20904562      53.30657625
2017    24      0.16193606      43.305725
2017    25      0.14372842      38.77156625
2017    26      0.14398199      38.9592225
2017    27      0.10070993      29.55777625
2017    28      0.16891242      44.67470375
2017    29      0.18848994      48.4368875
2017    30      0.13735866      37.19438375
2017    31      0.17060808      45.0583225
