####################################################################################################
# Month: 10Oct                                                                                     #
# Station: LEN                                                                                     #
# Columns are: year    day     RH (percent)                                                        #
####################################################################################################
9       1       0.17402525
9       2       0.11834712
9       3       0.12125912
9       4       0.31135988
9       5       0.66922488
9       6       0.16907888
9       7       0.2590375
9       8       0.32909975
9       9       0.31149512
9       10      0.70255575
9       11      0.63608575
9       12      0.26661188
9       13      0.29933288
9       14      0.51823862
9       15      0.48885475
9       16      0.56059062
9       17      0.27130275
9       18      0.46609612
9       19      0.16686288
9       20      0.31346575
9       21      0.41695938
9       22      0.62913325
9       23      0.76025587
