####################################################################################################
# Month: 09Sep                                                                                     #
# Station: VLA                                                                                     #
# Frequency: 345 GHz                                                                               #
# Columns are: year    day     tau     Tb (K)                                                      #
####################################################################################################
2009    1       3.068892        269.370525
2009    2       2.98875662      269.45775
2009    3       3.80820338      277.1284375
2009    4       3.51391012      272.7986125
2009    5       3.324109        270.53155
2009    6       3.681218        273.1077375
2009    7       3.40059225      271.92035
2009    8       3.49668912      273.3070875
2009    9       3.35562962      270.7224875
2009    10      4.44707488      277.5941625
2009    11      3.41193075      270.7856625
2009    12      3.33426262      270.741975
2009    13      3.06795075      267.1768125
2009    14      3.53854488      273.2773125
2009    15      2.83439912      264.1477875
2009    16      2.90067488      265.9003625
2009    17      3.56283375      270.1870875
2009    18      3.79322262      272.0688875
2009    19      3.9200105       273.7794875
2009    20      2.70931988      259.5465125
2009    21      2.359905        251.827975
2009    22      0.831642        156.23795
2009    23      1.16929075      188.9763
2009    24      1.42889038      209.6534375
2009    25      1.1024775       186.935275
2009    26      1.00167784      178.2034
2009    27      0.8418509       161.9433625
2009    28      1.11225609      187.7587125
2009    29      1.84320038      233.4198
2009    30      1.99787612      242.3605375
2010    1       2.460001        257.3451
2010    2       1.65637062      227.9535625
2010    3       2.22854062      249.4951875
2010    4       3.3027185       272.9883
2010    5       2.4025875       257.75645
2010    6       2.052846        245.4918625
2010    7       2.89111712      265.999125
2010    8       3.97921525      276.9256875
2010    9       2.56235662      254.7954125
2010    10      1.08152636      182.9308
2010    11      0.72742644      147.374925
2010    12      1.61814274      216.6245125
2010    13      4.16831325      276.9920375
2010    14      3.2497875       272.3370875
2010    15      2.62121188      258.424825
2010    16      2.33236262      256.173825
2010    17      2.678638        263.0573875
2010    18      2.62505238      262.31995
2010    19      2.4112035       259.049925
2010    20      3.00731312      269.2933375
2010    21      3.2930555       273.2218375
2010    22      5.308045        282.99035
2010    23      4.14250114      253.2379125
2010    24      1.26909512      202.3593125
2010    25      1.91480288      238.2799375
2010    26      2.17763938      249.57765
2010    27      1.83085725      235.6349375
2010    28      1.43922925      217.6485625
2010    29      1.54418262      222.1398
2010    30      1.5859585       221.9816
2011    1       4.482182        282.7865625
2011    2       4.61140725      282.0437
2011    3       4.27709525      281.833375
2011    4       4.57818113      280.6474125
2011    5       3.8299655       274.6343375
2011    6       3.73030588      275.6819875
2011    7       4.67468912      280.8650625
2011    8       3.15834812      263.1738125
2011    9       3.269034        268.24455
2011    10      3.57803425      270.9502625
2011    11      3.4367555       269.892625
2011    12      3.75294788      274.2495
2011    13      3.74656312      272.06125
2011    14      3.21710925      268.210075
2011    15      3.71886388      272.3958
2011    16      2.9349625       262.4785125
2011    17      2.72091988      260.1193375
2011    18      2.02349175      241.34235
2011    19      2.0081545       242.6643625
2011    20      1.961952        241.198125
2011    21      1.90590212      238.0672125
2011    22      1.2207305       196.4507125
2011    23      1.05781849      184.328775
2011    24      0.82184145      159.5040375
2011    25      1.21406338      193.997875
2011    26      2.48563038      256.448475
2011    27      2.2466755       249.543425
2011    28      2.25923625      251.4104125
2011    29      1.99137288      242.632875
2011    30      2.40177438      253.5344875
2012    1       2.838825        266.3201125
2012    2       3.1755685       272.7393
2012    3       3.7986535       278.9935
2012    4       4.03999438      279.66665
2012    5       3.69704025      275.6181625
2012    6       3.83818925      278.2679375
2012    7       4.80346725      282.4276125
2012    8       4.511612        278.532925
2012    9       4.40348962      277.310825
2012    10      4.11145238      276.0949625
2012    11      3.927084        275.2488625
2012    12      4.6601755       278.086525
2012    13      3.701626        271.5212625
2012    14      1.22055845      184.1388875
2012    15      1.26794375      198.855
2012    16      0.95810068      174.1517625
2012    17      1.00846474      177.1347
2012    18      1.20212712      195.5922375
2012    19      0.88355437      166.795075
2012    20      1.16625625      193.6401625
2012    21      1.33369325      207.0521875
2012    22      1.52725012      220.3076625
2012    23      1.97233988      241.1612
2012    24      1.8713895       235.4919375
2012    25      2.0671345       241.124325
2012    26      2.244386        248.7961875
2012    27      2.24964025      249.1770875
2012    28      3.30892338      268.9276875
2012    29      2.41742887      252.2166625
2012    30      1.49514738      215.306625
2013    1       3.53251712      279.045725
2013    2       3.88372812      279.470925
2013    3       4.62948225      281.9425875
2013    4       2.96519738      266.7408625
2013    5       2.19427062      251.936875
2013    6       2.49993187      260.554075
2013    7       3.72559162      274.73245
2013    8       4.24862         279.3229625
2013    9       3.743249        274.969525
2013    10      5.25084312      280.76995
2013    11      4.01767038      275.170125
2013    12      4.21751788      278.82375
2013    13      5.12555075      281.796575
2013    14      4.99525438      280.4762
2013    15      3.94692575      277.115925
2013    16      4.81374125      279.9152125
2013    17      4.04229125      277.59965
2013    18      3.4402355       274.8108625
2013    19      3.800829        277.4988875
2013    20      3.37619362      274.28525
2013    21      3.2694725       271.626
2013    22      2.92560225      265.1010125
2013    23      1.33837698      192.6619625
2013    24      0.81708861      158.45955
2013    25      1.27769125      204.6263
2013    26      1.50956644      216.82685
2013    27      2.25353862      251.29965
2013    28      0.70586704      133.7873375
2013    29      0.70461695      143.92215
2013    30      1.02245214      177.1516625
2014    1       1.68994325      232.8681
2014    2       1.845736        241.1443
2014    3       2.162516        251.5543
2014    4       3.12657712      270.74625
2014    5       4.45284275      280.0801375
2014    6       3.89179262      276.4417375
2014    7       3.61223125      273.7834125
2014    8       4.107273        278.79575
2014    9       4.32269012      278.067075
2014    10      3.9567365       275.7498875
2014    11      2.881417        264.8579125
2014    12      3.79201575      276.9369875
2014    13      3.8084095       275.3016875
2014    14      3.9551835       276.4614875
2014    15      4.40866513      279.99625
2014    16      5.44552125      281.8191375
2014    17      5.61628188      281.5959625
2014    18      5.93763562      282.5380125
2014    19      4.9298105       281.2276875
2014    20      3.69995988      278.549675
2014    21      4.12225762      279.469225
2014    22      5.02246025      282.5484625
2014    23      4.3119195       280.2061125
2014    24      3.019768        270.509425
2014    25      3.64067112      276.0873625
2014    26      3.72239488      276.18365
2014    27      3.39345762      272.8213875
2014    28      3.77009888      274.481
2014    29      2.50475725      256.5409125
2014    30      1.1822821       194.842725
2015    1       3.67208775      275.19685
2015    2       4.02418025      277.8679375
2015    3       4.20940362      278.7406
2015    4       4.685723        280.110725
2015    5       4.82681638      279.6302125
2015    6       3.86774888      276.312125
2015    7       4.125334        278.2321375
2015    8       3.919664        277.0459
2015    9       2.91475088      265.065025
2015    10      3.18942         268.2211625
2015    11      1.47987075      211.4047625
2015    12      2.682575        262.49075
2015    13      2.40811512      256.2518875
2015    14      2.90574438      264.413175
2015    15      3.18185112      269.9317125
2015    16      2.50852675      259.6017625
2015    17      2.3088385       253.9056625
2015    18      1.91735288      232.2786875
2015    19      2.02100525      238.33495
2015    20      2.7871          257.8509375
2015    21      2.64892862      258.944175
2015    22      4.18754362      274.9383125
2015    23      3.19797037      269.3200375
2015    24      2.53456025      258.272925
2015    25      1.96102338      242.3039
2015    26      1.94205838      242.4211625
2015    27      2.07320825      247.6168875
2015    28      2.10924775      248.7141375
2015    29      2.69534725      265.774625
2015    30      3.04372737      271.446375
2016    1       3.71040225      274.42385
2016    2       4.19206875      278.0979125
2016    3       4.57540975      279.7133625
2016    4       2.39670525      254.63595
2016    5       1.89458412      238.813925
2016    6       3.36484175      270.23235
2016    7       4.10368838      275.2928625
2016    8       4.35123413      273.3077
2016    9       1.28053138      200.997925
2016    10      1.72508575      226.76885
2016    11      3.0071555       267.798025
2016    12      2.90589812      262.903075
2016    13      2.600403        257.472125
2016    14      3.08040812      267.5845375
2016    15      2.92008925      266.2296125
2016    16      1.55056949      210.5462125
2016    17      0.96571436      173.9210125
2016    18      0.85212664      161.502425
2016    19      0.7832167       153.9533375
2016    20      2.13319012      239.43715
2016    21      4.45119775      280.1756375
2016    22      3.8907945       277.9033875
2016    23      1.83720938      233.95515
2016    24      0.98261087      168.9202875
2016    25      1.4666105       212.0841125
2016    26      2.25391312      244.5652
2016    27      2.8076415       260.669525
2016    28      3.26544862      269.4922375
2016    29      3.6439165       273.407425
2016    30      3.2408695       267.6194375
2017    1       1.89836012      240.8072375
2017    2       2.2387695       251.3238125
2017    3       2.403819        258.1336875
2017    4       2.60023562      262.7776125
2017    5       2.14115288      250.1625375
2017    6       2.573221        261.5272125
2017    7       3.23630938      270.6752625
2017    8       3.0568275       267.2244125
2017    9       3.645064        275.3444375
2017    10      3.31341275      271.383025
2017    11      2.74627012      263.87225
2017    12      2.83675525      267.664275
2017    13      3.13786388      271.67625
2017    14      3.39047125      273.7614125
2017    15      2.62375313      258.923425
2017    16      2.13131288      247.05315
2017    17      2.405495        255.950875
2017    18      1.57407562      221.0225625
2017    19      1.07498586      185.7475625
2017    20      1.02334459      179.7584375
2017    21      1.08119026      185.083125
2017    22      1.824929        231.80125
2017    23      2.81652862      262.7459125
2017    24      1.25558288      188.729525
2017    25      1.00672941      176.5583125
2017    26      1.51682738      209.7847125
2017    27      3.57416112      270.2622375
2017    28      3.63801488      270.510975
2017    29      3.351612        270.0001625
2017    30      3.33325488      270.1397
2018    1       3.59965075      275.4267125
2018    2       3.39576912      272.1923875
2018    3       3.03970888      265.5444625
2018    4       3.05193688      266.2175625
2018    5       3.07369225      267.3460125
2018    6       3.78844712      273.774275
2018    7       3.062162        267.101325
2018    8       2.73912112      263.367375
2018    9       2.32991763      254.203125
2018    10      2.53369         258.287325
2018    11      2.34571175      255.750775
2018    12      1.95169375      241.109
2018    13      2.2597875       252.5138125
2018    14      2.58692325      259.28465
2018    15      2.83679775      267.4632375
2018    16      3.46908312      275.0885375
2018    17      3.22497912      272.6623625
2018    18      2.94927938      269.6791
2018    19      4.32385638      280.75845
2018    20      4.10539512      275.45115
2018    21      1.384969        200.9109625
2018    22      1.8028245       231.7686375
2018    23      1.07035019      184.571775
2018    24      1.65895875      224.4448375
2018    25      3.34348487      271.0535375
2018    26      3.5149155       272.2297375
2018    27      1.16488059      182.7189625
2018    28      0.7624289       151.6554375
2018    29      1.72065725      231.8943125
2018    30      2.1402645       249.546925
