####################################################################################################
# Month: 09Sep                                                                                     #
# Station: VLA                                                                                     #
# Columns are: year    day     RH (percent)                                                        #
####################################################################################################
9       1       0.44778112
9       2       0.372393
9       3       0.4671715
9       4       0.57082125
9       5       0.59219288
9       6       0.532232
9       7       0.55005013
9       8       0.55751338
9       9       0.4819355
9       10      0.74721425
9       11      0.6445755
9       12      0.56963937
9       13      0.56155238
9       14      0.54496663
9       15      0.45681525
9       16      0.41338262
9       17      0.76226725
9       18      0.838244
9       19      0.76091925
9       20      0.505309
9       21      0.410601
9       22      0.31227375
9       23      0.32823575
9       24      0.35639075
9       25      0.26799862
9       26      0.17458812
9       27      0.16134175
9       28      0.22041875
9       29      0.32464762
9       30      0.35632312
