####################################################################################################
# Month: 09Sep                                                                                     #
# Station: VLA                                                                                     #
# Columns are: year    day     segment         RH (percent)                                        #
####################################################################################################
9       1       0       0.334267
9       1       1       0.427742
9       1       2       0.501419
9       1       3       0.531097
9       1       4       0.539313
9       1       5       0.535444
9       1       6       0.385181
9       1       7       0.327786
9       2       0       0.312019
9       2       1       0.344623
9       2       2       0.376086
9       2       3       0.392265
9       2       4       0.423877
9       2       5       0.48621
9       2       6       0.359589
9       2       7       0.284475
9       3       0       0.318665
9       3       1       0.389684
9       3       2       0.457242
9       3       3       0.552303
9       3       4       0.613576
9       3       5       0.551534
9       3       6       0.42206
9       3       7       0.432308
9       4       0       0.448507
9       4       1       0.495018
9       4       2       0.681307
9       4       3       0.681727
9       4       4       0.628597
9       4       5       0.655011
9       4       6       0.519337
9       4       7       0.457066
9       5       0       0.4332
9       5       1       0.489662
9       5       2       0.57809
9       5       3       0.656526
9       5       4       0.709697
9       5       5       0.729543
9       5       6       0.584396
9       5       7       0.556429
9       6       0       0.5624
9       6       1       0.554788
9       6       2       0.502229
9       6       3       0.479267
9       6       4       0.525441
9       6       5       0.544701
9       6       6       0.528406
9       6       7       0.560624
9       7       0       0.59914
9       7       1       0.589124
9       7       2       0.553554
9       7       3       0.542306
9       7       4       0.585951
9       7       5       0.625743
9       7       6       0.492873
9       7       7       0.41171
9       8       0       0.403406
9       8       1       0.449961
9       8       2       0.51016
9       8       3       0.579393
9       8       4       0.658812
9       8       5       0.726474
9       8       6       0.596597
9       8       7       0.535304
9       9       0       0.488223
9       9       1       0.462908
9       9       2       0.463093
9       9       3       0.468104
9       9       4       0.493639
9       9       5       0.523312
9       9       6       0.474065
9       9       7       0.48214
9       10      0       0.560774
9       10      1       0.663977
9       10      2       0.751081
9       10      3       0.778064
9       10      4       0.823989
9       10      5       0.918055
9       10      6       0.787232
9       10      7       0.694542
9       11      0       0.660646
9       11      1       0.694009
9       11      2       0.7235
9       11      3       0.749059
9       11      4       0.724173
9       11      5       0.718635
9       11      6       0.474478
9       11      7       0.412104
9       12      0       0.46224
9       12      1       0.530731
9       12      2       0.55035
9       12      3       0.655523
9       12      4       0.716888
9       12      5       0.701738
9       12      6       0.508662
9       12      7       0.430983
9       13      0       0.479717
9       13      1       0.564667
9       13      2       0.562362
9       13      3       0.598457
9       13      4       0.640522
9       13      5       0.687088
9       13      6       0.519704
9       13      7       0.439902
9       14      0       0.433952
9       14      1       0.488911
9       14      2       0.54289
9       14      3       0.598295
9       14      4       0.649207
9       14      5       0.670476
9       14      6       0.529548
9       14      7       0.446454
9       15      0       0.393937
9       15      1       0.417847
9       15      2       0.464353
9       15      3       0.481836
9       15      4       0.493925
9       15      5       0.517456
9       15      6       0.450376
9       15      7       0.434792
9       16      0       0.418431
9       16      1       0.418818
9       16      2       0.40892
9       16      3       0.411735
9       16      4       0.436933
9       16      5       0.48381
9       16      6       0.405408
9       16      7       0.323006
9       17      0       0.346427
9       17      1       0.46269
9       17      2       0.765032
9       17      3       0.958401
9       17      4       0.988739
9       17      5       0.96174
9       17      6       0.808735
9       17      7       0.806374
9       18      0       0.892624
9       18      1       0.923069
9       18      2       0.874862
9       18      3       0.84969
9       18      4       0.878547
9       18      5       0.914092
9       18      6       0.728154
9       18      7       0.644914
9       19      0       0.687656
9       19      1       0.824808
9       19      2       0.821884
9       19      3       0.797823
9       19      4       0.790768
9       19      5       0.856529
9       19      6       0.711543
9       19      7       0.596343
9       20      0       0.561078
9       20      1       0.55085
9       20      2       0.523587
9       20      3       0.508999
9       20      4       0.524896
9       20      5       0.524067
9       20      6       0.41752
9       20      7       0.431475
9       21      0       0.478421
9       21      1       0.440733
9       21      2       0.393903
9       21      3       0.399025
9       21      4       0.465903
9       21      5       0.455499
9       21      6       0.357061
9       21      7       0.294263
9       22      0       0.19796
9       22      1       0.160272
9       22      2       0.242764
9       22      3       0.243009
9       22      4       0.53433
9       22      5       0.539504
9       22      6       0.346323
9       22      7       0.234028
9       23      0       0.199337
9       23      1       0.26146
9       23      2       0.319172
9       23      3       0.355231
9       23      4       0.440084
9       23      5       0.481349
9       23      6       0.325378
9       23      7       0.243875
9       24      0       0.208216
9       24      1       0.285922
9       24      2       0.367076
9       24      3       0.425668
9       24      4       0.449334
9       24      5       0.574129
9       24      6       0.323471
9       24      7       0.21731
9       25      0       0.188032
9       25      1       0.23775
9       25      2       0.300316
9       25      3       0.299365
9       25      4       0.353079
9       25      5       0.370449
9       25      6       0.221409
9       25      7       0.173589
9       26      0       0.163532
9       26      1       0.185476
9       26      2       0.193304
9       26      3       0.180666
9       26      4       0.179108
9       26      5       0.18478
9       26      6       0.166093
9       26      7       0.143746
9       27      0       0.136118
9       27      1       0.147069
9       27      2       0.163398
9       27      3       0.169234
9       27      4       0.17005
9       27      5       0.181323
9       27      6       0.17302
9       27      7       0.150522
9       28      0       0.142147
9       28      1       0.144747
9       28      2       0.154822
9       28      3       0.163408
9       28      4       0.198026
9       28      5       0.283051
9       28      6       0.400749
9       28      7       0.2764
9       29      0       0.23078
9       29      1       0.254998
9       29      2       0.239863
9       29      3       0.235938
9       29      4       0.362643
9       29      5       0.476743
9       29      6       0.457578
9       29      7       0.338638
9       30      0       0.330259
9       30      1       0.331389
9       30      2       0.304
9       30      3       0.302221
9       30      4       0.351999
9       30      5       0.427783
9       30      6       0.387482
9       30      7       0.415452
