####################################################################################################
# Month: 05May                                                                                     #
# Station: BMAC                                                                                    #
# Columns are: year    day     RH (percent)                                                        #
####################################################################################################
9       1       0.25559312
9       2       0.59071025
9       3       0.69054462
9       4       0.74532612
9       5       0.7061935
9       6       0.799022
9       7       0.82350338
9       8       0.55054675
9       9       0.56448775
9       10      0.468612
9       11      0.612857
9       12      0.72482175
9       13      0.73585838
9       14      0.66047262
9       15      0.69455025
9       16      0.4547115
9       17      0.437955
9       18      0.37964488
9       19      0.13315575
9       20      0.161005
9       21      0.2227955
9       22      0.49642938
9       23      0.54947262
9       24      0.61692587
9       25      0.58632838
9       26      0.37237138
9       27      0.21900625
9       28      0.36864362
9       29      0.549963
9       30      0.1685015
9       31      0.42723875
