####################################################################################################
# Month: 04Apr                                                                                     #
# Station: HAN                                                                                     #
# Columns are: year    day     RH (percent)                                                        #
####################################################################################################
9       1       0.37763975
9       2       0.63723275
9       3       0.53820388
9       4       0.19601162
9       5       0.340839
9       6       0.69049625
9       7       0.64553313
9       8       0.75583062
9       9       0.72096588
9       10      0.2144485
9       11      0.22106237
9       12      0.48792775
9       13      0.3536115
9       14      0.43025375
9       15      0.57214562
9       16      0.60995388
9       17      0.39043375
9       18      0.33020538
9       19      0.229632
9       20      0.56723938
9       21      0.67844325
9       22      0.54717938
9       23      0.302874
9       24      0.31089962
9       25      0.2488495
9       26      0.289663
9       27      0.47520825
9       28      0.4710225
9       29      0.51957713
9       30      0.2989175
