####################################################################################################
# Month: 07Jul                                                                                     #
# Station: YBG                                                                                     #
# Columns are: year    day     RH (percent)                                                        #
####################################################################################################
9       1       0.85858675
9       2       0.89280738
9       3       0.78833312
9       4       0.64407988
9       5       0.597126
9       6       0.6514105
9       7       0.72327638
9       8       0.62640912
9       9       0.634196
9       10      0.71275688
9       11      0.64658675
9       12      0.671211
9       13      0.7057655
9       14      0.539914
9       15      0.57471438
9       16      0.493454
9       17      0.6907625
9       18      0.79280112
9       19      0.71014325
9       20      0.55324412
9       21      0.66902638
9       22      0.638873
9       23      0.53162712
9       24      0.52172187
9       25      0.61543138
9       26      0.76488325
9       27      0.87001412
9       28      0.87316325
9       29      0.82346725
9       30      0.77781725
9       31      0.75548575
