####################################################################################################
# Month: 07Jul                                                                                     #
# Station: YBG                                                                                     #
# Columns are: year    day     segment         windspeed (m/s)                                     #
####################################################################################################
2009    1       0       4.59359
2009    1       1       4.796196
2009    1       2       6.630629
2009    1       3       6.791069
2009    1       4       8.368813
2009    1       5       12.222723
2009    1       6       16.707835
2009    1       7       14.095794
2009    2       0       9.206612
2009    2       1       4.932055
2009    2       2       6.04431
2009    2       3       7.687887
2009    2       4       11.301399
2009    2       5       18.268473
2009    2       6       20.935603
2009    2       7       17.405518
2009    3       0       11.235535
2009    3       1       4.423801
2009    3       2       4.888389
2009    3       3       6.18826
2009    3       4       8.170386
2009    3       5       13.034056
2009    3       6       15.838219
2009    3       7       10.685854
2009    4       0       5.674409
2009    4       1       4.709141
2009    4       2       5.375698
2009    4       3       5.160709
2009    4       4       5.035351
2009    4       5       5.65668
2009    4       6       6.423682
2009    4       7       4.479827
2009    5       0       2.631267
2009    5       1       2.676511
2009    5       2       2.972965
2009    5       3       3.274164
2009    5       4       2.824445
2009    5       5       3.955716
2009    5       6       5.43847
2009    5       7       5.766547
2009    6       0       4.34648
2009    6       1       2.801371
2009    6       2       3.598627
2009    6       3       4.421061
2009    6       4       4.620097
2009    6       5       9.07078
2009    6       6       8.333263
2009    6       7       6.347439
2009    7       0       4.715971
2009    7       1       3.134224
2009    7       2       3.036998
2009    7       3       3.495515
2009    7       4       4.529552
2009    7       5       7.977754
2009    7       6       7.344522
2009    7       7       6.339492
2009    8       0       5.420503
2009    8       1       4.648877
2009    8       2       5.037334
2009    8       3       4.365356
2009    8       4       3.763198
2009    8       5       5.215719
2009    8       6       7.729924
2009    8       7       6.443202
2009    9       0       4.852499
2009    9       1       5.234308
2009    9       2       5.187519
2009    9       3       4.846972
2009    9       4       2.670637
2009    9       5       1.91075
2009    9       6       6.51848
2009    9       7       6.701275
2009    10      0       4.388833
2009    10      1       5.174182
2009    10      2       5.424992
2009    10      3       4.973324
2009    10      4       4.558543
2009    10      5       4.600652
2009    10      6       5.106217
2009    10      7       4.294274
2009    11      0       4.313676
2009    11      1       1.056836
2009    11      2       0.745708
2009    11      3       0.780553
2009    11      4       2.859644
2009    11      5       2.452712
2009    11      6       1.939247
2009    11      7       0.556011
2009    12      0       0.506898
2009    12      1       1.602965
2009    12      2       2.264976
2009    12      3       2.21117
2009    12      4       1.899946
2009    12      5       4.995665
2009    12      6       4.454892
2009    12      7       4.154942
2009    13      0       4.719734
2009    13      1       5.031576
2009    13      2       5.869661
2009    13      3       7.10594
2009    13      4       7.882672
2009    13      5       10.145451
2009    13      6       9.885811
2009    13      7       7.542498
2009    14      0       5.155182
2009    14      1       4.817369
2009    14      2       5.467408
2009    14      3       5.781272
2009    14      4       5.196677
2009    14      5       9.232538
2009    14      6       9.556423
2009    14      7       7.77378
2009    15      0       5.312673
2009    15      1       4.0225
2009    15      2       4.601852
2009    15      3       5.095359
2009    15      4       5.470921
2009    15      5       5.996287
2009    15      6       6.419496
2009    15      7       5.962437
2009    16      0       4.477228
2009    16      1       3.09553
2009    16      2       3.453024
2009    16      3       3.511032
2009    16      4       2.957291
2009    16      5       3.159358
2009    16      6       4.728346
2009    16      7       3.595726
2009    17      0       2.369072
2009    17      1       0.278733
2009    17      2       0.803356
2009    17      3       1.36382
2009    17      4       2.717594
2009    17      5       4.146767
2009    17      6       4.519492
2009    17      7       2.958115
2009    18      0       3.49715
2009    18      1       3.166441
2009    18      2       4.393318
2009    18      3       5.291827
2009    18      4       6.304827
2009    18      5       7.282223
2009    18      6       7.888509
2009    18      7       7.503831
2009    19      0       5.961369
2009    19      1       4.646104
2009    19      2       4.923425
2009    19      3       4.73945
2009    19      4       7.931557
2009    19      5       7.810582
2009    19      6       7.021124
2009    19      7       5.809733
2009    20      0       5.025795
2009    20      1       4.454365
2009    20      2       4.847403
2009    20      3       4.430455
2009    20      4       3.733388
2009    20      5       9.208113
2009    20      6       12.846365
2009    20      7       5.906006
2009    21      0       4.023155
2009    21      1       3.791005
2009    21      2       3.803733
2009    21      3       3.236899
2009    21      4       5.103541
2009    21      5       8.849884
2009    21      6       7.729684
2009    21      7       6.517952
2009    22      0       4.397007
2009    22      1       3.536782
2009    22      2       3.998011
2009    22      3       4.477118
2009    22      4       5.163982
2009    22      5       7.654324
2009    22      6       7.482486
2009    22      7       5.75525
2009    23      0       4.705007
2009    23      1       3.66457
2009    23      2       4.607473
2009    23      3       4.638987
2009    23      4       3.602228
2009    23      5       5.370083
2009    23      6       7.396308
2009    23      7       5.178558
2009    24      0       3.640989
2009    24      1       2.021747
2009    24      2       2.79987
2009    24      3       3.093062
2009    24      4       2.659741
2009    24      5       2.63666
2009    24      6       3.242307
2009    24      7       4.338117
2009    25      0       3.633678
2009    25      1       2.001458
2009    25      2       1.353397
2009    25      3       2.504644
2009    25      4       5.470504
2009    25      5       1.013227
2009    25      6       1.861478
2009    25      7       1.444751
2009    26      0       0.692126
2009    26      1       0.564036
2009    26      2       0.466722
2009    26      3       1.6464
2009    26      4       0.599018
2009    26      5       2.641525
2009    26      6       4.640703
2009    26      7       5.733094
2009    27      0       4.700276
2009    27      1       1.75883
2009    27      2       2.3027
2009    27      3       3.336896
2009    27      4       3.404171
2009    27      5       4.512643
2009    27      6       5.275759
2009    27      7       8.773814
2009    28      0       4.497474
2009    28      1       3.903288
2009    28      2       4.278258
2009    28      3       4.808341
2009    28      4       5.082907
2009    28      5       3.473306
2009    28      6       4.600933
2009    28      7       13.142004
2009    29      0       11.355873
2009    29      1       5.279959
2009    29      2       6.246332
2009    29      3       6.945101
2009    29      4       7.274742
2009    29      5       6.882445
2009    29      6       6.916688
2009    29      7       6.839755
2009    30      0       5.352824
2009    30      1       3.235271
2009    30      2       1.67313
2009    30      3       0.456632
2009    30      4       2.230736
2009    30      5       4.388086
2009    30      6       6.329009
2009    30      7       5.624973
2009    31      0       4.04546
2009    31      1       2.632427
2009    31      2       2.943088
2009    31      3       2.817095
2009    31      4       2.731495
2009    31      5       4.129821
2009    31      6       6.013923
2009    31      7       5.54416
