####################################################################################################
# Month: 10Oct                                                                                     #
# Station: LAS                                                                                     #
# Frequency: 345 GHz                                                                               #
# Columns are: year    day     tau     Tb (K)                                                      #
####################################################################################################
2009    1       0.25405015      64.41578125
2009    2       0.56199936      119.6381175
2009    3       0.49385912      106.90704875
2009    4       0.35689729      84.8873875
2009    5       0.38643012      88.73202875
2009    6       0.76336491      141.5434875
2009    7       0.73256532      143.5224625
2009    8       0.58711702      125.2347
2009    9       0.43751838      100.36013375
2009    10      0.70540018      135.3999875
2009    11      0.66801592      132.2857
2009    12      0.5173453       113.100125
2009    13      0.78052916      145.6586625
2009    14      0.55755525      117.25095
2009    15      0.77418296      145.680675
2009    16      0.45722019      102.6262275
2009    17      0.45289239      101.76991875
2009    18      0.41213238      95.0039675
2009    19      0.28676206      72.18875625
2009    20      0.38023164      90.35390625
2009    21      0.54756609      115.96021625
2009    22      0.74314352      145.3008375
2009    23      0.92014718      167.5254375
2009    24      0.48589681      106.64406375
2009    25      0.57640655      119.34082125
2009    26      1.16622405      186.763825
2009    27      0.98091192      173.4994
2009    28      0.92632568      168.7988375
2009    29      0.4935657       111.3829775
2009    30      0.50686091      115.4922525
2009    31      0.67991821      135.7974125
2010    1       0.53510086      111.83745
2010    2       0.8428507       156.634225
2010    3       1.20900038      191.7266875
2010    4       0.79902896      150.1036125
2010    5       0.48226626      106.35989
2010    6       0.47679132      106.01572125
2010    7       0.43268402      100.13148875
2010    8       0.43909849      101.3794075
2010    9       0.40957692      95.7137575
2010    10      0.4749231       107.12605875
2010    11      0.32575156      81.16506
2010    12      0.5250356       115.1024775
2010    13      0.7766208       147.00805
2010    14      0.71292548      139.667475
2010    15      0.45986697      102.99273125
2010    16      0.3834615       89.68886
2010    17      0.44191836      100.8416575
2010    18      0.54055939      117.6447475
2010    19      0.66047121      136.87755
2010    20      0.86512365      162.4823625
2010    21      0.73802862      142.7726
2010    22      0.58889816      123.31085
2010    23      0.54674438      117.0915875
2010    24      0.4101152       94.87303
2010    25      0.3681866       87.19637375
2010    26      0.35759412      85.51681
2010    27      0.39013689      91.36089625
2010    28      0.45051772      99.7110275
2010    29      0.59837312      123.4064125
2010    30      0.38581089      90.2586725
2010    31      0.42859798      99.0221825
2011    1       0.39756622      92.2999075
2011    2       0.42825084      98.7609125
2011    3       0.55391582      119.84614625
2011    4       0.58058651      121.20785125
2011    5       0.58087984      122.98439
2011    6       0.51389509      113.07182625
2011    7       0.64668439      132.0844625
2011    8       0.44070391      100.5788725
2011    9       0.3228084       78.30410375
2011    10      0.44736379      101.48256625
2011    11      0.4870375       105.7987575
2011    12      0.61455756      125.0556625
2011    13      0.74786618      141.2459
2011    14      1.0452266       169.435375
2011    15      0.5987173       122.97708125
2011    16      0.63974905      132.754475
2011    17      0.5306266       116.65605
2011    18      0.71580618      140.6564625
2011    19      1.05201086      180.2010875
2011    20      1.19020975      194.6352375
2011    21      0.68574959      140.0363625
2011    22      0.6725415       136.9152
2011    23      0.49647749      110.3235825
2011    24      0.43530172      100.40231125
2011    25      0.35986479      86.830705
2011    26      0.335973        81.5908575
2011    27      0.41665786      95.4120325
2011    28      0.55704248      117.1980875
2011    29      0.48366254      106.65651
2011    30      0.38554954      89.53922875
2011    31      0.67395446      135.7739375
2012    1       0.63038942      128.19785
2012    2       0.6319076       129.6162125
2012    3       0.44314129      100.46388875
2012    4       0.50588964      110.453175
2012    5       0.85477501      153.3907125
2012    6       1.1042644       180.9223875
2012    7       1.02455951      173.7295625
2012    8       0.37251479      88.35539375
2012    9       0.20077114      54.2235475
2012    10      0.32562161      79.99907375
2012    11      0.4455496       102.3000775
2012    12      0.42200746      97.44977875
2012    13      0.40478294      95.26097125
2012    14      0.47585871      106.093745
2012    15      0.24040434      61.1438475
2012    16      0.33334996      80.14242
2012    17      0.39173575      91.48696
2012    18      0.45272726      101.74767625
2012    19      0.48848334      108.80094
2012    20      0.43661488      98.03117625
2012    21      0.73159974      139.5372125
2012    22      0.52182822      112.2855775
2012    23      0.30860934      74.80398625
2012    24      0.46229801      102.7017075
2012    25      0.39654329      92.69677375
2012    26      0.35575506      85.60409625
2012    27      0.92609406      159.623225
2012    28      1.27183562      196.927425
2012    29      0.55494911      118.74217375
2012    30      0.41339119      97.01319375
2012    31      0.42310376      99.0323925
2013    1       0.73745554      141.67905
2013    2       0.7256826       140.813325
2013    3       0.28710592      71.07280375
2013    4       0.19655824      53.15452
2013    5       0.31501162      78.5456825
2013    6       0.43260041      100.44278875
2013    7       0.27258316      69.27655875
2013    8       0.33101965      78.45501625
2013    9       0.37985159      88.8967325
2013    10      0.29139471      73.09859125
2013    11      0.27876866      70.32113875
2013    12      0.3350692       82.67759875
2013    13      0.248002        64.53177625
2013    14      0.36402579      85.5228125
2013    15      0.60732878      126.62155
2013    16      0.44572738      102.092225
2013    17      0.32940884      80.97758125
2013    18      0.36127937      86.9207025
2013    19      0.29889356      74.69730125
2013    20      0.37825096      88.32934625
2013    21      0.36709175      85.13172125
2013    22      0.56584925      116.94431625
2013    23      0.78291731      145.859625
2013    24      0.67998501      134.0215875
2013    25      0.85273041      157.0738375
2013    26      0.48104394      107.49751125
2013    27      0.54749429      119.9211125
2013    28      0.5788646       123.0611625
2013    29      0.54509564      117.532425
2013    30      0.71927462      140.277875
2013    31      0.90748701      162.1615
2014    1       0.70111789      141.2127
2014    2       0.46255146      105.22263
2014    3       1.06482678      172.0126875
2014    4       1.14628063      170.9945625
2014    5       0.42144511      98.74588875
2014    6       0.23155586      62.261415
2014    7       0.22069089      59.64390875
2014    8       0.19299409      52.9196125
2014    9       0.19092199      52.373025
2014    10      0.47930252      104.00267875
2014    11      0.33555202      82.29728125
2014    12      0.30414872      76.4452525
2014    13      0.44282596      100.50749
2014    14      0.49971052      110.28529875
2014    15      1.15898966      186.65635
2014    16      0.79016535      150.454525
2014    17      1.25414651      191.711825
2014    18      0.70630149      139.4636
2014    19      0.6451154       131.536625
2014    20      0.62925272      131.4046875
2014    21      0.76216928      151.71675
2014    22      0.73066394      143.2547875
2014    23      1.28141862      200.8470375
2014    24      1.15403875      193.928125
2014    25      1.09481248      190.5722875
2014    26      1.0803061       185.5752625
2014    27      0.51971928      114.6871575
2014    28      0.63309484      129.3345525
2014    29      0.84813944      157.572175
2014    30      0.76677704      144.576275
2014    31      0.61505684      125.42429625
2015    1       1.45593412      206.4870375
2015    2       1.28449141      191.1580375
2015    3       1.43598412      204.990025
2015    4       0.85040718      158.456025
2015    5       0.64094345      131.8165625
2015    6       0.66723146      133.913475
2015    7       1.00391523      173.1966
2015    8       0.75584388      143.2907
2015    9       1.03720322      172.3693375
2015    10      1.11728135      180.162325
2015    11      0.47672901      105.3463975
2015    12      0.66104828      129.24683125
2015    13      0.75399326      144.0410625
2015    14      1.21865158      186.771625
2015    15      0.4891912       105.41673125
2015    16      0.44478944      100.585655
2015    17      0.36762862      86.960785
2015    18      1.25740272      179.46764375
2015    19      2.08124539      224.7091125
2015    20      1.00643426      171.9689875
2015    21      0.73374082      142.11445
2015    22      0.66338222      133.737
2015    23      0.56912128      121.8481125
2015    24      0.82516626      154.2768375
2015    25      0.74748129      145.0014
2015    26      0.72115815      139.2235
2015    27      0.75688544      145.3487625
2015    28      0.7730334       149.4555
2015    29      0.68368371      135.82818875
2015    30      0.51814013      111.876035
2015    31      0.68965895      136.883625
2016    1       0.56397318      120.09152875
2016    2       0.54125052      118.6407125
2016    3       0.3470199       83.9840075
2016    4       0.67373019      133.208125
2016    5       0.79149836      146.2379225
2016    6       1.01302372      176.692625
2016    7       1.01443225      173.7873375
2016    8       0.41860961      96.24235875
2016    9       0.47161601      105.89284875
2016    10      0.69979751      139.1185125
2016    11      0.81215658      153.1511
2016    12      0.72115945      141.270425
2016    13      0.78421729      148.7793875
2016    14      1.07812069      175.225025
2016    15      1.28804375      196.3549125
2016    16      0.65361014      130.67565
2016    17      1.06007131      170.9521125
2016    18      0.45490368      101.71396375
2016    19      0.24720892      62.2433975
2016    20      0.37457025      87.21036125
2016    21      0.42909849      98.82362375
2016    22      0.59902705      124.5152125
2016    23      0.4368376       98.78318375
2016    24      0.35728781      83.88778
2016    25      0.28468036      70.24142
2016    26      0.42270688      98.2017875
2016    27      0.41279062      98.21981625
2016    28      0.54690078      120.72132125
2016    29      0.47939631      109.47959875
2016    30      0.58306015      123.61657125
2016    31      0.64415701      128.604125
2017    1       0.27225272      68.47314625
2017    2       0.39598435      88.41189375
2017    3       0.58977285      122.63930625
2017    4       0.59470079      125.3049
2017    5       0.50305616      110.10387875
2017    6       0.32965418      81.15183375
2017    7       0.41371715      96.39230875
2017    8       0.3488336       84.186005
2017    9       0.30955268      75.72032375
2017    10      0.27855869      70.36436125
2017    11      0.27433254      68.76432125
2017    12      0.16009064      44.646205
2017    13      0.15554211      43.8526525
2017    14      0.16141946      45.34682875
2017    15      0.31926937      77.27336875
2017    16      1.32369579      193.30345
2017    17      0.65569826      133.6244
2017    18      0.64600515      132.5837125
2017    19      0.23890164      63.51922625
2017    20      0.4861873       103.090765
2017    21      0.60586076      127.2843875
2017    22      0.5807702       123.7633125
2017    23      0.40377132      94.34372
2017    24      0.52980451      112.20681875
2017    25      0.37369284      87.5339525
2017    26      0.38797544      91.8258525
2017    27      0.26509661      67.554235
2017    28      0.40931829      93.42683875
2017    29      0.61481667      125.9919
2017    30      0.45983054      102.72421125
2017    31      0.36079459      86.57573
2018    1       0.54479376      117.1417625
2018    2       0.70940702      139.9892875
2018    3       0.58625949      123.9789625
2018    4       0.83074091      148.7544875
2018    5       0.8286944       154.7241125
2018    6       0.54203918      116.25731375
2018    7       0.59886319      124.35438875
2018    8       1.40571095      200.4104125
2018    9       1.71581         223.198225
2018    10      1.3788245       205.02375
2018    11      2.1063665       237.772775
2018    12      1.38413562      197.804525
2018    13      0.48920552      108.525965
2018    14      0.29045524      73.0890325
2018    15      0.2410063       63.1728825
2018    16      0.53577742      114.47212
2018    17      0.7350252       143.8325875
2018    18      0.26794275      68.662035
2018    19      0.29594191      74.00490625
2018    20      0.30177962      75.3724925
2018    21      0.28820495      72.96582625
2018    22      0.34781798      83.70478125
2018    23      0.52629399      114.674545
2018    24      0.82232505      154.504675
2018    25      1.09613112      183.12225
2018    26      0.6006337       125.8476
2018    27      0.84033071      155.6489625
2018    28      1.07450421      182.33065
2018    29      1.3375145       197.7609875
2018    30      1.51566412      208.7748375
2018    31      1.23582576      185.7629875
