####################################################################################################
# Month: 04Apr                                                                                     #
# Station: VLA                                                                                     #
# Columns are: year    day     windspeed (m/s)                                                     #
####################################################################################################
2009    1       15.74927075
2009    2       13.885011
2009    3       15.67236525
2009    4       18.17906312
2009    5       10.50693525
2009    6       4.70012437
2009    7       7.464913
2009    8       15.45979262
2009    9       16.42616025
2009    10      8.12830938
2009    11      12.73299475
2009    12      14.8725725
2009    13      9.99857362
2009    14      7.52037738
2009    15      17.04720388
2009    16      11.90514012
2009    17      10.95871588
2009    18      13.23546775
2009    19      6.14659775
2009    20      4.09378875
2009    21      4.713625
2009    22      5.81590162
2009    23      4.63171962
2009    24      10.347339
2009    25      12.89307812
2009    26      11.27472175
2009    27      7.89533025
2009    28      8.9751775
2009    29      7.54982275
2009    30      6.39396975
