####################################################################################################
# Month: 09Sep                                                                                     #
# Station: PIKE                                                                                    #
# Columns are: year    day     segment         RH (percent)                                        #
####################################################################################################
9       1       0       0.826194
9       1       1       0.824096
9       1       2       0.647047
9       1       3       0.65853
9       1       4       0.719928
9       1       5       0.730759
9       1       6       0.734582
9       1       7       0.840954
9       2       0       0.892982
9       2       1       0.828001
9       2       2       0.601505
9       2       3       0.558186
9       2       4       0.548887
9       2       5       0.603973
9       2       6       0.77729
9       2       7       0.925481
9       3       0       0.836907
9       3       1       0.915323
9       3       2       0.786155
9       3       3       0.786118
9       3       4       0.62432
9       3       5       0.516939
9       3       6       0.768049
9       3       7       0.940168
9       4       0       1.035561
9       4       1       0.915238
9       4       2       0.764694
9       4       3       0.521424
9       4       4       0.346785
9       4       5       0.262109
9       4       6       0.337425
9       4       7       0.586489
9       5       0       0.753981
9       5       1       0.708221
9       5       2       0.709752
9       5       3       0.665863
9       5       4       0.662865
9       5       5       0.660036
9       5       6       0.794345
9       5       7       0.905742
9       6       0       1.078751
9       6       1       0.865661
9       6       2       0.732446
9       6       3       0.689439
9       6       4       0.924569
9       6       5       0.890849
9       6       6       0.902921
9       6       7       0.783217
9       7       0       0.834502
9       7       1       0.92911
9       7       2       0.744302
9       7       3       0.478305
9       7       4       0.387395
9       7       5       0.427556
9       7       6       0.665508
9       7       7       0.883014
9       8       0       0.930972
9       8       1       1.087081
9       8       2       0.943444
9       8       3       0.900151
9       8       4       0.87407
9       8       5       0.81926
9       8       6       0.741447
9       8       7       1.102886
9       9       0       0.948446
9       9       1       0.934303
9       9       2       0.861703
9       9       3       0.748886
9       9       4       0.712595
9       9       5       0.687937
9       9       6       0.592227
9       9       7       0.650475
9       10      0       0.692473
9       10      1       0.790648
9       10      2       0.781899
9       10      3       0.690541
9       10      4       0.62286
9       10      5       0.62178
9       10      6       0.766314
9       10      7       0.798255
9       11      0       0.660686
9       11      1       0.635285
9       11      2       0.617941
9       11      3       0.566969
9       11      4       0.709564
9       11      5       0.717848
9       11      6       0.625867
9       11      7       0.607398
9       12      0       0.87089
9       12      1       0.976594
9       12      2       0.9676
9       12      3       0.727111
9       12      4       0.639412
9       12      5       0.801213
9       12      6       0.882484
9       12      7       0.949838
9       13      0       0.957082
9       13      1       0.805738
9       13      2       0.662915
9       13      3       0.655789
9       13      4       0.542635
9       13      5       0.536116
9       13      6       0.55617
9       13      7       0.797378
9       14      0       0.833093
9       14      1       0.770863
9       14      2       0.74024
9       14      3       0.639353
9       14      4       0.591552
9       14      5       0.554319
9       14      6       0.626994
9       14      7       0.75744
9       15      0       0.831893
9       15      1       0.868129
9       15      2       0.816252
9       15      3       0.766784
9       15      4       0.775047
9       15      5       0.75857
9       15      6       0.668976
9       15      7       0.695431
9       16      0       0.468418
9       16      1       0.417595
9       16      2       0.442211
9       16      3       0.461673
9       16      4       0.436631
9       16      5       0.64338
9       16      6       0.785245
9       16      7       0.881947
9       17      0       0.818103
9       17      1       0.660489
9       17      2       0.54711
9       17      3       0.406946
9       17      4       0.301919
9       17      5       0.255019
9       17      6       0.308039
9       17      7       0.399518
9       18      0       0.36596
9       18      1       0.287639
9       18      2       0.252823
9       18      3       0.258164
9       18      4       0.231644
9       18      5       0.223246
9       18      6       0.241154
9       18      7       0.30318
9       19      0       0.268791
9       19      1       0.247999
9       19      2       0.213695
9       19      3       0.174978
9       19      4       0.164326
9       19      5       0.155282
9       19      6       0.220779
9       19      7       0.517598
9       20      0       0.704688
9       20      1       0.832884
9       20      2       0.779773
9       20      3       0.694885
9       20      4       0.596696
9       20      5       0.582633
9       20      6       0.714251
9       20      7       0.968543
9       21      0       0.827453
9       21      1       0.494593
9       21      2       0.401907
9       21      3       0.699297
9       21      4       0.588297
9       21      5       0.634695
9       21      6       0.993511
9       21      7       0.910572
9       22      0       0.765451
9       22      1       0.874786
9       22      2       0.710474
9       22      3       0.736742
9       22      4       0.770789
9       22      5       0.632766
9       22      6       0.733215
9       22      7       0.68331
9       23      0       0.976928
9       23      1       0.983022
9       23      2       0.846805
9       23      3       0.98103
9       23      4       0.971529
9       23      5       0.919676
9       23      6       0.612339
9       23      7       0.569095
9       24      0       0.750337
9       24      1       0.723603
9       24      2       0.382971
9       24      3       0.370307
9       24      4       0.224439
9       24      5       0.459742
9       24      6       0.5749
9       24      7       0.671751
9       25      0       0.838673
9       25      1       0.864753
9       25      2       0.665789
9       25      3       0.726941
9       25      4       0.925889
9       25      5       0.646371
9       25      6       0.49377
9       25      7       0.804959
9       26      0       0.805816
9       26      1       0.72548
9       26      2       0.688041
9       26      3       0.248702
9       26      4       0.410556
9       26      5       0.410583
9       26      6       0.39878
9       26      7       0.621125
9       27      0       0.555692
9       27      1       0.232011
9       27      2       0.15209
9       27      3       0.204494
9       27      4       0.245848
9       27      5       0.226829
9       27      6       0.207726
9       27      7       0.321871
9       28      0       0.38831
9       28      1       0.369622
9       28      2       0.230271
9       28      3       0.137874
9       28      4       0.121319
9       28      5       0.156374
9       28      6       0.206513
9       28      7       0.303692
9       29      0       0.5495
9       29      1       0.685247
9       29      2       0.67731
9       29      3       0.775073
9       29      4       0.700636
9       29      5       0.530385
9       29      6       0.572455
9       29      7       0.684997
9       30      0       0.759317
9       30      1       0.662812
9       30      2       0.343327
9       30      3       0.273848
9       30      4       0.219535
9       30      5       0.5086
9       30      6       0.38264
9       30      7       0.736135
