####################################################################################################
# Month: 06Jun                                                                                     #
# Station: ALI                                                                                     #
# Frequency: 345 GHz                                                                               #
# Columns are: year    day     tau     Tb (K)                                                      #
####################################################################################################
2009    1       0.39301868      86.4991025
2009    2       0.37740984      85.56375
2009    3       0.40505734      89.8590775
2009    4       0.3864089       87.13778
2009    5       0.47537086      100.81332
2009    6       0.52949082      108.442925
2009    7       0.40288892      88.04470875
2009    8       0.49606406      102.0955525
2009    9       0.52867425      107.92683
2009    10      0.5421798       109.99922
2009    11      0.53212651      108.95165625
2009    12      0.50244679      104.5691325
2009    13      0.57317322      114.947915
2009    14      0.60677578      119.5836
2009    15      0.62641621      122.5751375
2009    16      0.54519541      110.5648925
2009    17      0.58133815      115.6122275
2009    18      0.52386564      108.57429375
2009    19      0.52781944      109.81353875
2009    20      0.53391409      110.3446675
2009    21      0.57025181      116.3876125
2009    22      0.52768415      110.8889375
2009    23      0.44909596      98.55501125
2009    24      0.5045007       106.31212375
2009    25      0.83270961      149.489075
2009    26      0.91148214      158.4836125
2009    27      0.85396926      152.1719
2009    28      0.65059162      128.9245375
2009    29      0.47798221      102.57407125
2009    30      0.63063521      124.5109375
2010    1       0.2898418       68.56670375
2010    2       0.34284388      78.76319125
2010    3       0.47099554      99.1636075
2010    4       0.30216638      71.38589375
2010    5       0.41986359      90.8916475
2010    6       0.43828706      94.12330875
2010    7       0.4217879       91.5502225
2010    8       0.70386554      132.841325
2010    9       0.56555814      113.3690975
2010    10      0.59002014      117.0023825
2010    11      0.45227876      96.9492075
2010    12      0.61922759      119.92591875
2010    13      0.67014071      128.629225
2010    14      0.71025581      133.3837875
2010    15      0.59344365      118.4621
2010    16      0.69142661      131.7485
2010    17      0.69345084      131.6960625
2010    18      0.6154455       122.002825
2010    19      0.50346901      106.14688625
2010    20      0.51918481      108.28332625
2010    21      0.440886        95.30138875
2010    22      0.51300959      106.7710075
2010    23      0.38565714      87.10648625
2010    24      0.46103291      99.59249125
2010    25      0.66628982      130.0461625
2010    26      0.65245142      128.023
2010    27      0.6235419       122.7694125
2010    28      0.59143229      118.69905
2010    29      0.52778162      109.37572625
2010    30      0.65475545      127.169375
2011    1       0.57374952      114.73145125
2011    2       0.47662715      100.2124425
2011    3       0.36714998      81.9145525
2011    4       0.28841218      68.93882125
2011    5       0.4492177       96.091095
2011    6       0.596172        116.81049875
2011    7       0.50275791      103.994495
2011    8       0.3399232       78.10981375
2011    9       0.52909755      107.62450375
2011    10      0.61852274      121.575775
2011    11      0.43521112      94.77187625
2011    12      0.5657765       114.57781875
2011    13      0.76565784      141.036225
2011    14      0.60494505      119.75726125
2011    15      0.56812111      116.4281
2011    16      0.67113049      130.2457625
2011    17      0.64830176      126.74085
2011    18      0.65455846      127.2835125
2011    19      0.55991744      113.90821375
2011    20      0.56216115      113.61223625
2011    21      0.24585194      62.38762375
2011    22      0.3454896       80.60498375
2011    23      0.68478709      132.2704375
2011    24      0.6091172       122.9850125
2011    25      0.4843654       104.850785
2011    26      0.7018366       135.578475
2011    27      0.43724135      97.224335
2011    28      0.8155862       146.62255
2011    29      0.78190362      143.5049625
2011    30      0.76091212      141.1747625
2012    1       0.45666766      97.11039375
2012    2       0.44241636      94.68510375
2012    3       0.4237346       91.40509875
2012    4       0.31147165      71.0521675
2012    5       0.21646592      54.42269
2012    6       0.43868115      92.479565
2012    7       0.58664561      116.644625
2012    8       0.66019524      127.012025
2012    9       0.63813201      123.6542375
2012    10      0.65650708      126.5084625
2012    11      0.57124368      114.652185
2012    12      0.43431964      94.61317125
2012    13      0.47219015      100.30018875
2012    14      0.57047651      114.87343625
2012    15      0.56873315      115.1444625
2012    16      0.53449342      110.6486425
2012    17      0.51826099      108.5604575
2012    18      0.51869825      108.79610625
2012    19      0.52315161      109.636265
2012    20      0.50353756      107.421225
2012    21      0.50395855      108.02129625
2012    22      0.50096673      107.33033375
2012    23      0.61831505      123.12179375
2012    24      0.76930912      142.944375
2012    25      0.74353921      139.70615
2012    26      0.76001136      140.755025
2012    27      0.66712649      129.20615
2012    28      0.79321676      145.189625
2012    29      0.74021286      140.06955
2012    30      0.7329943       139.6857125
2013    1       0.24745049      62.06838
2013    2       0.20716608      54.042525
2013    3       0.39633336      89.08911625
2013    4       0.51232729      107.30912375
2013    5       0.47164999      101.02747375
2013    6       0.5858931       117.2460675
2013    7       0.31880482      75.07479625
2013    8       0.16075949      44.337125
2013    9       0.17817603      47.9809425
2013    10      0.39678088      90.131185
2013    11      0.61981829      124.4507125
2013    12      0.76896249      143.15865
2013    13      0.59981565      122.256625
2013    14      0.94010197      161.1693
2013    15      0.93112494      159.5595375
2013    16      0.90324666      155.973675
2013    17      0.85642342      150.8238125
2013    18      0.63453865      123.665375
2013    19      0.45094284      98.1344425
2013    20      0.34247964      80.1462375
2013    21      0.42101815      95.061945
2013    22      0.4277589       95.5699025
2013    23      0.58522034      118.11823875
2013    24      0.64386143      127.894325
2013    25      0.58782496      120.60062
2013    26      0.5960087       121.63864
2013    27      0.90795874      159.097475
2013    28      0.86389922      156.3815875
2013    29      0.57145095      116.97473625
2013    30      0.54208301      114.07441625
2014    1       0.48471549      101.19612625
2014    2       0.21479664      55.0014825
2014    3       0.23420716      59.1448975
2014    4       0.34205295      78.255075
2014    5       0.45341829      97.475645
2014    6       0.49585362      104.05253375
2014    7       0.48715932      102.95688125
2014    8       0.4998214       104.61031125
2014    9       0.5449777       111.1460375
2014    10      0.45221774      96.2911575
2014    11      0.38058841      84.5120075
2014    12      0.50552228      104.134505
2014    13      0.49327518      102.13475625
2014    14      0.16857341      45.50002
2014    15      0.22367018      57.64872
2014    16      0.38346659      87.72380625
2014    17      0.68545742      132.541915
2014    18      0.73697776      139.0304
2014    19      0.6523333       128.0169875
2014    20      0.77742254      143.1918625
2014    21      0.6601299       128.4248
2014    22      0.66932421      129.608375
2014    23      0.78004109      142.287475
2014    24      0.57884646      114.690655
2014    25      0.43227291      93.6181975
2014    26      0.68409671      130.4291625
2014    27      0.49429035      102.9676875
2014    28      0.44645648      95.94441875
2014    29      0.55355894      113.31523375
2014    30      0.76087466      141.1172625
2015    1       0.42591384      91.0494425
2015    2       0.41530259      89.830805
2015    3       0.52353268      107.0143475
2015    4       0.67824046      129.2125875
2015    5       0.70564196      132.4476
2015    6       0.54471044      109.77580625
2015    7       0.5431651       110.41566875
2015    8       0.6466698       125.19465
2015    9       0.73128215      136.133325
2015    10      0.596795        117.522705
2015    11      0.43223268      92.17051
2015    12      0.26337814      64.00541875
2015    13      0.54706635      110.3227
2015    14      0.57880309      114.27614
2015    15      0.51255925      104.77756375
2015    16      0.52673169      108.76394125
2015    17      0.44055372      96.07354625
2015    18      0.40139132      86.6824625
2015    19      0.34185218      79.1823675
2015    20      0.39812226      89.33420625
2015    21      0.73729624      137.2157125
2015    22      0.51881889      107.61612125
2015    23      0.45785804      98.8391475
2015    24      0.6335625       124.9496125
2015    25      0.84774564      148.94784875
2015    26      0.5003562       104.7979175
2015    27      0.49624856      104.4160325
2015    28      0.46488608      99.68663625
2015    29      0.56362005      113.4804625
2015    30      0.85387556      151.321775
2016    1       0.28509775      67.937995
2016    2       0.37149752      82.6634725
2016    3       0.48233988      102.0145125
2016    4       0.52303999      108.11223125
2016    5       0.63804526      123.67547125
2016    6       0.68331151      129.9545
2016    7       0.662016        127.0304875
2016    8       0.65242579      125.891475
2016    9       0.72764685      135.6927375
2016    10      0.75669266      139.7629625
2016    11      0.84193535      150.0365875
2016    12      0.91080536      158.27365
2016    13      0.67881184      131.0981625
2016    14      0.46366341      101.53213625
2016    15      0.81279681      146.7643875
2016    16      0.81602769      148.0777875
2016    17      0.48862581      106.08168875
2016    18      0.67785869      132.07495
2016    19      0.76819388      142.918075
2016    20      0.74412944      140.5360625
2016    21      0.84062918      152.12745
2016    22      0.48520104      104.071705
2016    23      0.46840919      101.5992375
2016    24      0.52267326      108.55193
2016    25      0.54842715      112.85938
2016    26      0.64561515      126.8701375
2016    27      0.91295829      158.4422125
2016    28      1.05702975      173.45525
2016    29      0.96925129      164.04535
2016    30      0.80134978      146.9202375
2017    1       0.419711        92.64389375
2017    2       0.26274588      64.9767525
2017    3       0.21422961      55.805085
2017    4       0.32122622      76.4315125
2017    5       0.481956        103.58979125
2017    6       0.71402748      133.65575
2017    7       0.70834636      134.5336
2017    8       0.78265551      143.1601625
2017    9       0.78181259      143.222375
2017    10      0.623747        122.41045
2017    11      0.65425032      127.7336125
2017    12      0.72688805      136.3475375
2017    13      0.90247306      157.038275
2017    14      0.73301392      137.8828125
2017    15      0.87545772      154.301775
2017    16      0.828441        148.726375
2017    17      0.65220326      127.3118625
2017    18      0.73633864      137.0021875
2017    19      1.02854001      169.7351125
2017    20      1.06016146      172.496525
2017    21      0.93523238      160.495525
2017    22      0.73716961      138.0192125
2017    23      0.70319821      134.7783
2017    24      0.40445595      91.4841125
2017    25      0.61094474      123.4871525
2017    26      0.74805716      142.9785125
2017    27      1.18269982      183.9574375
2017    28      1.15978575      183.2186
2017    29      1.50346114      206.88334286
2017    30      1.52246138      209.6145375
2018    1       0.49260026      104.970025
2018    2       0.54028229      111.562085
2018    3       0.14159268      40.1428775
2018    4       0.16194466      44.7049225
2018    5       0.48243065      104.220015
2018    6       0.52432635      109.7648025
2018    7       0.3551667       83.20950625
2018    8       0.43129005      96.71160625
2018    9       0.74965139      139.94289875
2018    10      0.91063815      158.1347
2018    11      0.50353956      106.78867875
2018    12      0.56130882      116.26838375
2018    13      0.63991976      125.54720125
2018    14      0.43641284      96.9893
2018    15      0.71749939      136.0554625
2018    16      0.70372625      136.432975
2018    17      0.6326973       124.4068875
2018    18      0.85603679      153.8647
2018    19      0.91824608      160.7194625
2018    20      0.63861136      127.1568225
2018    21      0.71192249      137.7055125
2018    22      0.52493522      111.33168875
2018    23      0.48411805      105.55697875
2018    24      0.37622051      87.86129875
2018    25      0.44923874      99.98992875
2018    26      0.88546532      149.05643625
2018    27      1.37713825      198.7668625
2018    28      1.21385668      187.9989625
2018    29      1.04591673      174.9939375
2018    30      0.97161399      168.7544625
