####################################################################################################
# Month: 10Oct                                                                                     #
# Station: OVRO                                                                                    #
# Frequency: 345 GHz                                                                               #
# Columns are: year    day     tau     Tb (K)                                                      #
####################################################################################################
2009    1       0.73467536      146.090125
2009    2       0.86180512      160.8801125
2009    3       1.59269984      214.7657
2009    4       1.12798149      181.3958875
2009    5       1.20810835      186.63665
2009    6       1.21100687      189.641125
2009    7       1.08511642      180.1374625
2009    8       1.00907629      174.6635875
2009    9       1.182467        193.304
2009    10      1.382336        207.965675
2009    11      1.62578538      222.269575
2009    12      1.91855138      235.4581875
2009    13      2.56211762      247.580825
2009    14      3.49610225      267.665425
2009    15      2.35357425      248.8469375
2009    16      2.55188888      258.5629875
2009    17      2.02040675      243.585225
2009    18      2.16797813      248.0512625
2009    19      1.53773938      213.1392375
2009    20      1.72710362      223.3059875
2009    21      1.29605413      201.2279625
2009    22      1.57477262      219.9872625
2009    23      1.8792045       234.436075
2009    24      1.99066588      239.996425
2009    25      1.56100749      212.5863625
2009    26      1.44854475      210.59225
2009    27      1.39287662      204.2554
2009    28      0.81903038      146.7214
2009    29      0.98597522      159.267675
2009    30      2.03191412      232.981775
2009    31      0.92846198      166.7051625
2010    1       3.39139175      272.7935875
2010    2       4.88039788      279.5626
2010    3       4.58052925      276.2844
2010    4       3.89157862      269.2336875
2010    5       3.07997338      256.474425
2010    6       1.73336638      220.427675
2010    7       2.790371        253.2075625
2010    8       2.02031538      237.3137
2010    9       2.10722962      243.7746875
2010    10      2.99847275      265.562675
2010    11      2.99387175      266.5703375
2010    12      2.99926762      263.4934
2010    13      1.24245309      188.8440875
2010    14      1.15554549      191.3604125
2010    15      2.11583575      243.6263375
2010    16      2.57662875      255.7792875
2010    17      3.340634        267.0922625
2010    18      3.613796        266.7009625
2010    19      2.848886        258.330675
2010    20      3.061387        260.733425
2010    21      3.25370725      263.806725
2010    22      2.81031712      250.3489125
2010    23      2.5461275       250.0566
2010    24      3.89397675      271.5311875
2010    25      2.58710994      235.817775
2010    26      1.23215476      186.9049125
2010    27      0.66205541      132.858675
2010    28      1.02763679      176.5839125
2010    29      1.22338229      191.6896625
2010    30      2.00393662      233.1821
2010    31      1.5498635       214.1858125
2011    1       2.69819375      260.4103125
2011    2       3.11049738      267.35295
2011    3       2.005792        238.7357875
2011    4       2.82272075      257.575775
2011    5       3.14414262      259.8004625
2011    6       1.82881362      223.2356625
2011    7       1.686691        216.129275
2011    8       1.601217        221.07435
2011    9       1.41335062      211.042725
2011    10      2.42110138      247.8713375
2011    11      3.05927188      264.1879
2011    12      1.82960225      234.3041625
2011    13      2.04753262      243.94955
2011    14      1.60622275      225.5061
2011    15      1.58116062      221.8993125
2011    16      2.2782175       250.8479125
2011    17      1.94853012      236.719525
2011    18      1.39888238      211.83225
2011    19      1.26709025      202.1516875
2011    20      1.46125775      215.0783625
2011    21      1.3429545       206.268575
2011    22      1.105437        186.5854375
2011    23      0.9963012       178.1416125
2011    24      1.39839088      209.2967625
2011    25      1.824934        230.6139875
2011    26      0.96789462      158.40442
2011    27      0.81869888      150.6757625
2011    28      1.08211487      182.21885
2011    29      1.23335075      194.3227375
2011    30      1.1176681       187.0334625
2011    31      1.03707903      179.6371
2012    1       1.65949688      228.59705
2012    2       1.61278388      226.794775
2012    3       1.4237635       213.7566625
2012    4       1.45884088      216.4171875
2012    5       1.7279085       229.7347625
2012    6       1.7959955       230.5765
2012    7       1.72708312      227.130525
2012    8       1.47731338      212.02895
2012    9       1.56959188      217.1612125
2012    10      2.02006775      233.9546
2012    11      2.5453485       249.2004375
2012    12      2.33747625      244.4364375
2012    13      2.2716475       242.47395
2012    14      1.608609        223.5274375
2012    15      1.33627838      206.7563875
2012    16      1.90915313      237.085825
2012    17      1.57931796      219.1834
2012    18      1.222214        198.20055
2012    19      1.27090938      203.9481625
2012    20      1.33354558      204.5948625
2012    21      1.78495575      229.414225
2012    22      2.04283262      238.608375
2012    23      1.48064134      204.08215
2012    24      1.35308266      195.8234375
2012    25      1.65629888      214.4047125
2012    26      1.3706325       207.138125
2012    27      1.68718438      225.2999625
2012    28      1.79448788      230.54405
2012    29      1.49065675      214.90385
2012    30      1.20941723      194.46465
2012    31      0.97811488      174.5938
2013    1       2.31165162      250.4531
2013    2       2.23179325      245.57115
2013    3       0.87103841      159.3843875
2013    4       0.85069709      157.2531125
2013    5       0.53054862      117.47011125
2013    6       0.53310846      119.5783625
2013    7       0.56946264      122.11265
2013    8       1.05012026      178.524525
2013    9       1.99175112      226.7317625
2013    10      2.35442362      241.8459875
2013    11      1.82937638      229.8717625
2013    12      1.69754275      221.8773
2013    13      1.2172075       191.306925
2013    14      1.23383388      193.977675
2013    15      0.94869646      171.0676
2013    16      0.68937994      138.2982875
2013    17      0.96717245      170.4283125
2013    18      0.73715235      144.6094625
2013    19      0.72015086      144.8278125
2013    20      0.72726125      145.4782125
2013    21      0.98439939      173.75035
2013    22      1.25205488      198.0177375
2013    23      1.31457712      201.3237625
2013    24      1.36506112      204.0497875
2013    25      1.26217175      197.6132375
2013    26      1.22965325      194.92055
2013    27      1.480584        212.104275
2013    28      1.40602387      203.5826375
2013    29      1.80375512      221.6968875
2013    30      1.29343383      178.1075
2013    31      1.33933612      203.6106875
2014    1       1.7706665       222.8555875
2014    2       0.73477237      147.4659875
2014    3       0.85085766      163.356325
2014    4       0.87389636      166.4309125
2014    5       0.95741721      174.57285
2014    6       1.04961859      182.3916625
2014    7       1.48945662      217.9736875
2014    8       1.95306225      239.693775
2014    9       1.83946562      231.4226
2014    10      1.59773625      215.3378
2014    11      1.7294295       229.387075
2014    12      1.36098236      204.75415
2014    13      1.16426338      193.282
2014    14      0.91358232      168.7485125
2014    15      1.2675818       198.2708125
2014    16      1.95723262      236.0443125
2014    17      1.618186        219.0731375
2014    18      1.59104862      219.3603875
2014    19      2.5726045       255.0494875
2014    20      2.378955        251.81755
2014    21      1.16100004      178.865275
2014    22      1.8898875       235.5014375
2014    23      1.76151625      230.9365
2014    24      1.1243998       188.9894125
2014    25      1.21609426      195.3151375
2014    26      1.12446152      185.39915
2014    27      1.33951862      204.073525
2014    28      1.60294138      220.15665
2014    29      1.55231875      214.977
2014    30      1.20636012      194.7396
2014    31      1.62868238      221.2441
2015    1       3.64244612      274.1006
2015    2       2.46021825      251.4791125
2015    3       2.43568088      250.127625
2015    4       3.03242712      260.6556625
2015    5       4.42288075      271.1715
2015    6       3.57779025      266.604325
2015    7       3.15281275      265.7512875
2015    8       2.896993        265.697975
2015    9       3.04830825      269.7225125
2015    10      2.29973213      255.61235
2015    11      2.49310512      258.7035875
2015    12      2.8447955       266.3994875
2015    13      2.73855625      265.7009625
2015    14      3.87450562      276.57375
2015    15      4.31242987      275.9229125
2015    16      5.18334862      276.217225
2015    17      5.10440312      275.9603125
2015    18      3.7779555       268.661
2015    19      2.45883812      249.7650875
2015    20      2.68099388      252.8551125
2015    21      1.95476325      234.1160375
2015    22      1.84004662      230.51825
2015    23      1.7748125       226.582325
2015    24      1.7215565       226.3832
2015    25      2.22180862      245.41365
2015    26      0.9871398       164.106975
2015    27      0.75025766      140.70876375
2015    28      3.05756812      258.0517375
2015    29      2.28440475      237.8544625
2015    30      1.05992905      174.2713375
2015    31      1.389261        206.0135625
2016    1       1.5749265       218.1468125
2016    2       0.61311005      125.275725
2016    3       1.27394009      192.68405
2016    4       1.83951125      231.015575
2016    5       0.8917956       159.2732375
2016    6       1.05412882      179.5257625
2016    7       1.38409887      206.47415
2016    8       1.79403412      228.22195
2016    9       1.35173175      205.36015
2016    10      1.7260465       227.314325
2016    11      1.86255062      234.006475
2016    12      1.78185525      232.335175
2016    13      2.11361225      245.15005
2016    14      1.923015        238.654225
2016    15      2.8836135       262.9321625
2016    16      3.02884138      265.419425
2016    17      2.3216765       247.3880625
2016    18      1.23828538      189.3842375
2016    19      1.50743274      215.4416
2016    20      1.32802         205.377175
2016    21      1.21496362      198.6191
2016    22      1.21269162      197.3811625
2016    23      1.52913062      216.7073625
2016    24      3.34190325      265.76875
2016    25      2.11124875      240.9144625
2016    26      2.35733488      250.882825
2016    27      2.29529438      247.873775
2016    28      3.86841312      271.3449625
2016    29      2.07400513      244.0765625
2016    30      3.73662375      271.9868
2016    31      1.48301925      208.8364125
2017    1       1.89837975      239.9137125
2017    2       1.24214975      197.40795
2017    3       1.05307965      181.56295
2017    4       1.33086925      204.0567
2017    5       0.91565705      168.614975
2017    6       0.93282649      171.0578875
2017    7       1.07286259      188.566875
2017    8       1.05125264      185.4967375
2017    9       0.85945202      158.9862125
2017    10      0.72659857      144.4845
2017    11      0.92421674      168.1750625
2017    12      0.85546418      156.5493
2017    13      0.3474661       84.223785
2017    14      0.72129576      139.90035
2017    15      0.39557645      94.558535
2017    16      0.57200298      123.2917875
2017    17      1.11465852      178.561225
2017    18      1.70963275      226.92585
2017    19      1.43752388      213.9688875
2017    20      1.743828        228.5597125
2017    21      1.53481138      212.283075
2017    22      1.846121        236.083675
2017    23      1.46072538      214.7071625
2017    24      1.88914325      241.5408
2017    25      1.28814425      207.704825
2017    26      1.25160412      204.880775
2017    27      1.30387541      205.641975
2017    28      1.33543112      209.456975
2017    29      1.6227455       228.498225
2017    30      1.842662        236.1471375
2017    31      2.51363338      257.071225
2018    1       2.0339525       239.528875
2018    2       4.42369125      280.9287125
2018    3       3.59668988      273.0459375
2018    4       3.48201588      270.733025
2018    5       3.01033938      264.811725
2018    6       2.97980362      264.406475
2018    7       2.08526825      238.4444375
2018    8       1.83769912      231.0068875
2018    9       1.67794275      225.765775
2018    10      1.69728075      227.1138
2018    11      2.67326787      257.5790625
2018    12      2.37918112      247.4481
2018    13      1.6223435       222.9463375
2018    14      0.9943758       174.78795
2018    15      0.53209636      115.11092875
2018    16      1.02757256      175.8253625
2018    17      1.12551076      184.8805625
2018    18      1.24634175      198.5490125
2018    19      1.31706775      205.311375
2018    20      1.3275965       206.0112875
2018    21      2.307277        243.1213875
2018    22      2.73641212      259.8036375
2018    23      2.03553963      241.7624625
2018    24      2.03285138      243.227075
2018    25      1.976821        241.6782125
2018    26      1.86684638      239.0587375
2018    27      1.82715012      238.7963875
2018    28      1.4136225       215.0101625
2018    29      1.2043699       195.4932
2018    30      1.30019419      195.6340125
2018    31      0.99727664      168.5092125
