####################################################################################################
# Month: 10Oct                                                                                     #
# Station: DomeA                                                                                   #
# Columns are: year    day     segment         RH (percent)                                        #
####################################################################################################
9       1       0       0.927541
9       1       1       0.938537
9       1       2       0.962841
9       1       3       0.967002
9       1       4       0.976691
9       1       5       0.973631
9       1       6       0.946949
9       1       7       0.953165
9       2       0       0.958757
9       2       1       0.966964
9       2       2       0.969473
9       2       3       0.966568
9       2       4       0.974059
9       2       5       0.97574
9       2       6       0.975542
9       2       7       0.974523
9       3       0       0.934643
9       3       1       0.945084
9       3       2       0.976115
9       3       3       0.976462
9       3       4       0.953037
9       3       5       0.954912
9       3       6       0.977393
9       3       7       0.977469
9       4       0       0.960979
9       4       1       0.956189
9       4       2       0.955995
9       4       3       0.961321
9       4       4       0.976419
9       4       5       0.974314
9       4       6       0.965255
9       4       7       0.963133
9       5       0       0.925928
9       5       1       0.846032
9       5       2       0.793291
9       5       3       0.847628
9       5       4       0.944112
9       5       5       0.948934
9       5       6       0.969892
9       5       7       0.970994
9       6       0       0.959559
9       6       1       0.956869
9       6       2       0.972586
9       6       3       0.969028
9       6       4       0.890958
9       6       5       0.812745
9       6       6       0.917129
9       6       7       0.992907
9       7       0       0.965615
9       7       1       0.96071
9       7       2       0.974161
9       7       3       0.973391
9       7       4       0.967348
9       7       5       0.983938
9       7       6       0.974626
9       7       7       0.96411
9       8       0       0.93914
9       8       1       0.948865
9       8       2       0.96991
9       8       3       0.971376
9       8       4       0.97764
9       8       5       0.980605
9       8       6       0.939026
9       8       7       0.927157
9       9       0       0.965077
9       9       1       0.966684
9       9       2       0.973509
9       9       3       0.969354
9       9       4       0.97758
9       9       5       0.973579
9       9       6       0.924994
9       9       7       0.918552
9       10      0       0.95502
9       10      1       0.952001
9       10      2       0.972152
9       10      3       0.971264
9       10      4       0.954795
9       10      5       0.941216
9       10      6       0.947804
9       10      7       0.956995
9       11      0       0.949547
9       11      1       0.906005
9       11      2       0.948787
9       11      3       0.998668
9       11      4       0.999668
9       11      5       1.006754
9       11      6       0.943728
9       11      7       0.930987
9       12      0       0.84409
9       12      1       0.744016
9       12      2       0.757081
9       12      3       0.766143
9       12      4       0.703201
9       12      5       0.582388
9       12      6       0.516048
9       12      7       0.508042
9       13      0       0.548737
9       13      1       0.579305
9       13      2       0.633385
9       13      3       0.694885
9       13      4       0.793676
9       13      5       0.819818
9       13      6       0.773526
9       13      7       0.752672
9       14      0       0.739714
9       14      1       0.738809
9       14      2       0.867164
9       14      3       0.948038
9       14      4       0.924826
9       14      5       0.926118
9       14      6       0.851128
9       14      7       0.791369
9       15      0       0.804782
9       15      1       0.843017
9       15      2       0.917956
9       15      3       0.940813
9       15      4       0.924754
9       15      5       0.77344
9       15      6       0.615293
9       15      7       0.588298
9       16      0       0.535149
9       16      1       0.622376
9       16      2       0.726945
9       16      3       0.796616
9       16      4       0.91652
9       16      5       0.924483
9       16      6       0.848642
9       16      7       0.84737
9       17      0       0.822829
9       17      1       0.795517
9       17      2       0.821016
9       17      3       0.850281
9       17      4       0.85498
9       17      5       0.850994
9       17      6       0.745476
9       17      7       0.674641
9       18      0       0.718207
9       18      1       0.799425
9       18      2       0.855948
9       18      3       0.848805
9       18      4       0.87961
9       18      5       0.893021
9       18      6       0.943122
9       18      7       0.951722
9       19      0       0.851824
9       19      1       0.835137
9       19      2       0.893872
9       19      3       0.895455
9       19      4       0.915382
9       19      5       0.966278
9       19      6       0.923393
9       19      7       0.903529
9       20      0       0.869124
9       20      1       0.837072
9       20      2       0.847695
9       20      3       0.896909
9       20      4       0.961724
9       20      5       0.389355
9       20      6       0.250713
9       20      7       0.383336
9       21      0       0.55469
9       21      1       0.564031
9       21      2       0.690157
9       21      3       0.853988
9       21      4       0.836275
9       21      5       0.824837
9       21      6       0.940591
9       21      7       0.936701
9       22      0       0.880189
9       22      1       0.873306
9       22      2       0.877508
9       22      3       0.890738
9       22      4       0.825996
9       22      5       0.827813
9       22      6       0.851501
9       22      7       0.832164
9       23      0       0.764485
9       23      1       0.750798
9       23      2       0.78544
9       23      3       0.899126
9       23      4       0.841173
9       23      5       0.813233
9       23      6       0.825001
9       23      7       0.879923
