####################################################################################################
# Month: 05May                                                                                     #
# Station: CAT                                                                                     #
# Columns are: year    day     windspeed (m/s)                                                     #
####################################################################################################
2009    1       15.45737338
2009    2       18.02918412
2009    3       22.08641925
2009    4       17.9948405
2009    5       14.94707162
2009    6       7.690051
2009    7       17.97469725
2009    8       22.64748025
2009    9       22.49587175
2009    10      19.5441435
2009    11      3.90123575
2009    12      4.36304287
2009    13      6.4401855
2009    14      8.7871515
2009    15      13.21641612
2009    16      25.90681788
2009    17      19.40482488
2009    18      20.59221713
2009    19      27.3271445
2009    20      28.38285862
2009    21      27.18024612
2009    22      37.7084135
2009    23      22.41760687
2009    24      11.402226
2009    25      16.23156375
2009    26      10.83549775
2009    27      8.97099425
2009    28      10.26552888
2009    29      6.93370612
2009    30      6.06605375
2009    31      11.22429912
