####################################################################################################
# Month: 04Apr                                                                                     #
# Station: HES                                                                                     #
# Columns are: year    day     RH (percent)                                                        #
####################################################################################################
9       1       0.34142225
9       2       0.42312575
9       3       0.45261688
9       4       0.415873
9       5       0.366468
9       6       0.33744525
9       7       0.30527638
9       8       0.32140538
9       9       0.38583938
9       10      0.414479
9       11      0.4653115
9       12      0.35370288
9       13      0.32018725
9       14      0.29374225
9       15      0.34802625
9       16      0.44468362
9       17      0.42284862
9       18      0.465788
9       19      0.42971662
9       20      0.34500288
9       21      0.310535
9       22      0.4443545
9       23      0.69009375
9       24      0.29271175
9       25      0.27617112
9       26      0.31881062
9       27      0.35702575
9       28      0.59634638
9       29      0.5072815
9       30      0.4166945
