####################################################################################################
# Month: 12Dec                                                                                     #
# Station: ROB                                                                                     #
# Frequency: 230 GHz                                                                               #
# Columns are: year    day     tau     Tb (K)                                                      #
####################################################################################################
2009    1       0.1871043       48.99005375
2009    2       0.14264251      39.74101
2009    3       0.1227758       35.19703
2009    4       0.1803125       48.66675875
2009    5       0.2035365       53.68146625
2009    6       0.26842738      66.48033625
2009    7       0.23918212      61.06499625
2009    8       0.12359864      35.79634
2009    9       0.09412809      28.424945
2009    10      0.25872251      65.39835
2009    11      0.21255264      56.01577625
2009    12      0.25017629      62.1506325
2009    13      0.45167061      102.38640875
2009    14      0.25101284      63.308675
2009    15      0.29633387      72.8396
2009    16      0.29323222      73.1920325
2009    17      0.14476166      41.1513475
2009    18      0.18717842      50.23984875
2009    19      0.25926768      65.498705
2009    20      0.11987641      34.57372
2009    21      0.07454248      23.87512875
2009    22      0.16793874      46.40160875
2009    23      0.1540344       42.3540775
2009    24      0.19393174      51.53921375
2009    25      0.220254        58.4470775
2009    26      0.19505876      52.9336375
2009    27      0.17515742      47.7406775
2009    28      0.21630631      56.26110875
2009    29      0.221374        56.43105875
2009    30      0.34596144      82.7744325
2009    31      0.45888621      103.5653325
2010    1       0.13652354      38.7219975
2010    2       0.18639966      49.48883
2010    3       0.2026056       53.13385625
2010    4       0.17586276      47.91248875
2010    5       0.26128026      66.92636
2010    6       0.27836594      70.54305375
2010    7       0.19899729      53.23926375
2010    8       0.17670968      48.51210125
2010    9       0.18767446      50.74519375
2010    10      0.16336229      44.80986
2010    11      0.23630516      60.13646375
2010    12      0.10406022      30.11889625
2010    13      0.16871474      46.59358125
2010    14      0.27026741      69.369835
2010    15      0.39771332      93.41936125
2010    16      0.25376671      65.48200375
2010    17      0.17649362      48.29310625
2010    18      0.12873867      37.18330625
2010    19      0.10073188      30.5283175
2010    20      0.15831253      43.92322625
2010    21      0.23536486      61.59893
2010    22      0.45249103      103.96417625
2010    23      0.27301736      69.68793375
2010    24      0.14738806      41.64282625
2010    25      0.19186765      52.50265625
2010    26      0.3988501       94.4253175
2010    27      0.47755274      108.5328
2010    28      0.39882994      93.21532125
2010    29      0.56156612      118.38134125
2010    30      0.46663552      104.11216125
2010    31      0.37903638      90.01821125
2011    1       0.0946216       29.0337925
2011    2       0.16332406      45.10886375
2011    3       0.16975535      46.27511
2011    4       0.158526        43.830555
2011    5       0.2175618       56.711375
2011    6       0.48655372      105.8330975
2011    7       0.41662804      95.93574125
2011    8       0.48311431      107.64234625
2011    9       0.27565386      69.5764025
2011    10      0.1508681       42.45811125
2011    11      0.1384493       39.79377625
2011    12      0.08754256      27.4145975
2011    13      0.1274943       37.47905625
2011    14      0.23354828      61.77513125
2011    15      0.27406286      70.69682
2011    16      0.25563424      66.23024375
2011    17      0.44057909      101.03545875
2011    18      0.39331271      93.55448375
2011    19      0.28210715      71.95392625
2011    20      0.16599364      46.34127
2011    21      0.13360591      38.7683825
2011    22      0.09757314      29.93090125
2011    23      0.12691656      36.65714
2011    24      0.13931572      39.98798875
2011    25      0.3153819       75.85715625
2011    26      0.55523065      119.7441375
2011    27      0.54465593      119.2953375
2011    28      0.45094216      103.21977625
2011    29      0.16003712      45.65656375
2011    30      0.15461155      43.79745875
2011    31      0.25883546      67.39133875
2012    1       0.4169679       93.96629
2012    2       0.49557448      109.664385
2012    3       0.57023589      121.6769875
2012    4       0.38962134      91.8593825
2012    5       0.26680135      67.80001125
2012    6       0.32678548      76.84305
2012    7       0.08548238      26.5565175
2012    8       0.08077093      25.77501
2012    9       0.12191582      36.1734825
2012    10      0.13600647      39.330775
2012    11      0.14018998      40.45016625
2012    12      0.13060974      37.39326625
2012    13      0.17606396      48.25359875
2012    14      0.22773182      59.1318925
2012    15      0.24316108      61.723645
2012    16      0.24284915      62.31188125
2012    17      0.28760128      71.54298875
2012    18      0.38125782      88.0732075
2012    19      0.67810704      133.2284375
2012    20      0.53030822      109.086415
2012    21      0.08445924      26.18743125
2012    22      0.13888888      39.6861675
2012    23      0.18937604      51.50709125
2012    24      0.33300882      79.73347375
2012    25      0.29612396      65.42602125
2012    26      0.08742688      26.93521375
2012    27      0.11609608      34.08238
2012    28      0.11470998      33.5683625
2012    29      0.17108814      47.00740125
2012    30      0.19939009      53.92266625
2012    31      0.1991452       52.952585
2013    1       0.08526886      26.6681025
2013    2       0.09842299      29.47479
2013    3       0.10475346      31.08219125
2013    4       0.09914069      30.159765
2013    5       0.14957945      40.2559725
2013    6       0.21831791      57.22855625
2013    7       0.16514896      46.0272425
2013    8       0.43268558      97.038665
2013    9       0.16071948      44.321365
2013    10      0.21153956      55.91850875
2013    11      0.18031431      48.7868775
2013    12      0.31718704      77.5487925
2013    13      0.28797315      72.996115
2013    14      0.22335474      59.0879875
2013    15      0.27085575      68.71625
2013    16      0.48598756      109.9613375
2013    17      0.37748512      91.1354075
2013    18      0.34558322      84.51283875
2013    19      0.26341601      68.1073525
2013    20      0.15905169      45.39984375
2013    21      0.15508951      44.69108375
2013    22      0.2112576       57.69520625
2013    23      0.45160674      104.33806125
2013    24      0.29569454      75.471965
2013    25      0.21549258      57.7060925
2013    26      0.12850545      37.6288
2013    27      0.12341347      36.42183125
2013    28      0.14856944      41.98720375
2013    29      0.12857576      37.45943
2013    30      0.1990859       53.8021875
2013    31      0.28098095      69.90105375
2014    1       0.1014923       30.43395125
2014    2       0.1443459       40.570685
2014    3       0.14086131      39.81234625
2014    4       0.12190282      35.64205375
2014    5       0.16678761      46.606865
2014    6       0.16030021      44.10712625
2014    7       0.21351218      56.22809125
2014    8       0.24694114      64.2507
2014    9       0.2789961       70.470975
2014    10      0.35682814      85.29324625
2014    11      0.3184216       77.6349275
2014    12      0.23742415      60.48535625
2014    13      0.25844643      64.58735375
2014    14      0.24263392      62.46055875
2014    15      0.19713586      52.34172
2014    16      0.15413654      42.86928
2014    17      0.13636211      38.4054525
2014    18      0.12456594      36.1975475
2014    19      0.10792915      32.27007125
2014    20      0.29488045      68.64545625
2014    21      0.21036256      53.2120175
2014    22      0.10061091      29.97194625
2014    23      0.08594978      26.85195
2014    24      0.14112697      40.3790075
2014    25      0.16409768      45.83229125
2014    26      0.12692976      36.97796125
2014    27      0.165093        46.1304125
2014    28      0.1270074       36.889545
2014    29      0.27437762      68.9686675
2014    30      0.33317173      80.3260575
2014    31      0.4297831       97.94286375
2015    1       0.16464426      44.2236225
2015    2       0.15199971      42.228295
2015    3       0.2663636       64.35680625
2015    4       0.39889586      88.89827625
2015    5       0.39208521      90.7905925
2015    6       0.37028211      87.97417375
2015    7       0.29217967      72.8166875
2015    8       0.30248136      74.83183625
2015    9       0.24473019      63.1842725
2015    10      0.25753785      66.12443375
2015    11      0.22383084      59.328555
2015    12      0.367608        86.20265125
2015    13      0.29231269      72.33072125
2015    14      0.21429636      55.87647375
2015    15      0.1983736       52.7203275
2015    16      0.25014303      63.81754625
2015    17      0.23071526      59.6252975
2015    18      0.15486871      43.0164
2015    19      0.13872039      39.74451
2015    20      0.1417996       40.34119375
2015    21      0.16652766      44.95694375
2015    22      0.18068942      48.80854875
2015    23      0.18698155      50.07261625
2015    24      0.13822228      39.81252375
2015    25      0.15252068      43.3831475
2015    26      0.1158324       34.67376625
2015    27      0.12348105      36.51494
2015    28      0.2001069       54.62325125
2015    29      0.21032516      55.5755
2015    30      0.20112778      53.93382375
2015    31      0.16647109      45.98870875
2016    1       0.24166259      63.4302575
2016    2       0.21476309      57.26269875
2016    3       0.21058674      56.433835
2016    4       0.17849211      49.223375
2016    5       0.12347164      35.4684825
2016    6       0.1792913       48.160815
2016    7       0.22599465      58.60263875
2016    8       0.42028479      91.73645
2016    9       0.8014428       149.7414
2016    10      0.59363719      123.28234
2016    11      0.39792564      90.73915375
2016    12      0.32793535      80.0824375
2016    13      0.1418573       40.33735125
2016    14      0.13747148      39.85664375
2016    15      0.22793279      59.70374375
2016    16      0.3413917       83.3217975
2016    17      0.262544        67.4576475
2016    18      0.18215985      49.08542875
2016    19      0.15351154      43.78211625
2016    20      0.18667585      50.8503725
2016    21      0.26140816      66.88214125
2016    22      0.2560096       65.92075875
2016    23      0.16589941      46.378925
2016    24      0.17760952      48.7583125
2016    25      0.25541362      64.40157875
2016    26      0.58768835      120.5075125
2016    27      0.17803126      48.30875625
2016    28      0.22257215      59.2478675
2016    29      0.3923884       94.00469375
2016    30      0.369238        89.47503875
2016    31      0.20514361      55.16140625
2017    1       0.22440415      58.29453
2017    2       0.23480362      60.251015
2017    3       0.17094706      46.76326875
2017    4       0.26612104      67.17976125
2017    5       0.22766872      59.611405
2017    6       0.18444972      50.24959875
2017    7       0.16113973      45.3670125
2017    8       0.14113837      40.44945625
2017    9       0.12593699      36.43330375
2017    10      0.23675138      61.63291875
2017    11      0.52307726      115.20299
2017    12      0.2420778       62.86063125
2017    13      0.16029368      44.3702675
2017    14      0.15357183      43.2057825
2017    15      0.18182849      50.307475
2017    16      0.19927709      52.68507
2017    17      0.22209058      57.57140375
2017    18      0.2942644       72.16873625
2017    19      0.19514649      51.3337475
2017    20      0.13433838      39.00617875
2017    21      0.15873412      44.7759275
2017    22      0.11030663      32.77620375
2017    23      0.19323028      51.47426875
2017    24      0.15383292      43.0212375
2017    25      0.16998184      46.54806875
2017    26      0.25334122      65.145905
2017    27      0.26392328      67.16894875
2017    28      0.1860403       51.212195
2017    29      0.20139306      55.07273875
2017    30      0.16196861      45.29396125
2017    31      0.31965781      76.4677025
2018    1       0.26432066      66.44167125
2018    2       0.38290194      88.36847875
2018    3       0.31121692      76.24069625
2018    4       0.53162805      112.7302675
2018    5       0.36821195      83.997525
2018    6       0.3027581       73.9275725
2018    7       0.33661745      81.98526125
2018    8       0.19701988      52.01998625
2018    9       0.14196766      39.87031
2018    10      0.12777199      36.71730625
2018    11      0.16153393      44.02957
2018    12      0.17676744      48.08129625
2018    13      0.16393565      45.03069625
2018    14      0.12283294      34.5850375
2018    15      0.15475376      42.686575
2018    16      0.13064982      37.84542375
2018    17      0.13709626      39.1743575
2018    18      0.17816465      48.3430575
2018    19      0.35867456      86.2775575
2018    20      0.20425661      54.54302125
2018    21      0.11719323      34.483065
2018    22      0.20500189      55.22135125
2018    23      0.28539842      72.53770375
2018    24      0.26666722      69.20593875
2018    25      0.15145074      43.3385825
2018    26      0.19113461      52.87078125
2018    27      0.13681319      39.4665125
2018    28      0.1043537       31.60541
2018    29      0.12868205      37.11593375
2018    30      0.0874212       27.53116875
2018    31      0.08748569      27.67519375
