####################################################################################################
# Month: 05May                                                                                     #
# Station: NOB                                                                                     #
# Columns are: year    day     windspeed (m/s)                                                     #
####################################################################################################
2009    1       1.7686835
2009    2       3.18941925
2009    3       3.89918412
2009    4       1.9788265
2009    5       8.61596262
2009    6       10.363268
2009    7       5.99104
2009    8       7.03142562
2009    9       6.22724062
2009    10      7.66384488
2009    11      8.61625338
2009    12      12.62884125
2009    13      8.64779325
2009    14      14.10435788
2009    15      3.86947238
2009    16      10.53173925
2009    17      19.72342038
2009    18      7.79593325
2009    19      7.27135025
2009    20      3.99236675
2009    21      14.56719325
2009    22      10.52844412
2009    23      4.18191338
2009    24      2.87024112
2009    25      6.15456412
2009    26      2.18809412
2009    27      7.98080762
2009    28      15.8703085
2009    29      7.02704275
2009    30      4.06575238
2009    31      4.4691285
