####################################################################################################
# Month: 06Jun                                                                                     #
# Station: JCMT                                                                                    #
# Columns are: year    day     RH (percent)                                                        #
####################################################################################################
9       1       0.20240725
9       2       0.13973338
9       3       0.1654225
9       4       0.11145038
9       5       0.05768625
9       6       0.070004
9       7       0.04871138
9       8       0.122014
9       9       0.386864
9       10      0.27724225
9       11      0.219692
9       12      0.20722575
9       13      0.29753662
9       14      0.71269275
9       15      0.47143925
9       16      0.2382385
9       17      0.17212925
9       18      0.14922662
9       19      0.20803
9       20      0.08554788
9       21      0.19646575
9       22      0.11850962
9       23      0.18093425
9       24      0.20835675
9       25      0.17650162
9       26      0.14386325
9       27      0.069889
9       28      0.04812088
9       29      0.07619125
9       30      0.0799425
