####################################################################################################
# Month: 06Jun                                                                                     #
# Station: JCMT                                                                                    #
# Columns are: year    day     segment         RH (percent)                                        #
####################################################################################################
9       1       0       0.203209
9       1       1       0.213067
9       1       2       0.210161
9       1       3       0.215259
9       1       4       0.214773
9       1       5       0.212968
9       1       6       0.186627
9       1       7       0.163194
9       2       0       0.150038
9       2       1       0.15195
9       2       2       0.145476
9       2       3       0.144976
9       2       4       0.129964
9       2       5       0.117798
9       2       6       0.126999
9       2       7       0.150666
9       3       0       0.150846
9       3       1       0.15681
9       3       2       0.181434
9       3       3       0.206079
9       3       4       0.193224
9       3       5       0.157141
9       3       6       0.133801
9       3       7       0.144045
9       4       0       0.16506
9       4       1       0.188814
9       4       2       0.138649
9       4       3       0.103753
9       4       4       0.096442
9       4       5       0.075486
9       4       6       0.063669
9       4       7       0.05973
9       5       0       0.062113
9       5       1       0.061583
9       5       2       0.052751
9       5       3       0.054029
9       5       4       0.062054
9       5       5       0.048006
9       5       6       0.04266
9       5       7       0.078294
9       6       0       0.08977
9       6       1       0.064547
9       6       2       0.065906
9       6       3       0.058992
9       6       4       0.0738
9       6       5       0.077972
9       6       6       0.068339
9       6       7       0.060706
9       7       0       0.050816
9       7       1       0.045472
9       7       2       0.050507
9       7       3       0.050564
9       7       4       0.050217
9       7       5       0.053104
9       7       6       0.041711
9       7       7       0.0473
9       8       0       0.051968
9       8       1       0.057018
9       8       2       0.061837
9       8       3       0.0866
9       8       4       0.117452
9       8       5       0.164113
9       8       6       0.204876
9       8       7       0.232248
9       9       0       0.295098
9       9       1       0.438515
9       9       2       0.51976
9       9       3       0.442358
9       9       4       0.344188
9       9       5       0.339128
9       9       6       0.36319
9       9       7       0.352675
9       10      0       0.296386
9       10      1       0.303472
9       10      2       0.297422
9       10      3       0.279215
9       10      4       0.281339
9       10      5       0.276775
9       10      6       0.244458
9       10      7       0.238871
9       11      0       0.23149
9       11      1       0.227931
9       11      2       0.223413
9       11      3       0.251331
9       11      4       0.247925
9       11      5       0.218822
9       11      6       0.188412
9       11      7       0.168212
9       12      0       0.176583
9       12      1       0.236286
9       12      2       0.239413
9       12      3       0.210362
9       12      4       0.171922
9       12      5       0.170802
9       12      6       0.219771
9       12      7       0.232667
9       13      0       0.274455
9       13      1       0.314243
9       13      2       0.271861
9       13      3       0.170554
9       13      4       0.180064
9       13      5       0.263973
9       13      6       0.4033
9       13      7       0.501843
9       14      0       0.484939
9       14      1       0.517105
9       14      2       0.645204
9       14      3       0.750793
9       14      4       0.803982
9       14      5       0.850369
9       14      6       0.848055
9       14      7       0.801095
9       15      0       0.67543
9       15      1       0.563473
9       15      2       0.516092
9       15      3       0.459705
9       15      4       0.394714
9       15      5       0.377516
9       15      6       0.394356
9       15      7       0.390228
9       16      0       0.383677
9       16      1       0.392825
9       16      2       0.354422
9       16      3       0.196256
9       16      4       0.138042
9       16      5       0.133262
9       16      6       0.149291
9       16      7       0.158133
9       17      0       0.156492
9       17      1       0.164773
9       17      2       0.20341
9       17      3       0.229471
9       17      4       0.179242
9       17      5       0.142611
9       17      6       0.144459
9       17      7       0.156576
9       18      0       0.179125
9       18      1       0.176137
9       18      2       0.178539
9       18      3       0.15822
9       18      4       0.166944
9       18      5       0.129528
9       18      6       0.076068
9       18      7       0.129252
9       19      0       0.178156
9       19      1       0.222859
9       19      2       0.306534
9       19      3       0.320652
9       19      4       0.248309
9       19      5       0.147887
9       19      6       0.12481
9       19      7       0.115033
9       20      0       0.03197
9       20      1       0.035806
9       20      2       0.046602
9       20      3       0.056837
9       20      4       0.062198
9       20      5       0.092571
9       20      6       0.170113
9       20      7       0.188286
9       21      0       0.188919
9       21      1       0.189796
9       21      2       0.241158
9       21      3       0.272954
9       21      4       0.222869
9       21      5       0.160789
9       21      6       0.149301
9       21      7       0.14594
9       22      0       0.120691
9       22      1       0.130643
9       22      2       0.143031
9       22      3       0.14176
9       22      4       0.117127
9       22      5       0.093008
9       22      6       0.091129
9       22      7       0.110688
9       23      0       0.121383
9       23      1       0.140959
9       23      2       0.175326
9       23      3       0.178732
9       23      4       0.183003
9       23      5       0.224375
9       23      6       0.203222
9       23      7       0.220474
9       24      0       0.257522
9       24      1       0.195839
9       24      2       0.208992
9       24      3       0.228638
9       24      4       0.224898
9       24      5       0.20147
9       24      6       0.178875
9       24      7       0.17062
9       25      0       0.166267
9       25      1       0.164066
9       25      2       0.161061
9       25      3       0.207852
9       25      4       0.170522
9       25      5       0.17082
9       25      6       0.176457
9       25      7       0.194968
9       26      0       0.189089
9       26      1       0.197067
9       26      2       0.199912
9       26      3       0.171071
9       26      4       0.126116
9       26      5       0.092008
9       26      6       0.087224
9       26      7       0.088419
9       27      0       0.090662
9       27      1       0.089515
9       27      2       0.079689
9       27      3       0.074966
9       27      4       0.064378
9       27      5       0.056824
9       27      6       0.053942
9       27      7       0.049136
9       28      0       0.04508
9       28      1       0.042958
9       28      2       0.047214
9       28      3       0.049342
9       28      4       0.045509
9       28      5       0.044967
9       28      6       0.051145
9       28      7       0.058752
9       29      0       0.061035
9       29      1       0.064832
9       29      2       0.073839
9       29      3       0.083912
9       29      4       0.086205
9       29      5       0.080536
9       29      6       0.076378
9       29      7       0.082793
9       30      0       0.077494
9       30      1       0.066986
9       30      2       0.065941
9       30      3       0.054716
9       30      4       0.057156
9       30      5       0.0884
9       30      6       0.110277
9       30      7       0.11857
