####################################################################################################
# Month: 04Apr                                                                                     #
# Station: LEN                                                                                     #
# Frequency: 345 GHz                                                                               #
# Columns are: year    day     tau     Tb (K)                                                      #
####################################################################################################
2009    1       0.93993736      165.476
2009    2       0.94871141      165.649325
2009    3       0.81704018      149.94085
2009    4       0.4591139       99.31212125
2009    5       0.93411015      163.1228625
2009    6       1.147017        186.473825
2009    7       0.79960164      150.2946375
2009    8       0.63083239      129.4429825
2009    9       0.76358936      145.893525
2009    10      0.75416529      148.301
2009    11      0.87616755      162.297575
2009    12      0.4941836       108.19583625
2009    13      0.56248166      118.2008775
2009    14      0.57268633      120.6894125
2009    15      0.44618276      101.1047625
2009    16      0.36475932      86.92282625
2009    17      0.3771837       87.99310625
2009    18      0.47612716      95.97264375
2009    19      0.94299228      164.51485
2009    20      0.62374852      127.78035
2009    21      1.02155539      171.95435
2009    22      0.45662561      98.9032575
2009    23      0.30482978      73.67128875
2009    24      0.2890033       71.35084625
2009    25      0.3510908       81.9653875
2009    26      0.34971351      84.07541625
2009    27      0.10450665      31.799875
2009    28      0.14993394      42.17902625
2009    29      0.34966501      82.7003625
2009    30      0.649644        131.44755
2010    1       0.39568902      90.48491125
2010    2       0.24232678      61.8741075
2010    3       0.31867352      75.8688525
2010    4       0.29646924      73.1664825
2010    5       0.23631044      61.98081
2010    6       0.48772734      104.52633375
2010    7       0.65198043      131.1200375
2010    8       0.41760984      93.6196125
2010    9       0.23565414      60.74453
2010    10      0.38442122      89.21474125
2010    11      0.28428446      70.73047375
2010    12      0.25094998      63.47713375
2010    13      0.1877256       49.895895
2010    14      0.23254672      58.83182375
2010    15      0.4161491       95.04148125
2010    16      0.70842092      135.1531
2010    17      0.54393932      113.05805375
2010    18      0.55985367      115.4955625
2010    19      0.46361851      100.025305
2010    20      0.22550621      57.2235875
2010    21      0.25918961      63.8808225
2010    22      0.21864452      56.41286125
2010    23      0.22013409      56.36902
2010    24      0.29751786      71.76494625
2010    25      0.32358976      76.98433125
2010    26      0.38747852      81.97240125
2010    27      0.49712692      103.95501375
2010    28      0.38039934      86.26482
2010    29      0.28289781      69.7831875
2010    30      0.37300235      85.62307125
2011    1       0.42795256      96.09927375
2011    2       0.35739909      83.8720125
2011    3       0.6142836       122.6342
2011    4       0.88081346      157.6051125
2011    5       0.82496071      154.376325
2011    6       0.74037311      143.3543
2011    7       0.86065661      154.82655
2011    8       0.46495442      103.670135
2011    9       0.60661558      124.3947425
2011    10      1.55512888      212.1337
2011    11      0.38044631      85.01948875
2011    12      0.54780654      110.45972125
2011    13      1.13293301      178.5508375
2011    14      1.05983278      174.3573625
2011    15      0.65068184      128.1110375
2011    16      0.3794144       85.61965375
2011    17      0.36666758      83.291525
2011    18      0.38828965      90.490375
2011    19      0.35489986      83.50716625
2011    20      0.59341984      120.20495
2011    21      0.50069111      108.2326125
2011    22      0.7535336       141.3674625
2011    23      0.32171604      76.774085
2011    24      0.35884369      84.46699
2011    25      0.40636536      94.25433375
2011    26      0.27937441      69.64686875
2011    27      0.33550674      79.99709625
2011    28      0.93053596      159.7300125
2011    29      0.70439287      135.126575
2011    30      0.64081241      127.8973125
2012    1       0.60857863      122.8864475
2012    2       1.15506932      181.7845625
2012    3       0.47582121      106.0078325
2012    4       0.48033468      104.0958725
2012    5       0.56504961      112.621375
2012    6       0.75285814      145.01225
2012    7       0.29560365      70.68620125
2012    8       1.62869312      214.269425
2012    9       1.31871238      195.19755
2012    10      0.73213385      137.6661125
2012    11      0.90760932      162.3423875
2012    12      0.9104588       159.1350375
2012    13      0.86728826      154.72495
2012    14      0.51004045      107.09266125
2012    15      0.44402942      97.651545
2012    16      0.38397619      88.10970125
2012    17      0.4496397       96.35285875
2012    18      0.51523181      110.6154625
2012    19      0.29592551      72.83558125
2012    20      0.27804949      68.799305
2012    21      0.34781045      82.62160875
2012    22      0.39557666      90.9066875
2012    23      0.40163129      91.5831775
2012    24      0.45272904      99.40740625
2012    25      0.55466866      114.35603125
2012    26      0.79159875      142.8451125
2012    27      0.9265067       158.538125
2012    28      0.64952286      124.7953125
2012    29      0.49727124      104.9714775
2012    30      0.29780012      71.70099
2013    1       0.88824268      154.1577625
2013    2       0.70098056      127.5241225
2013    3       0.97415424      162.931025
2013    4       0.54346665      111.5957675
2013    5       0.45378372      95.7314125
2013    6       0.53784356      112.65896
2013    7       0.57404659      119.286575
2013    8       0.27567696      67.30189125
2013    9       0.65538475      128.6635625
2013    10      0.69951876      136.01785
2013    11      0.53136304      108.92864875
2013    12      0.27859689      67.57753625
2013    13      0.82944202      146.3897475
2013    14      0.55292197      117.0576375
2013    15      0.46880075      104.7523525
2013    16      0.20208003      54.39395875
2013    17      0.23422238      60.54146
2013    18      0.19613011      52.53487625
2013    19      0.34885115      82.4086975
2013    20      0.46612765      103.6292775
2013    21      0.40985792      93.57069625
2013    22      0.33328256      79.736925
2013    23      0.34549956      81.41623125
2013    24      0.40450951      92.06387875
2013    25      0.54290398      110.58193875
2013    26      1.68788744      211.352025
2013    27      0.8404304       148.197525
2013    28      0.75298935      141.8966875
2013    29      0.69653415      133.6662625
2013    30      0.51743112      111.1551775
2014    1       0.65550915      129.3856
2014    2       0.63596264      126.1701875
2014    3       0.26253574      65.71713625
2014    4       0.32602905      76.9865675
2014    5       0.60924082      124.6132125
2014    6       1.26628799      192.6646375
2014    7       0.98918776      163.7205
2014    8       0.61630188      123.922925
2014    9       0.67873011      132.64725
2014    10      0.43325851      92.89962625
2014    11      0.54750339      109.1259925
2014    12      0.25509975      62.42015
2014    13      0.45975204      100.8303625
2014    14      0.5786077       118.40893
2014    15      0.52429695      114.5352375
2014    16      0.43836011      97.8581975
2014    17      0.34781219      80.20549875
2014    18      0.5012292       102.26778125
2014    19      0.43188564      95.66093875
2014    20      0.57106859      116.403885
2014    21      0.31650704      75.73706
2014    22      0.34513481      80.7412575
2014    23      0.45124625      99.32653
2014    24      0.44528475      98.86845875
2014    25      0.46154052      101.647045
2014    26      0.45983694      101.6822075
2014    27      0.41423692      92.978475
2014    28      0.32637176      76.36497375
2014    29      0.31316248      73.8343475
2014    30      0.53025368      107.87447875
2015    1       0.43737659      98.75652375
2015    2       0.74623496      145.167925
2015    3       0.54908246      115.9261325
2015    4       0.50619781      108.6084775
2015    5       0.55355916      115.81603125
2015    6       0.5257031       111.46915125
2015    7       0.6916714       134.06435
2015    8       0.58199094      119.3639625
2015    9       0.43502031      97.1484775
2015    10      0.53982508      115.8870625
2015    11      0.32864113      79.160035
2015    12      0.2924247       72.19325625
2015    13      0.32626319      78.443425
2015    14      0.56538586      116.1366125
2015    15      0.64236579      127.3433625
2015    16      0.57688162      117.04121875
2015    17      0.57295054      111.7136875
2015    18      0.67986454      133.8069625
2015    19      0.8549948       151.728925
2015    20      0.82361215      150.3740625
2015    21      0.48639723      104.66240625
2015    22      0.58558932      121.4110125
2015    23      0.29018005      72.20003
2015    24      0.23176668      60.64154
2015    25      0.19184272      52.43735875
2015    26      0.50208742      106.91915375
2015    27      0.48878508      106.99701375
2015    28      0.62645642      123.20595
2015    29      0.79452068      148.9868
2015    30      0.60546334      124.4289125
2016    1       0.97400008      166.5245875
2016    2       0.94963949      161.958825
2016    3       0.70906234      134.7608125
2016    4       0.35346935      81.697995
2016    5       0.65501198      122.7431575
2016    6       0.79608366      146.6010875
2016    7       0.63837578      126.944325
2016    8       0.62694181      123.2926225
2016    9       0.3482559       80.3042725
2016    10      0.17802982      47.233805
2016    11      0.35286629      80.220385
2016    12      0.82643225      149.0797375
2016    13      0.70352001      132.728515
2016    14      1.22759403      188.0958625
2016    15      1.49229825      207.1159
2016    16      1.53548325      208.9272
2016    17      1.65956012      215.200575
2016    18      1.23473015      187.3550875
2016    19      0.32207159      76.57798625
2016    20      0.84803176      153.7203125
2016    21      0.7451799       136.8780725
2016    22      0.98584791      168.085
2016    23      1.1678945       182.944075
2016    24      0.81476436      147.1044875
2016    25      0.5508993       110.88659625
2016    26      0.31737061      76.153805
2016    27      0.25771975      63.24853
2016    28      0.94982946      160.310825
2016    29      0.7472892       139.62935
2016    30      0.847311        150.2951
2017    1       0.83178482      151.5255625
2017    2       0.39754         90.71379125
2017    3       0.48590748      105.28376375
2017    4       0.75444689      137.86479375
2017    5       0.54752565      113.358115
2017    6       0.52566115      111.02226125
2017    7       0.80406         147.6792
2017    8       0.35783108      81.01801875
2017    9       0.70621489      135.00755
2017    10      0.40384876      91.31743375
2017    11      0.46203121      102.93648625
2017    12      0.41489216      94.791085
2017    13      0.47015125      104.12718375
2017    14      0.39962632      91.4532075
2017    15      0.60031224      119.80821875
2017    16      1.01120646      170.2489625
2017    17      1.4306065       202.82305
2017    18      1.43795938      203.9703875
2017    19      1.28938963      192.4853875
2017    20      1.70104812      219.5840875
2017    21      0.69872176      129.22607875
2017    22      0.70474102      129.5031375
2017    23      0.69530202      129.93743375
2017    24      0.6981195       133.235325
2017    25      0.43630971      95.066185
2017    26      0.351808        81.530315
2017    27      0.62445296      125.22720125
2017    28      0.49948285      108.87663625
2017    29      0.29634099      73.377715
2017    30      0.26670766      67.387505
2018    1       1.49692188      209.8554
2018    2       1.20947688      190.8067875
2018    3       0.57629698      116.6483725
2018    4       0.87050681      157.530975
2018    5       0.64517821      125.0875475
2018    6       1.16629969      182.571825
2018    7       0.80602035      147.327025
2018    8       0.55262736      115.78333625
2018    9       0.48670118      105.9693225
2018    10      0.58348266      118.85936875
2018    11      1.07261784      176.1247875
2018    12      0.26946131      66.52645625
2018    13      0.20907548      55.99525
2018    14      0.14644709      42.30671625
2018    15      0.17590789      48.23879625
2018    16      0.82553595      144.72245625
2018    17      0.57285701      115.43553875
2018    18      0.36639745      85.25019
2018    19      0.61897269      122.60143625
2018    20      0.60400795      124.39415
2018    21      0.40909498      93.02359875
2018    22      0.37590202      86.93508625
2018    23      0.42090481      95.1468375
2018    24      0.40344136      91.87084
2018    25      0.35035955      83.14476
2018    26      0.28334438      70.34845625
2018    27      0.4465505       98.12473875
2018    28      0.4956279       106.6888625
2018    29      0.5030207       108.37625625
2018    30      0.38978875      89.74281875
