####################################################################################################
# Month: 01Jan                                                                                     #
# Station: IRAM                                                                                    #
# Columns are: year    day     RH (percent)                                                        #
####################################################################################################
9       1       0.66501513
9       2       0.8959985
9       3       0.7720415
9       4       0.79042988
9       5       0.45988562
9       6       0.44428938
9       7       0.35258812
9       8       0.75204388
9       9       0.43664888
9       10      0.46341662
9       11      0.6295305
9       12      0.1673455
9       13      0.39109238
9       14      0.1236935
9       15      0.35306575
9       16      0.75361625
9       17      0.32036075
9       18      0.3082325
9       19      0.38758212
9       20      0.42096287
9       21      0.2598085
9       22      0.73235575
9       23      0.31203012
9       24      0.06752062
9       25      0.3995475
9       26      0.53610525
9       27      0.36223412
9       28      0.367316
9       29      0.34812125
9       30      0.25741037
9       31      0.63430688
