####################################################################################################
# Month: 01Jan                                                                                     #
# Station: YAN                                                                                     #
# Columns are: year    day     RH (percent)                                                        #
####################################################################################################
9       1       0.72510888
9       2       0.74469088
9       3       0.87530675
9       4       0.86120075
9       5       0.73226225
9       6       0.47212238
9       7       0.47188838
9       8       0.86335288
9       9       0.88346675
9       10      0.8334565
9       11      0.901401
9       12      0.81339312
9       13      0.8386265
9       14      0.72212825
9       15      0.82348412
9       16      0.77193075
9       17      0.59506838
9       18      0.89790388
9       19      0.93337
9       20      0.8600685
9       21      0.77291762
9       22      0.31511588
9       23      0.743538
9       24      0.7024475
9       25      0.66354388
9       26      0.79857762
9       27      0.9198345
9       28      0.90382125
9       29      0.8496485
9       30      0.79845075
9       31      0.86704462
