####################################################################################################
# Month: 05May                                                                                     #
# Station: FLWO                                                                                    #
# Columns are: year    day     RH (percent)                                                        #
####################################################################################################
9       1       0.1106255
9       2       0.46325625
9       3       0.50243825
9       4       0.268942
9       5       0.36169175
9       6       0.1949895
9       7       0.1884955
9       8       0.132987
9       9       0.15205838
9       10      0.14073212
9       11      0.1217
9       12      0.18510762
9       13      0.13177775
9       14      0.20537388
9       15      0.29782188
9       16      0.21332312
9       17      0.25678812
9       18      0.45562275
9       19      0.55496325
9       20      0.89622875
9       21      0.94537812
9       22      0.84736012
9       23      0.64888675
9       24      0.490785
9       25      0.44822225
9       26      0.41651562
9       27      0.41816262
9       28      0.508975
9       29      0.391671
9       30      0.33412462
9       31      0.19519962
