####################################################################################################
# Month: 09Sep                                                                                     #
# Station: DomeC                                                                                   #
# Frequency: 230 GHz                                                                               #
# Columns are: year    day     tau     Tb (K)                                                      #
####################################################################################################
2009    1       0.02666121      10.3779925
2009    2       0.02756385      10.57242
2009    3       0.0349234       12.37068375
2009    4       0.05167814      16.394975
2009    5       0.03135215      11.54728875
2009    6       0.02550594      10.11354688
2009    7       0.02594926      10.238145
2009    8       0.03737796      12.98813625
2009    9       0.03472981      12.3595875
2009    10      0.03329669      12.0116475
2009    11      0.0289551       10.94421875
2009    12      0.0576385       17.8260925
2009    13      0.06040068      18.5155475
2009    14      0.0484423       15.69690875
2009    15      0.041287        14.00784625
2009    16      0.03421095      12.3410325
2009    17      0.03129278      11.62686375
2009    18      0.0342346       12.27985625
2009    19      0.03120128      11.51953125
2009    20      0.0322556       11.75975875
2009    21      0.03151758      11.567915
2009    22      0.02790141      10.7279375
2009    23      0.02909465      11.0175425
2009    24      0.0304044       11.2954125
2009    25      0.0302242       11.270175
2009    26      0.02989314      11.18318625
2009    27      0.02800177      10.769985
2009    28      0.03051081      11.3418225
2009    29      0.03001099      11.22512875
2009    30      0.02887458      10.92695625
2010    1       0.02822479      10.83516625
2010    2       0.03072007      11.3653675
2010    3       0.02850222      10.83109375
2010    4       0.02655124      10.3916775
2010    5       0.02717207      10.54335875
2010    6       0.02820887      10.77704
2010    7       0.02824358      10.74903125
2010    8       0.02951047      11.0227475
2010    9       0.02682874      10.3830555
2010    10      0.02533454      10.02127975
2010    11      0.03333776      11.9726175
2010    12      0.03359886      12.04233125
2010    13      0.02824063      10.74712125
2010    14      0.02553537      10.11332888
2010    15      0.02606256      10.29503
2010    16      0.03998091      13.7066125
2010    17      0.0335274       12.1756275
2010    18      0.02934926      11.0747175
2010    19      0.03192684      11.64132375
2010    20      0.03368656      12.057315
2010    21      0.0327869       11.82663375
2010    22      0.03332826      11.965385
2010    23      0.02955924      11.08208875
2010    24      0.02804022      10.77826
2010    25      0.02979711      11.2173175
2010    26      0.03231644      11.77662875
2010    27      0.02995826      11.19343875
2010    28      0.02935291      11.0227325
2010    29      0.03185228      11.6967125
2010    30      0.03368572      12.226475
2011    1       0.03692378      12.852975
2011    2       0.02941734      11.062345
2011    3       0.03170246      11.65083375
2011    4       0.03924164      13.43433
2011    5       0.0435465       14.4679
2011    6       0.03577535      12.66891125
2011    7       0.03004564      11.2919725
2011    8       0.02861008      10.9380575
2011    9       0.02883802      10.96023625
2011    10      0.03604936      12.64361625
2011    11      0.03670778      12.77766375
2011    12      0.03470661      12.31765
2011    13      0.03102122      11.4726575
2011    14      0.03774634      13.11526
2011    15      0.03885688      13.3464825
2011    16      0.03677655      12.8328325
2011    17      0.03434242      12.2476725
2011    18      0.03350316      12.03349375
2011    19      0.03316317      11.94757
2011    20      0.03407366      12.18235125
2011    21      0.03389521      12.1424675
2011    22      0.03388169      12.17625
2011    23      0.02920012      11.03906625
2011    24      0.02907037      10.95204125
2011    25      0.02698421      10.447663
2011    26      0.04022128      13.69351125
2011    27      0.0423871       14.27542375
2011    28      0.03249116      11.922075
2011    29      0.04053118      13.8488175
2011    30      0.04018702      13.713355
2012    1       0.03186212      11.6826625
2012    2       0.03130508      11.55251375
2012    3       0.03099109      11.46633625
2012    4       0.0264163       10.36517525
2012    5       0.0251217       10.0515335
2012    6       0.02784928      10.69096
2012    7       0.02980471      11.15488
2012    8       0.03001453      11.1564625
2012    9       0.03275648      11.820835
2012    10      0.03008516      11.17071
2012    11      0.03091941      11.35393375
2012    12      0.02834688      10.72593625
2012    13      0.02697058      10.41118375
2012    14      0.02687091      10.391055
2012    15      0.02847436      10.77843375
2012    16      0.02973835      11.0681575
2012    17      0.03119722      11.440935
2012    18      0.02707191      10.45956512
2012    19      0.02539662      10.10819575
2012    20      0.02688232      10.45679387
2012    21      0.0334794       12.07798125
2012    22      0.04153015      13.97673
2012    23      0.03659375      12.81649625
2012    24      0.03421898      12.26412
2012    25      0.03325838      11.996405
2012    26      0.02794565      10.74595625
2012    27      0.02544919      10.13730737
2012    28      0.02815672      10.82009125
2012    29      0.03258253      11.88243375
2012    30      0.03124983      11.53637625
2013    1       0.04921352      15.8475175
2013    2       0.05004398      16.1141
2013    3       0.04138217      13.97870625
2013    4       0.04007728      13.7240725
2013    5       0.04332678      14.42472875
2013    6       0.0332523       12.01626125
2013    7       0.03752735      13.0286075
2013    8       0.03296555      11.99724875
2013    9       0.04273923      14.49687875
2013    10      0.03019442      11.321315
2013    11      0.02926777      11.10614625
2013    12      0.02848911      10.9839525
2013    13      0.04208288      14.27565125
2013    14      0.04516016      14.88511125
2013    15      0.0372061       12.98363625
2013    16      0.03625756      12.7778825
2013    17      0.04324674      14.4560325
2013    18      0.03209119      11.83453625
2013    19      0.03000263      11.35414125
2013    20      0.03193899      11.851945
2013    21      0.03527723      12.6696225
2013    22      0.03548308      12.65690625
2013    23      0.03451014      12.41316625
2013    24      0.03313113      12.08167
2013    25      0.03314455      12.129995
2013    26      0.03197347      11.93896375
2013    27      0.04036109      13.895625
2013    28      0.0508676       16.46310125
2013    29      0.04190559      14.27041125
2013    30      0.04252261      14.30207125
2014    1       0.02993647      11.09214375
2014    2       0.02837527      10.7461225
2014    3       0.02784261      10.6409025
2014    4       0.02956503      11.073755
2014    5       0.0271326       10.4424
2014    6       0.0293527       10.98522625
2014    7       0.02950907      11.062725
2014    8       0.02919313      10.9843325
2014    9       0.03122344      11.46627
2014    10      0.03032299      11.28207125
2014    11      0.03174819      11.6890725
2014    12      0.03570568      12.66659
2014    13      0.0399002       13.63043
2014    14      0.03480259      12.44308125
2014    15      0.03205549      11.77879125
2014    16      0.03185385      11.7255475
2014    17      0.03134562      11.629195
2014    18      0.03029023      11.37375875
2014    19      0.0324435       11.981065
2014    20      0.03289183      11.997585
2014    21      0.03294578      11.95384
2014    22      0.03660232      12.7806775
2014    23      0.03729003      12.95700625
2014    24      0.0391243       13.3915675
2014    25      0.03528542      12.47378
2014    26      0.03218038      11.7474925
2014    27      0.03019278      11.2808025
2014    28      0.0305381       11.36133125
2014    29      0.03775542      13.10366625
2014    30      0.04301252      14.3673275
2015    1       0.04147243      14.0074225
2015    2       0.03698374      12.83538375
2015    3       0.03252572      11.76473625
2015    4       0.02694153      10.45419875
2015    5       0.03992895      13.59529625
2015    6       0.05297546      16.724525
2015    7       0.02999846      11.1880825
2015    8       0.0249863       9.96179862
2015    9       0.02914488      10.93292375
2015    10      0.02650355      10.26577
2015    11      0.02549224      10.01119587
2015    12      0.02565307      10.09061088
2015    13      0.02534197      10.03164112
2015    14      0.02251146      9.322992
2015    15      0.02386922      9.60747013
2015    16      0.02371618      9.55226413
2015    17      0.02418145      9.64640463
2015    18      0.02598581      10.074525
2015    19      0.02470812      9.81227362
2015    20      0.02339416      9.48559675
2015    21      0.02481886      9.82357487
2015    22      0.02699139      10.38808375
2015    23      0.02692152      10.38122625
2015    24      0.02534094      10.01549075
2015    25      0.02642946      10.31808
2015    26      0.02684226      10.38718875
2015    27      0.02529455      10.01363725
2015    28      0.02738391      10.52932875
2015    29      0.03206594      11.66171375
2015    30      0.03216579      11.6973025
2016    1       0.02502849      9.9736995
2016    2       0.02923161      10.9948525
2016    3       0.02662875      10.37742875
2016    4       0.02870435      10.8565925
2016    5       0.03205252      11.64530375
2016    6       0.03004177      11.17078125
2016    7       0.03201118      11.7073725
2016    8       0.0373661       13.03165
2016    9       0.03227714      11.7904925
2016    10      0.02453599      9.87698237
2016    11      0.02226985      9.28462187
2016    12      0.02681668      10.35950125
2016    13      0.02626104      10.23753875
2016    14      0.03094492      11.36769125
2016    15      0.03514788      12.4022775
2016    16      0.03511966      12.419295
2016    17      0.03259482      11.87147125
2016    18      0.03163585      11.650685
2016    19      0.03086216      11.44196875
2016    20      0.03185472      11.651995
2016    21      0.0284585       10.81805
2016    22      0.0306756       11.358045
2016    23      0.02603381      10.312565
2016    24      0.03244422      11.8751875
2016    25      0.03404192      12.2565875
2016    26      0.03044869      11.3859425
2016    27      0.0302422       11.308505
2016    28      0.03074735      11.41206875
2016    29      0.03786578      13.111815
2016    30      0.03453986      12.32488
2017    1       0.02642301      10.245345
2017    2       0.02692357      10.40257875
2017    3       0.02799628      10.68025
2017    4       0.0357952       12.60377
2017    5       0.02983787      11.12792375
2017    6       0.03665209      12.79939125
2017    7       0.04074818      13.74851375
2017    8       0.03248473      11.81935625
2017    9       0.02884119      11.0097875
2017    10      0.0330526       12.0331425
2017    11      0.03008162      11.2968275
2017    12      0.02624019      10.362317
2017    13      0.02935217      11.11784
2017    14      0.03396227      12.1817075
2017    15      0.033419        12.01823
2017    16      0.03175615      11.5940425
2017    17      0.03172896      11.6180225
2017    18      0.03970759      13.532445
2017    19      0.03620414      12.75964
2017    20      0.02930283      11.1406625
2017    21      0.03017916      11.33598
2017    22      0.03098656      11.5277225
2017    23      0.02962104      11.1197175
2017    24      0.02636696      10.32288025
2017    25      0.02799315      10.67132625
2017    26      0.02590054      10.10394925
2017    27      0.0263892       10.223075
2017    28      0.02696659      10.3909625
2017    29      0.02664198      10.2963725
2017    30      0.02708838      10.40991375
2018    1       0.02682474      10.32637925
2018    2       0.02656001      10.2572675
2018    3       0.02576565      10.04490488
2018    4       0.02753635      10.5177825
2018    5       0.02700187      10.39532
2018    6       0.0287888       10.831305
2018    7       0.02670798      10.34597375
2018    8       0.03232565      11.73582125
2018    9       0.0424548       14.2039275
2018    10      0.04364078      14.5123925
2018    11      0.03555725      12.50569875
2018    12      0.03407288      12.1630375
2018    13      0.02976102      11.1598975
2018    14      0.03035626      11.26429875
2018    15      0.03115492      11.42083375
2018    16      0.02629282      10.26843888
2018    17      0.02553795      10.05753962
2018    18      0.02613604      10.245847
2018    19      0.02684946      10.4471175
2018    20      0.02769706      10.619147
2018    21      0.02721522      10.49371
2018    22      0.02537576      10.04123388
2018    23      0.0268015       10.39852438
2018    24      0.02822325      10.82559125
2018    25      0.02917353      11.0951275
2018    26      0.02888552      10.9838875
2018    27      0.02901335      10.94106375
2018    28      0.02967037      11.1016425
2018    29      0.03177468      11.6136475
2018    30      0.03401526      12.14186375
