####################################################################################################
# Month: 02Feb                                                                                     #
# Station: SAS                                                                                     #
# Columns are: year    day     RH (percent)                                                        #
####################################################################################################
9       1       0.58065825
9       2       0.71333888
9       3       0.82579225
9       4       0.8261945
9       5       0.74494688
9       6       0.76753088
9       7       0.83918725
9       8       0.89219875
9       9       0.91502675
9       10      0.88865612
9       11      0.89155962
9       12      0.88099925
9       13      0.84174663
9       14      0.753058
9       15      0.4660395
9       16      0.23736687
9       17      0.7594795
9       18      0.89555762
9       19      0.88813112
9       20      0.91370962
9       21      0.73134062
9       22      0.82527038
9       23      0.8654685
9       24      0.93157262
9       25      0.892922
9       26      0.93110038
9       27      0.88834738
9       28      0.92400738
