####################################################################################################
# Month: 02Feb                                                                                     #
# Station: SAS                                                                                     #
# Columns are: year    day     windspeed (m/s)                                                     #
####################################################################################################
2009    1       4.91568575
2009    2       2.53086
2009    3       2.91348638
2009    4       5.806543
2009    5       3.21406375
2009    6       2.76859162
2009    7       5.1645295
2009    8       4.38910713
2009    9       2.771711
2009    10      3.256664
2009    11      5.63439225
2009    12      6.938104
2009    13      3.53708925
2009    14      2.69319
2009    15      4.07823538
2009    16      4.50020862
2009    17      6.70377438
2009    18      4.51639088
2009    19      4.42567088
2009    20      7.033728
2009    21      5.61691412
2009    22      3.87266788
2009    23      3.720705
2009    24      3.56938562
2009    25      5.42925725
2009    26      6.30098475
2009    27      5.43086362
2009    28      7.10668925
