####################################################################################################
# Month: 05May                                                                                     #
# Station: WF                                                                                      #
# Columns are: year    day     segment         RH (percent)                                        #
####################################################################################################
9       1       0       0.206007
9       1       1       0.827747
9       1       2       0.964798
9       1       3       0.966622
9       1       4       1.050956
9       1       5       0.938407
9       1       6       0.903662
9       1       7       0.870144
9       2       0       0.867313
9       2       1       0.862374
9       2       2       0.908791
9       2       3       0.842114
9       2       4       0.704012
9       2       5       0.64105
9       2       6       0.540632
9       2       7       0.512815
9       3       0       -1.718045
9       3       1       0.380564
9       3       2       0.413709
9       3       3       0.38103
9       3       4       0.377912
9       3       5       0.383589
9       3       6       0.518348
9       3       7       0.747214
9       4       0       0.842045
9       4       1       0.887815
9       4       2       0.722736
9       4       3       0.502882
9       4       4       0.407455
9       4       5       0.365055
9       4       6       0.450489
9       4       7       0.472573
9       5       0       0.480293
9       5       1       0.513718
9       5       2       0.754896
9       5       3       0.822599
9       5       4       0.683371
9       5       5       0.831596
9       5       6       0.996682
9       5       7       0.992553
9       6       0       0.999213
9       6       1       0.998529
9       6       2       0.996273
9       6       3       0.972397
9       6       4       0.958231
9       6       5       0.966519
9       6       6       0.854443
9       6       7       0.8193
9       7       0       0.78552
9       7       1       0.803154
9       7       2       0.861997
9       7       3       0.953341
9       7       4       0.985074
9       7       5       0.983437
9       7       6       0.94082
9       7       7       0.940009
9       8       0       0.888729
9       8       1       0.803315
9       8       2       0.787177
9       8       3       0.737971
9       8       4       0.732618
9       8       5       0.789551
9       8       6       0.718955
9       8       7       0.669148
9       9       0       0.625634
9       9       1       0.625727
9       9       2       0.628518
9       9       3       0.606527
9       9       4       0.746859
9       9       5       0.895173
9       9       6       0.890286
9       9       7       0.854204
9       10      0       0.866873
9       10      1       0.77707
9       10      2       0.752202
9       10      3       0.897683
9       10      4       0.869012
9       10      5       0.733773
9       10      6       0.615059
9       10      7       0.570438
9       11      0       0.635166
9       11      1       0.727765
9       11      2       0.786227
9       11      3       0.858601
9       11      4       0.790604
9       11      5       0.748161
9       11      6       0.637048
9       11      7       0.563546
9       12      0       0.558444
9       12      1       0.558873
9       12      2       0.536017
9       12      3       0.500582
9       12      4       0.491288
9       12      5       0.510072
9       12      6       0.426239
9       12      7       0.461525
9       13      0       0.484142
9       13      1       0.472366
9       13      2       0.486521
9       13      3       0.488995
9       13      4       0.447902
9       13      5       0.507963
9       13      6       0.483104
9       13      7       0.510947
9       14      0       0.530272
9       14      1       0.270172
9       14      2       0.290061
9       14      3       0.298838
9       14      4       0.417499
9       14      5       0.726024
9       14      6       0.854956
9       14      7       0.882037
9       15      0       0.882232
9       15      1       0.940626
9       15      2       0.963141
9       15      3       0.940483
9       15      4       0.854775
9       15      5       0.768499
9       15      6       0.573624
9       15      7       0.506937
9       16      0       0.455019
9       16      1       0.434238
9       16      2       0.485651
9       16      3       0.52147
9       16      4       0.496744
9       16      5       0.650285
9       16      6       0.751357
9       16      7       0.786483
9       17      0       0.772995
9       17      1       0.966698
9       17      2       0.960786
9       17      3       0.955655
9       17      4       0.722676
9       17      5       0.638647
9       17      6       0.539105
9       17      7       0.491497
9       18      0       0.499499
9       18      1       -0.691941
9       18      2       0.587378
9       18      3       0.585736
9       18      4       0.561146
9       18      5       0.745051
9       18      6       0.701992
9       18      7       0.635506
9       19      0       0.556394
9       19      1       0.490178
9       19      2       0.496607
9       19      3       0.514912
9       19      4       0.493071
9       19      5       0.476819
9       19      6       0.384673
9       19      7       0.385232
9       20      0       0.332805
9       20      1       0.27198
9       20      2       0.303637
9       20      3       0.290873
9       20      4       0.354333
9       20      5       0.554959
9       20      6       0.543618
9       20      7       0.51571
9       21      0       0.492285
9       21      1       0.347493
9       21      2       0.285526
9       21      3       0.223766
9       21      4       0.222548
9       21      5       0.188496
9       21      6       0.347264
9       21      7       0.337161
9       22      0       0.319151
9       22      1       0.236894
9       22      2       0.294979
9       22      3       0.333734
9       22      4       0.364871
9       22      5       0.484487
9       22      6       0.55375
9       22      7       0.585763
9       23      0       0.667108
9       23      1       0.476562
9       23      2       0.476189
9       23      3       0.501015
9       23      4       0.503938
9       23      5       0.624442
9       23      6       0.676564
9       23      7       0.761803
9       24      0       0.800558
9       24      1       0.7287
9       24      2       0.76508
9       24      3       0.885886
9       24      4       0.85036
9       24      5       0.818604
9       24      6       0.845132
9       24      7       0.771132
9       25      0       0.70333
9       25      1       0.667107
9       25      2       0.458287
9       25      3       0.390914
9       25      4       0.335127
9       25      5       0.441589
9       25      6       0.432529
9       25      7       0.518241
9       26      0       0.47225
9       26      1       0.396032
9       26      2       0.489236
9       26      3       0.498019
9       26      4       0.558645
9       26      5       0.53177
9       26      6       0.487451
9       26      7       0.52549
9       27      0       0.525898
9       27      1       0.516654
9       27      2       0.552505
9       27      3       0.599449
9       27      4       0.73236
9       27      5       0.915613
9       27      6       0.966414
9       27      7       1.029443
9       28      0       1.058286
9       28      1       0.973585
9       28      2       0.971406
9       28      3       0.96611
9       28      4       1.109827
9       28      5       0.995448
9       28      6       0.994403
9       28      7       0.989314
9       29      0       0.982886
9       29      1       0.9407
9       29      2       0.948274
9       29      3       0.978316
9       29      4       0.978494
9       29      5       0.990841
9       29      6       0.982993
9       29      7       0.95429
9       30      0       0.948277
9       30      1       0.974204
9       30      2       0.946318
9       30      3       0.880924
9       30      4       0.811322
9       30      5       0.78639
9       30      6       0.606458
9       30      7       0.506296
9       31      0       0.502049
9       31      1       0.523084
9       31      2       0.43725
9       31      3       0.414784
9       31      4       0.343029
9       31      5       0.492472
9       31      6       0.557074
9       31      7       0.739264
