####################################################################################################
# Month: 04Apr                                                                                     #
# Station: LOS                                                                                     #
# Frequency: 345 GHz                                                                               #
# Columns are: year    day     tau     Tb (K)                                                      #
####################################################################################################
2009    1       0.72158956      133.26354
2009    2       0.36712821      83.31811125
2009    3       0.5741199       117.22241125
2009    4       0.65815656      124.17472125
2009    5       0.44983526      96.76991875
2009    6       0.17572726      46.43014875
2009    7       0.20069322      53.03185875
2009    8       0.36902415      85.31906125
2009    9       0.51477822      108.49353875
2009    10      0.58323922      118.4727625
2009    11      1.17536497      180.413975
2009    12      0.85000394      148.7238875
2009    13      0.88856492      155.3205875
2009    14      0.75986396      141.407075
2009    15      0.98106402      166.4086875
2009    16      0.61242043      114.5289625
2009    17      0.69382535      129.89942125
2009    18      0.6936569       130.07859875
2009    19      0.74830529      141.3570875
2009    20      0.61641854      124.62612
2009    21      0.6217542       126.701375
2009    22      0.54507038      114.17346625
2009    23      0.75383349      142.4550625
2009    24      0.64314149      128.97793625
2009    25      0.92320474      160.0381625
2009    26      0.69920609      127.77620875
2009    27      0.46737954      101.54899625
2009    28      0.64229259      127.79565
2009    29      0.74649954      142.263375
2009    30      0.37304341      87.1956575
2010    1       0.78594584      144.383025
2010    2       0.3628135       80.2154825
2010    3       0.48087164      102.5278375
2010    4       0.43584206      96.57532875
2010    5       0.49364005      105.97498625
2010    6       0.51576101      106.15098875
2010    7       0.3599035       80.6115825
2010    8       0.27775688      66.62435375
2010    9       0.3561329       82.96061875
2010    10      0.46670139      101.5145525
2010    11      0.47096631      102.74818875
2010    12      0.6367777       122.14163625
2010    13      0.75214639      135.29074375
2010    14      0.5278117       110.79366
2010    15      0.61950277      124.61060875
2010    16      0.87543299      152.3499375
2010    17      1.41617975      201.0500375
2010    18      0.8276625       151.2820625
2010    19      1.10827325      178.744425
2010    20      1.15696894      181.8312625
2010    21      1.22039051      189.8150375
2010    22      1.14795966      171.9656425
2010    23      0.89508048      153.036425
2010    24      0.96422775      162.971075
2010    25      0.59099114      117.86682125
2010    26      0.76029134      142.681275
2010    27      0.37596358      86.367835
2010    28      0.88363689      154.62205
2010    29      0.92285351      162.855375
2010    30      0.54277311      110.58307375
2011    1       0.468184        99.774895
2011    2       0.49136218      107.373275
2011    3       0.95710866      166.123475
2011    4       0.58103811      106.06252125
2011    5       0.59435822      122.242
2011    6       0.68415779      131.612105
2011    7       1.09296094      175.9636
2011    8       0.50520003      105.54003375
2011    9       0.69397326      131.34697625
2011    10      0.5699711       109.02429
2011    11      0.29533664      69.1452925
2011    12      0.37801532      86.2382825
2011    13      0.49959982      106.8561425
2011    14      0.48338035      103.9326975
2011    15      0.26613946      65.29151125
2011    16      0.7266365       137.9401
2011    17      0.699263        135.967125
2011    18      0.77792715      145.0665
2011    19      0.82327039      150.4297875
2011    20      0.69091508      134.127025
2011    21      0.73227006      139.0423
2011    22      0.80757086      149.3871875
2011    23      1.12845481      178.21625
2011    24      1.30031025      191.931875
2011    25      0.92043518      159.16475
2011    26      0.79595625      145.3269125
2011    27      0.29665112      71.25995625
2011    28      0.33606368      77.94038375
2011    29      0.5766219       119.02033
2011    30      0.4614252       99.43932125
2012    1       0.4341255       97.107435
2012    2       0.55121682      114.21034625
2012    3       0.96345325      160.63645
2012    4       0.62718195      124.923025
2012    5       0.65785097      129.0975375
2012    6       0.61853315      118.61828875
2012    7       0.22424306      57.10077875
2012    8       0.60814798      120.97231125
2012    9       1.30248161      191.7298125
2012    10      1.0388779       173.600325
2012    11      1.198227        187.1622
2012    12      0.72451794      133.6582625
2012    13      0.53272006      108.83056625
2012    14      0.73704414      136.2544625
2012    15      0.51250271      106.4770225
2012    16      0.61652835      122.2920375
2012    17      0.40471606      91.054795
2012    18      0.5488924       114.28342875
2012    19      1.01007064      168.2053875
2012    20      0.67307701      129.41405125
2012    21      0.61985604      125.5243825
2012    22      0.75964722      144.285025
2012    23      1.06254214      177.92555
2012    24      1.00701476      172.8293875
2012    25      0.97651511      166.739925
2012    26      1.48755012      208.56325
2012    27      0.84962209      146.2414625
2012    28      0.59706369      116.77233125
2012    29      0.87512599      156.113775
2012    30      0.51362688      109.47571625
2013    1       0.644437        127.71770375
2013    2       0.48053192      102.31519125
2013    3       0.86637825      151.8714625
2013    4       0.51430825      106.1839925
2013    5       0.64272536      124.4210075
2013    6       0.80847651      146.4611875
2013    7       0.93753779      162.006625
2013    8       0.73541415      140.8548125
2013    9       0.95476625      163.1720875
2013    10      0.79372159      144.0878875
2013    11      0.65075911      125.7988375
2013    12      0.71151816      132.88224125
2013    13      0.52862128      111.0626025
2013    14      0.86276911      155.78525
2013    15      0.71706198      138.2526625
2013    16      0.53487746      113.25522125
2013    17      0.5736026       117.800425
2013    18      0.37597914      82.50494875
2013    19      0.26947346      65.02384625
2013    20      0.66340465      127.77276875
2013    21      0.4035069       89.450355
2013    22      0.58244766      120.1898
2013    23      0.83030039      150.427025
2013    24      0.25793196      63.00303875
2013    25      1.09000798      173.184425
2013    26      0.85331526      150.6635625
2013    27      0.61689585      122.6991675
2013    28      0.53984666      112.82857875
2013    29      0.72092641      139.2662375
2013    30      0.70461514      138.76375
2014    1       0.56024716      114.6660625
2014    2       0.53318989      111.3401875
2014    3       0.62998153      123.3401
2014    4       0.39013182      86.40491125
2014    5       0.8291648       147.0307875
2014    6       0.82909614      148.04
2014    7       0.57667789      113.3240225
2014    8       0.45615538      100.05614
2014    9       0.41356371      93.36035125
2014    10      0.39490861      89.69710375
2014    11      0.42804702      96.07296125
2014    12      0.8035064       145.4526125
2014    13      1.07575947      173.03475
2014    14      0.60718269      115.4046175
2014    15      0.32104791      76.44920875
2014    16      0.69360138      132.77765
2014    17      0.8753064       152.62915
2014    18      0.82521039      152.4120375
2014    19      1.33139598      194.2426
2014    20      1.48474725      205.8019625
2014    21      1.28608988      193.9375
2014    22      1.31003662      196.6913125
2014    23      1.00061756      164.151725
2014    24      0.43335421      91.09423875
2014    25      0.51787111      107.76405625
2014    26      0.88706182      156.6383625
2014    27      0.68490102      127.96315
2014    28      0.48469069      102.6174425
2014    29      0.34912836      79.05806625
2014    30      0.66327723      128.0500625
2015    1       0.81172489      150.26495
2015    2       0.56241728      115.075505
2015    3       0.2733935       65.77868375
2015    4       0.48812258      102.43726
2015    5       0.89786469      155.2270375
2015    6       0.39918781      90.30711125
2015    7       0.3141902       74.83719875
2015    8       0.45639628      100.04628875
2015    9       0.25158421      61.94802875
2015    10      0.48598679      103.7195675
2015    11      0.74454524      138.616675
2015    12      0.77111892      143.3938
2015    13      0.66117175      127.432095
2015    14      0.84191748      150.4285875
2015    15      0.67527965      128.653885
2015    16      0.5155328       106.50580875
2015    17      0.3797831       83.38278125
2015    18      0.63448504      122.4818025
2015    19      0.6054443       118.0387625
2015    20      0.84115622      151.259425
2015    21      0.74078859      140.157275
2015    22      1.07499916      175.2307875
2015    23      0.75725422      143.2799375
2015    24      1.03252702      169.4678625
2015    25      0.84018228      151.754075
2015    26      1.20602042      184.9235625
2015    27      1.0888439       173.263575
2015    28      0.62848032      122.22875
2015    29      0.64878745      129.21175
2015    30      0.90162444      160.9989625
2016    1       0.74198201      137.13885
2016    2       0.49317738      104.02851875
2016    3       0.37799875      86.9231
2016    4       0.43262716      97.183505
2016    5       0.55793099      116.120655
2016    6       0.2774765       67.47370375
2016    7       0.30129716      72.78323625
2016    8       0.8794148       149.9263
2016    9       1.19000235      182.2890875
2016    10      0.5521478       112.0843025
2016    11      1.01080735      167.16915
2016    12      0.9039915       156.0387875
2016    13      0.94938324      162.6009375
2016    14      0.88417332      158.20165
2016    15      1.17821448      184.6494125
2016    16      1.03170331      167.5354625
2016    17      0.7902209       141.6201875
2016    18      1.09654347      174.6453125
2016    19      0.66157705      124.01654
2016    20      0.841182        153.3145875
2016    21      0.6870916       133.0171325
2016    22      1.17852705      185.6183375
2016    23      1.44475831      200.66885
2016    24      0.65835619      122.7008625
2016    25      0.68506279      133.87255
2016    26      0.55047485      110.45687375
2016    27      0.64751926      125.56527125
2016    28      0.97139886      161.6751625
2016    29      0.9135303       155.2091
2016    30      0.82589809      148.2039375
2017    1       0.87622013      151.142825
2017    2       0.64045718      123.25558375
2017    3       0.82718688      149.3619125
2017    4       0.89251262      155.4345875
2017    5       0.40105927      87.23760375
2017    6       0.81194751      149.4633
2017    7       0.82764138      152.6294625
2017    8       0.87807532      158.020725
2017    9       0.52474214      106.236715
2017    10      0.26251305      63.8967275
2017    11      0.43383025      95.00343625
2017    12      1.10935662      176.9861125
2017    13      0.64858462      126.8717975
2017    14      0.57599996      117.30853
2017    15      0.4044834       90.43750125
2017    16      0.45903412      101.61813875
2017    17      0.58288269      120.30894625
2017    18      0.92307942      163.1216375
2017    19      0.52865802      111.65247125
2017    20      0.68989035      133.62758625
2017    21      0.48767162      101.1693825
2017    22      0.52739578      112.216075
2017    23      0.42295085      96.760975
2017    24      0.7528549       142.296675
2017    25      1.407319        201.392075
2017    26      0.66562066      127.50868625
2017    27      1.13159892      179.0167125
2017    28      1.11091872      176.6498875
2017    29      0.94162309      159.0852125
2017    30      0.55624016      109.76226375
2018    1       0.80135804      147.621675
2018    2       0.87223586      156.97745
2018    3       0.63783321      120.8402
2018    4       0.53374946      109.59857375
2018    5       0.83820238      150.6883125
2018    6       1.23525757      188.4333125
2018    7       1.73264587      222.1140875
2018    8       1.33139064      186.97344625
2018    9       0.29916284      73.378895
2018    10      0.37694462      87.39515125
2018    11      0.56971295      117.917435
2018    12      0.53718741      113.1202025
2018    13      0.48704889      101.60544875
2018    14      0.35287586      78.65347
2018    15      0.60346079      121.507975
2018    16      0.60290394      121.13426625
2018    17      0.56304588      113.590475
2018    18      0.18756689      50.44606
2018    19      0.49484756      103.19678375
2018    20      1.23365746      185.00385
2018    21      0.69755111      131.2457675
2018    22      0.67338657      128.693915
2018    23      0.73925815      141.4156125
2018    24      0.79129259      148.416825
2018    25      0.76487959      138.80277125
2018    26      0.40703312      92.17648375
2018    27      0.4280259       96.81685625
2018    28      0.90971738      159.9963125
2018    29      1.11954911      177.4056375
2018    30      0.59037599      121.3522125
