####################################################################################################
# Month: 01Jan                                                                                     #
# Station: ATCA                                                                                    #
# Columns are: year    day     RH (percent)                                                        #
####################################################################################################
9       1       0.22677025
9       2       0.43947212
9       3       0.51570238
9       4       0.45243838
9       5       0.4417625
9       6       0.40447
9       7       0.5177685
9       8       0.66101975
9       9       0.54878475
9       10      0.58773
9       11      0.59268662
9       12      0.52736263
9       13      0.46876025
9       14      0.4242885
9       15      0.379723
9       16      0.26902288
9       17      0.510459
9       18      0.57385962
9       19      0.63685862
9       20      0.49143475
9       21      0.62765912
9       22      0.85103412
9       23      0.71078912
9       24      0.65333512
9       25      0.65138988
9       26      0.61159838
9       27      0.557645
9       28      0.49685225
9       29      0.49310862
9       30      0.51989062
9       31      0.53496638
