####################################################################################################
# Month: 03Mar                                                                                     #
# Station: GLTS                                                                                    #
# Frequency: 345 GHz                                                                               #
# Columns are: year    day     tau     Tb (K)                                                      #
####################################################################################################
2009    1       0.11731422      32.28080625
2009    2       0.13265369      35.62598
2009    3       0.14464399      38.1612875
2009    4       0.16130695      41.511435
2009    5       0.10962501      30.72787125
2009    6       0.09796137      28.48006
2009    7       0.16827509      43.0219125
2009    8       0.19402591      48.44181125
2009    9       0.14740452      39.06656
2009    10      0.13683194      36.77046125
2009    11      0.12616448      34.553365
2009    12      0.14210481      37.6976425
2009    13      0.1229105       33.73123375
2009    14      0.12026734      33.284295
2009    15      0.16964906      43.56022125
2009    16      0.17843456      45.2957825
2009    17      0.16721865      42.86248625
2009    18      0.28454641      65.35005
2009    19      0.15436774      40.391525
2009    20      0.40185148      82.73375125
2009    21      0.33919015      75.00066625
2009    22      0.20391379      50.2238125
2009    23      0.15495829      40.21237
2009    24      0.14570284      38.34194875
2009    25      0.12700359      34.332315
2009    26      0.12660836      34.11271375
2009    27      0.11752262      32.2140975
2009    28      0.10976158      30.56612125
2009    29      0.10488341      29.52658875
2009    30      0.10243069      29.19692
2009    31      0.14665048      38.59922875
2010    1       0.20153756      49.66599875
2010    2       0.18239655      45.9861575
2010    3       0.20016152      49.50877875
2010    4       0.17058339      43.37793875
2010    5       0.15961685      41.307395
2010    6       0.11456001      31.7081775
2010    7       0.10096166      28.7885425
2010    8       0.21155148      51.423645
2010    9       0.19926494      49.70189625
2010    10      0.31152032      70.53874625
2010    11      0.31954076      71.880705
2010    12      0.20307571      49.99964125
2010    13      0.22365966      53.9250775
2010    14      0.36398165      79.9231525
2010    15      0.31971315      71.937835
2010    16      0.22727376      54.77652125
2010    17      0.27184419      63.2174775
2010    18      0.21171699      52.1184
2010    19      0.32067181      72.24724
2010    20      0.30620594      69.9872375
2010    21      0.23100282      55.7980225
2010    22      0.2008184       50.02819625
2010    23      0.20357451      50.59469
2010    24      0.1629051       42.43499875
2010    25      0.14300006      38.27052625
2010    26      0.18845529      46.97330875
2010    27      0.31903674      72.6686575
2010    28      0.33239477      75.66335625
2010    29      0.24081371      58.51927
2010    30      0.11061431      31.61315375
2010    31      0.12805036      35.2312125
2011    1       0.12186211      32.980735
2011    2       0.12737885      34.30064375
2011    3       0.12952728      34.5843725
2011    4       0.09945726      28.11083375
2011    5       0.18413109      45.86560375
2011    6       0.14419946      37.476865
2011    7       0.11630731      31.54728375
2011    8       0.1011531       28.3161275
2011    9       0.11018154      30.2797425
2011    10      0.1033115       28.87225875
2011    11      0.0984661       27.797625
2011    12      0.10541149      29.21326375
2011    13      0.08786508      25.56526
2011    14      0.13089131      34.8277825
2011    15      0.11233516      30.879865
2011    16      0.07215601      22.006905
2011    17      0.07153943      21.86178
2011    18      0.07492504      22.6149975
2011    19      0.07818253      23.40535875
2011    20      0.08005055      23.8667125
2011    21      0.08512943      25.0328625
2011    22      0.09209376      26.3621125
2011    23      0.11008654      30.3824325
2011    24      0.11852971      32.948935
2011    25      0.42971078      91.1922
2011    26      0.44097004      92.485455
2011    27      0.37632776      81.71874125
2011    28      0.27989723      65.11527
2011    29      0.31704063      71.4610375
2011    30      0.20752709      50.91236875
2011    31      0.28493986      65.6374925
2012    1       0.11235259      31.0745575
2012    2       0.13584649      35.8927075
2012    3       0.21928642      53.04771125
2012    4       0.14997729      39.17857875
2012    5       0.1522723       39.4227025
2012    6       0.21479388      52.2636675
2012    7       0.28434246      65.5328075
2012    8       0.17458369      44.11183875
2012    9       0.14884754      38.7902475
2012    10      0.14575968      38.151135
2012    11      0.11646798      31.810305
2012    12      0.08938862      26.08849875
2012    13      0.20621536      50.1946725
2012    14      0.15516313      39.94081125
2012    15      0.104327        29.4381075
2012    16      0.11517838      31.8598375
2012    17      0.0978983       28.2844775
2012    18      0.17733531      44.6818025
2012    19      0.22285861      53.74716
2012    20      0.24229955      57.779665
2012    21      0.22212516      53.78324625
2012    22      0.22882961      55.0486375
2012    23      0.20729221      50.91831375
2012    24      0.47077848      97.6630825
2012    25      0.38291206      84.2046775
2012    26      0.27365867      63.94256125
2012    27      0.257715        60.87689125
2012    28      0.20588974      50.617745
2012    29      0.09603234      28.275515
2012    30      0.12552725      34.5119525
2012    31      0.20129901      49.82535
2013    1       0.12369556      33.496655
2013    2       0.08174342      24.43965
2013    3       0.08418958      24.88698875
2013    4       0.07522502      23.019485
2013    5       0.08300634      24.68922625
2013    6       0.07798741      23.7280675
2013    7       0.10368669      29.28283625
2013    8       0.18012005      45.0122225
2013    9       0.29111178      66.78179625
2013    10      0.30461631      69.13572125
2013    11      0.36936764      80.86269
2013    12      0.30359246      69.52473875
2013    13      0.27682451      64.16021375
2013    14      0.2331832       55.8249225
2013    15      0.14320443      37.89092
2013    16      0.44556128      91.73026
2013    17      0.47378888      98.54067375
2013    18      0.38679448      84.590295
2013    19      0.26892755      61.18406625
2013    20      0.07157629      22.519365
2013    21      0.16060116      41.26365125
2013    22      0.15101173      39.6529
2013    23      0.13647714      36.4866775
2013    24      0.13139602      35.39998125
2013    25      0.13606094      36.51599625
2013    26      0.1712458       43.94402875
2013    27      0.17711334      44.85420375
2013    28      0.13881137      36.86498625
2013    29      0.13606701      36.45663625
2013    30      0.11311929      31.85251375
2013    31      0.17746176      44.74056
2014    1       0.21943448      53.63557625
2014    2       0.18458182      47.045525
2014    3       0.15777119      41.55205
2014    4       0.15514285      40.7566125
2014    5       0.18775124      46.9893475
2014    6       0.20497181      50.3632525
2014    7       0.18352102      46.019495
2014    8       0.1489069       38.79784625
2014    9       0.12159048      33.121245
2014    10      0.12865094      34.5596625
2014    11      0.15490247      39.93775875
2014    12      0.11914056      32.48848375
2014    13      0.1020424       28.76137875
2014    14      0.08613803      25.51792375
2014    15      0.09946414      28.61811125
2014    16      0.07642696      23.51869625
2014    17      0.09736226      27.92701875
2014    18      0.129025        34.84658
2014    19      0.1106667       30.982145
2014    20      0.13137608      35.27476625
2014    21      0.09049373      26.58583625
2014    22      0.06852034      21.6614725
2014    23      0.0880358       25.999385
2014    24      0.15799829      40.91263875
2014    25      0.18630616      46.81444375
2014    26      0.20032266      49.45498875
2014    27      0.17156934      43.93873375
2014    28      0.2149885       51.98303125
2014    29      0.27818746      64.87641875
2014    30      0.31944484      72.40389375
2014    31      0.30858549      70.54857375
2015    1       0.1253376       33.91888625
2015    2       0.11654455      32.076705
2015    3       0.1582691       40.92517875
2015    4       0.14743491      38.568485
2015    5       0.18399568      45.949515
2015    6       0.16071901      41.415025
2015    7       0.09727138      28.21462375
2015    8       0.09290136      27.20293375
2015    9       0.10878699      30.5558675
2015    10      0.12309635      33.23966625
2015    11      0.11774602      32.19886375
2015    12      0.11857476      32.32432375
2015    13      0.15453561      39.82839
2015    14      0.21037402      51.369115
2015    15      0.16180673      41.51880875
2015    16      0.1399734       37.23361375
2015    17      0.15524599      40.86158625
2015    18      0.24182172      58.04513625
2015    19      0.1761825       45.234275
2015    20      0.30983823      71.186535
2015    21      0.42287832      90.2430475
2015    22      0.24383525      57.74394
2015    23      0.14992395      39.23653875
2015    24      0.20331055      49.932165
2015    25      0.20596954      50.53724375
2015    26      0.15008616      39.26872
2015    27      0.1333748       35.66934
2015    28      0.12077655      32.9616975
2015    29      0.12072734      32.8940225
2015    30      0.12586229      33.93702875
2015    31      0.15410031      39.9215225
2016    1       0.19965912      49.558425
2016    2       0.12012614      33.6882475
2016    3       0.20230496      50.37733875
2016    4       0.20679954      50.9530275
2016    5       0.47099614      97.7409825
2016    6       0.37649896      82.1649175
2016    7       0.15711952      40.77505
2016    8       0.1929685       47.9686925
2016    9       0.21323301      52.1722575
2016    10      0.29351559      67.61353875
2016    11      0.20061782      49.380195
2016    12      0.12899768      35.00968875
2016    13      0.16541495      42.53572125
2016    14      0.23463115      55.9653875
2016    15      0.10319675      29.5259575
2016    16      0.25175808      59.3799825
2016    17      0.43818489      91.938295
2016    18      0.51323181      105.16857375
2016    19      0.42261144      90.13597625
2016    20      0.27261267      63.57050625
2016    21      0.18144124      46.39777
2016    22      0.25770634      60.89985875
2016    23      0.17154911      44.34335
2016    24      0.25161528      59.8457525
2016    25      0.13571931      36.89195875
2016    26      0.13254159      36.16925625
2016    27      0.1968693       49.40669375
2016    28      0.1810543       46.28886875
2016    29      0.18531264      47.1322325
2016    30      0.18778019      47.527555
2016    31      0.15717049      41.191665
2017    1       0.21219826      52.7754625
2017    2       0.30823402      71.37742625
2017    3       0.21199582      52.63857375
2017    4       0.17482478      44.89639375
2017    5       0.18871925      47.58872125
2017    6       0.1654612       42.43342625
2017    7       0.1662047       42.5749025
2017    8       0.13730564      36.63894375
2017    9       0.18527114      46.00796
2017    10      0.35203215      78.42645875
2017    11      0.18408896      46.757135
2017    12      0.16241264      42.760845
2017    13      0.23168032      55.9054125
2017    14      0.18652752      46.70947875
2017    15      0.15140151      39.4950575
2017    16      0.14041421      37.1538175
2017    17      0.11229379      31.1976375
2017    18      0.13089815      35.126255
2017    19      0.17254814      43.79242625
2017    20      0.12422638      33.64713625
2017    21      0.10365073      29.22655875
2017    22      0.19239844      47.5529675
2017    23      0.4069484       87.53877125
2017    24      0.32251981      71.73145875
2017    25      0.16006275      41.566405
2017    26      0.13147638      35.54239
2017    27      0.1101645       30.9916775
2017    28      0.15500876      40.23084125
2017    29      0.13735536      36.75337125
2017    30      0.10936801      30.930675
2017    31      0.10807695      30.551945
2018    1       0.32590526      72.58839125
2018    2       0.40219756      86.25782375
2018    3       0.25690388      60.24887
2018    4       0.15405164      40.218145
2018    5       0.12413261      33.79709125
2018    6       0.08722904      25.9764075
2018    7       0.09901939      28.34545
2018    8       0.1029577       28.99726625
2018    9       0.10847425      30.18158125
2018    10      0.13299191      35.48703
2018    11      0.15942095      40.9938875
2018    12      0.1192583       32.62128625
2018    13      0.11247402      31.30887
2018    14      0.13854816      36.754955
2018    15      0.124529        33.864775
2018    16      0.11651713      32.46087625
2018    17      0.27165265      63.32705625
2018    18      0.35320309      78.660355
2018    19      0.36342829      80.18676125
2018    20      0.31672281      72.3212375
2018    21      0.30166666      69.18594875
2018    22      0.22752155      54.9960475
2018    23      0.21003819      51.415825
2018    24      0.18427072      46.2364975
2018    25      0.16735429      42.76785
2018    26      0.20340968      50.16588
2018    27      0.27189656      63.50396
2018    28      0.27013928      63.1269175
2018    29      0.19064176      47.44371
2018    30      0.2306804       55.4839725
2018    31      0.23331374      55.9147525
