####################################################################################################
# Month: 08Aug                                                                                     #
# Station: SAS                                                                                     #
# Columns are: year    day     RH (percent)                                                        #
####################################################################################################
9       1       0.24872275
9       2       0.04006488
9       3       0.166626
9       4       0.11497438
9       5       0.083912
9       6       0.15217762
9       7       0.57044425
9       8       0.66864925
9       9       0.03103587
9       10      0.06215175
9       11      0.051165
9       12      0.10805138
9       13      0.121429
9       14      0.14840263
9       15      0.19428238
9       16      0.0684295
9       17      0.04652988
9       18      0.070113
9       19      0.0238635
9       20      0.03509387
9       21      0.04612362
9       22      0.04472462
9       23      0.0311505
9       24      0.024092
9       25      0.15799412
9       26      0.32503262
9       27      0.34212025
9       28      0.380604
9       29      0.43151488
9       30      0.2318995
9       31      0.21726312
