####################################################################################################
# Month: 06Jun                                                                                     #
# Station: BGK                                                                                     #
# Frequency: 230 GHz                                                                               #
# Columns are: year    day     tau     Tb (K)                                                      #
####################################################################################################
2009    1       0.99791726      165.4419925
2009    2       1.08555929      179.385525
2009    3       0.5385626       113.955825
2009    4       1.13671668      184.041
2009    5       1.79094478      213.2283125
2009    6       0.6901578       136.54545
2009    7       1.07744301      172.4736
2009    8       1.35003038      199.43365
2009    9       1.47015325      207.1745375
2009    10      0.79220985      147.879275
2009    11      1.31611069      192.0729875
2009    12      0.64055093      126.94234
2009    13      0.60844264      123.179575
2009    14      0.81158822      142.165775
2009    15      1.20359475      187.6209
2009    16      1.26690262      191.916375
2009    17      1.18925875      185.0805
2009    18      0.84157096      145.6767725
2009    19      0.38123941      87.14540375
2009    20      0.88464489      150.139275
2009    21      1.70778701      212.5903
2009    22      1.02851001      167.856175
2009    23      1.49615775      206.3267875
2009    24      1.11077317      173.2751375
2009    25      0.62468689      125.5805625
2009    26      0.72046018      140.0520125
2009    27      0.54926885      112.7630575
2009    28      1.36778737      205.4275625
2009    29      2.0817085       240.20945
2009    30      2.08874712      241.2018125
2010    1       0.7881506       144.8509
2010    2       0.30434138      72.9812525
2010    3       0.76911318      139.12055625
2010    4       1.07369575      180.0755625
2010    5       0.98947319      172.0379125
2010    6       0.96421698      168.928125
2010    7       0.56399602      118.7556875
2010    8       0.67618256      133.7143625
2010    9       0.87955871      156.5199375
2010    10      1.51141812      208.877125
2010    11      0.61655         123.8023875
2010    12      1.05679095      172.7481625
2010    13      1.72204875      221.2019125
2010    14      1.48317459      201.1744
2010    15      1.27865425      181.1509
2010    16      0.63535091      123.00666125
2010    17      0.53408269      111.35392875
2010    18      1.52680344      208.099375
2010    19      1.9846395       231.082275
2010    20      1.81544166      222.7614125
2010    21      1.92840975      229.991
2010    22      1.41107688      202.278175
2010    23      1.26918856      185.153675
2010    24      0.66066789      132.9338375
2010    25      0.77745566      147.6817
2010    26      1.35227588      200.7496875
2010    27      0.8539053       153.1384
2010    28      0.73437086      140.282575
2010    29      1.00685899      170.744325
2010    30      1.025226        171.638075
2011    1       0.914329        160.6683875
2011    2       1.21687539      185.00505
2011    3       0.88067226      154.0482125
2011    4       0.43164219      92.01303
2011    5       0.84522516      133.8598025
2011    6       0.28881726      68.3674775
2011    7       0.47379079      101.102615
2011    8       0.44939389      96.54286
2011    9       0.64658695      125.814425
2011    10      1.35308155      195.437975
2011    11      0.63092458      126.804025
2011    12      0.8383446       151.6195625
2011    13      1.36195436      194.7145375
2011    14      0.97384259      167.8234875
2011    15      0.63605139      125.8151625
2011    16      1.46236775      195.6467875
2011    17      1.44723846      199.9064125
2011    18      1.21260679      187.5874375
2011    19      0.61272982      125.353975
2011    20      0.4783552       104.5777425
2011    21      0.50097169      106.84921625
2011    22      0.58057969      118.5845125
2011    23      0.71397806      137.469125
2011    24      0.89405511      156.6748875
2011    25      0.97886602      167.4124875
2011    26      0.87407676      156.167725
2011    27      1.03952592      165.9730375
2011    28      1.35082775      196.5916125
2011    29      1.04454794      171.3404125
2011    30      0.59371182      121.762575
2012    1       0.45539389      101.4168025
2012    2       0.43310795      97.66849875
2012    3       0.46344878      103.3467775
2012    4       0.51984509      111.6758625
2012    5       0.78308648      136.602605
2012    6       1.46151712      202.14215
2012    7       0.99938906      166.6131375
2012    8       1.13545106      178.1388
2012    9       0.72655206      141.179975
2012    10      0.63368685      128.30772
2012    11      0.45676891      101.1148475
2012    12      0.52492511      111.58674625
2012    13      0.55389019      115.67537625
2012    14      0.61525753      124.5700125
2012    15      0.48049396      103.80675625
2012    16      0.8292762       147.87685
2012    17      0.85907684      153.0112625
2012    18      0.95615309      163.0551625
2012    19      0.80064551      144.7435875
2012    20      0.57684892      117.2743775
2012    21      0.55819366      115.6600975
2012    22      1.07464899      172.159725
2012    23      1.42302044      202.982175
2012    24      1.72908875      222.672975
2012    25      0.89547346      160.34035
2012    26      1.17454412      182.0105125
2012    27      0.82221268      150.76055
2012    28      0.73638732      142.3074875
2012    29      1.04765069      169.197925
2012    30      0.73104478      140.986875
2013    1       1.175212        184.5648625
2013    2       0.89418285      156.1006125
2013    3       1.85073614      219.76175
2013    4       2.54080187      251.2321125
2013    5       2.0946595       237.1907125
2013    6       1.35962509      195.734375
2013    7       1.45501081      205.3131875
2013    8       1.94108075      228.9912375
2013    9       1.52342225      210.3635
2013    10      1.37175112      203.0557625
2013    11      1.02280101      175.31665
2013    12      0.97331688      169.384275
2013    13      1.10416882      179.333025
2013    14      0.588216        121.5077375
2013    15      0.69150291      134.43369875
2013    16      0.59137579      117.41260125
2013    17      2.05666812      234.9989375
2013    18      1.11300187      182.3291
2013    19      1.23135616      188.0043125
2013    20      1.32300113      197.57575
2013    21      1.02184626      167.7542
2013    22      0.61072485      124.374225
2013    23      0.93475312      162.08005
2013    24      2.14313262      235.78975
2013    25      1.94035025      230.99865
2013    26      1.27617215      187.6639625
2013    27      1.21269015      185.6020625
2013    28      1.15434925      182.79925
2013    29      0.83482678      150.3645375
2013    30      0.55392108      115.5778375
2014    1       1.6391245       215.9946375
2014    2       1.52491916      207.739525
2014    3       1.22673903      187.6861875
2014    4       1.28164654      193.2555125
2014    5       0.74472826      142.6592375
2014    6       0.64183895      130.037175
2014    7       0.52460611      113.154875
2014    8       0.86558622      157.6771125
2014    9       1.06010704      176.9031375
2014    10      1.41364179      202.5067125
2014    11      0.72607646      141.891925
2014    12      1.06212051      171.0143625
2014    13      1.64761329      210.69055
2014    14      1.89778712      231.3035375
2014    15      1.7771775       216.516525
2014    16      1.91004112      230.324375
2014    17      1.63468194      212.841625
2014    18      2.12538637      238.67285
2014    19      1.94042688      231.6757625
2014    20      2.325322        243.3980625
2014    21      1.99879662      228.2781875
2014    22      1.18745104      186.2400875
2014    23      0.8902639       160.2829875
2014    24      1.41348228      200.6082
2014    25      2.29271788      243.8471375
2014    26      2.0760655       235.3001125
2014    27      2.49160562      248.6674
2014    28      1.65116138      215.7345375
2014    29      2.00491321      224.667125
2014    30      1.6591815       214.85
2015    1       1.06103859      173.7313875
2015    2       1.00429291      167.6283875
2015    3       1.19653499      181.645975
2015    4       0.5722538       116.7216375
2015    5       0.68323969      130.9357625
2015    6       0.90362715      155.47549875
2015    7       1.34897266      190.56626
2015    8       1.38883605      196.9339375
2015    9       1.10764435      177.4349375
2015    10      1.01462756      169.21205
2015    11      0.9013201       155.55205
2015    12      0.6456554       126.0991125
2015    13      0.45817514      99.41277375
2015    14      0.43351549      95.895595
2015    15      0.61818454      121.0961625
2015    16      1.53165838      212.9831375
2015    17      1.68803875      218.9595
2015    18      1.61637538      216.673175
2015    19      1.22962752      187.0429
2015    20      1.29504681      194.035375
2015    21      0.69494381      138.211325
2015    22      0.60056123      124.18265
2015    23      0.38349562      89.17007625
2015    24      0.45564369      101.43082625
2015    25      0.52550522      111.240215
2015    26      0.43644677      98.9398325
2015    27      0.78231001      148.2792625
2015    28      0.72543974      141.9590375
2015    29      0.71244266      141.2149125
2015    30      0.94791902      167.7705
2016    1       0.86065815      131.73696125
2016    2       1.64355838      218.2502875
2016    3       0.86573719      154.4122875
2016    4       0.85831028      157.9225625
2016    5       1.4337633       201.39885
2016    6       1.74605734      216.955075
2016    7       0.86827256      158.4543875
2016    8       1.2689354       191.92085
2016    9       1.57103012      215.1079875
2016    10      1.87023275      225.5119375
2016    11      1.70676538      219.8137125
2016    12      0.72658067      129.92556
2016    13      0.45031376      100.463745
2016    14      0.44728722      97.5302525
2016    15      0.7066463       134.97349125
2016    16      1.6013245       213.498925
2016    17      1.69485338      221.222675
2016    18      1.18951575      188.13615
2016    19      1.61364938      214.1845125
2016    20      1.1078125       184.9454125
2016    21      1.60965087      209.6234125
2016    22      0.89591465      163.312275
2016    23      0.75646775      145.7669875
2016    24      1.543474        212.95375
2016    25      2.3247385       246.5176375
2016    26      2.1166175       235.6831625
2016    27      1.49968187      210.49945
2016    28      1.51040988      208.7784375
2016    29      1.53898168      202.1216375
2016    30      1.21654117      186.5903625
2017    1       1.09011769      177.2458625
2017    2       1.62136101      209.504225
2017    3       1.1964252       184.0198875
2017    4       0.86087425      155.9236375
2017    5       1.14684453      180.540925
2017    6       0.66201784      128.6606875
2017    7       0.7363975       137.4109375
2017    8       1.2736115       190.5904125
2017    9       0.74414271      139.8418
2017    10      0.56533245      118.0669375
2017    11      0.77554335      142.3690625
2017    12      0.89906212      158.4381375
2017    13      0.79960546      149.134325
2017    14      0.9138495       162.4866125
2017    15      1.18250401      187.3278625
2017    16      1.24242238      192.6851375
2017    17      1.75543638      222.363575
2017    18      1.33922545      196.064675
2017    19      0.89595294      152.8670375
2017    20      1.08466505      175.437675
2017    21      1.38485875      202.3783875
2017    22      1.35197625      197.536025
2017    23      1.28739688      183.8569625
2017    24      1.4883735       206.4902
2017    25      0.43695984      97.146335
2017    26      1.05405814      164.0411
2017    27      2.0961265       235.4834375
2017    28      2.05249475      231.2017
2017    29      1.96159087      230.026225
2017    30      1.59158488      211.1728375
2018    1       1.03519048      171.4547125
2018    2       1.53393284      189.88215
2018    3       2.30130325      240.0049125
2018    4       1.2921118       190.839175
2018    5       0.99187682      173.675475
2018    6       0.90991356      166.1699
2018    7       1.27023046      186.2699125
2018    8       1.91826058      223.12455
2018    9       1.96333712      232.9722
2018    10      1.73769425      221.2953125
2018    11      1.410516        200.7636125
2018    12      1.43640062      204.6127875
2018    13      1.35653085      197.2623
2018    14      1.49418651      204.7309125
2018    15      1.11752038      177.9481
2018    16      1.11462801      178.3224
2018    17      1.46415729      202.9257375
2018    18      1.86462175      225.2472875
2018    19      0.91183235      155.8248625
2018    20      0.48097635      104.0144825
2018    21      1.20178572      167.98257875
2018    22      2.12587012      237.3960125
2018    23      1.25965271      192.0468125
2018    24      1.80811174      216.499275
2018    25      1.35948738      197.5217125
2018    26      1.47827488      206.270425
2018    27      1.58840425      208.176575
2018    28      1.68646687      218.411625
2018    29      1.96289488      228.1977625
2018    30      1.3994411       200.55595
