####################################################################################################
# Month: 12Dec                                                                                     #
# Station: LEN                                                                                     #
# Frequency: 230 GHz                                                                               #
# Columns are: year    day     tau     Tb (K)                                                      #
####################################################################################################
2009    1       0.11531176      32.5778025
2009    2       0.0784701       24.46455625
2009    3       0.10094762      29.32150125
2009    4       0.14539981      39.86562
2009    5       0.15272151      41.65208375
2009    6       0.24218901      60.9136025
2009    7       0.23549381      58.88765875
2009    8       0.14676812      39.8572475
2009    9       0.07928803      24.4992125
2009    10      0.16011078      42.4587125
2009    11      0.26123069      64.37310625
2009    12      0.2423983       58.74286875
2009    13      0.43097622      96.3200675
2009    14      0.14685622      39.0984175
2009    15      0.24445582      61.09628625
2009    16      0.21223009      55.25077125
2009    17      0.17114521      45.1088075
2009    18      0.1862213       48.71565375
2009    19      0.19855716      51.41204375
2009    20      0.07264691      22.9753725
2009    21      0.07006292      22.2170675
2009    22      0.10938483      31.74031125
2009    23      0.14693802      39.97940375
2009    24      0.23748756      60.14203125
2009    25      0.17462406      47.29601
2009    26      0.130141        37.09004875
2009    27      0.13164082      37.04952625
2009    28      0.13486063      37.6631625
2009    29      0.2117105       53.6339475
2009    30      0.34835852      82.09052625
2009    31      0.38572936      88.4271025
2010    1       0.09114375      27.34320625
2010    2       0.12783769      35.7862625
2010    3       0.18184369      47.37922875
2010    4       0.13438427      37.59443875
2010    5       0.19004324      49.82504375
2010    6       0.2018747       52.5696325
2010    7       0.15598748      42.6063625
2010    8       0.12298643      35.0623225
2010    9       0.15021775      41.36123
2010    10      0.15451834      41.89256625
2010    11      0.25936108      63.671135
2010    12      0.12892724      35.28628375
2010    13      0.19302789      51.27744125
2010    14      0.20434728      53.80907
2010    15      0.30565823      74.40105125
2010    16      0.20096554      52.90643625
2010    17      0.13113675      37.006425
2010    18      0.09508274      28.47333625
2010    19      0.07938165      24.69723375
2010    20      0.12991484      36.9896375
2010    21      0.3410606       78.69641875
2010    22      0.51645525      111.97681375
2010    23      0.27606641      68.217555
2010    24      0.13448186      37.5824125
2010    25      0.16208995      44.92693625
2010    26      0.27295802      68.63402875
2010    27      0.43145651      97.6419525
2010    28      0.65328136      129.69542625
2010    29      0.72343418      139.006225
2010    30      0.5573425       113.30189375
2010    31      0.68535509      132.84458875
2011    1       0.07669923      24.09403625
2011    2       0.1300298       36.39777875
2011    3       0.12982729      36.65139375
2011    4       0.17095062      45.80723625
2011    5       0.30778947      71.5726725
2011    6       0.40257702      89.8698
2011    7       0.4282854       96.05359875
2011    8       0.5284445       111.52809
2011    9       0.36460622      82.07295
2011    10      0.14901881      41.07566625
2011    11      0.11922402      34.12654625
2011    12      0.20895669      54.32176
2011    13      0.20565482      53.9573825
2011    14      0.25094254      63.80784375
2011    15      0.3435878       80.325855
2011    16      0.48301013      104.2164325
2011    17      0.44491755      95.0786725
2011    18      0.40339959      91.53577875
2011    19      0.20558549      54.21908875
2011    20      0.12819932      36.63404375
2011    21      0.1136562       33.06897875
2011    22      0.09214964      27.9826475
2011    23      0.13960512      39.04847125
2011    24      0.14798164      41.215715
2011    25      0.13961557      39.0020775
2011    26      0.29392299      71.79538875
2011    27      0.42165174      96.862165
2011    28      0.45971886      103.49865125
2011    29      0.33676642      81.80091875
2011    30      0.15786053      43.1702425
2011    31      0.35117919      83.79912375
2012    1       0.27869662      67.8282575
2012    2       0.35831571      83.36811625
2012    3       0.46032579      102.1075775
2012    4       0.28870956      70.4052475
2012    5       0.18697701      49.85639
2012    6       0.22341911      55.89992625
2012    7       0.08060395      24.933245
2012    8       0.10052935      30.08006875
2012    9       0.09915429      29.91649375
2012    10      0.13535104      38.13921
2012    11      0.10251473      30.57561625
2012    12      0.12817946      36.2582025
2012    13      0.18320576      48.85217875
2012    14      0.16783719      45.28269625
2012    15      0.21422067      53.800285
2012    16      0.18702351      49.29926875
2012    17      0.26827862      65.4189275
2012    18      0.29952444      71.5724325
2012    19      0.37258814      85.43931875
2012    20      0.3165964       74.08142125
2012    21      0.07707199      23.85676875
2012    22      0.11732622      33.99635375
2012    23      0.14672465      40.92184125
2012    24      0.23870058      60.4879825
2012    25      0.14771048      39.922745
2012    26      0.07980072      24.504655
2012    27      0.11583302      33.1089725
2012    28      0.22546415      57.49716125
2012    29      0.17390941      46.59131125
2012    30      0.18963549      50.43010375
2012    31      0.17353502      46.29848875
2013    1       0.08817822      26.84348375
2013    2       0.08784399      26.71160375
2013    3       0.05985636      19.86715
2013    4       0.07673422      24.2429375
2013    5       0.10831485      31.02203875
2013    6       0.11375011      32.7856975
2013    7       0.1244481       35.5886325
2013    8       0.29555772      71.0257575
2013    9       0.15457185      41.992095
2013    10      0.21782884      55.5303775
2013    11      0.33361816      78.90435375
2013    12      0.35269165      81.47623375
2013    13      0.28716148      70.29560125
2013    14      0.24722018      62.56413875
2013    15      0.33495595      78.5118775
2013    16      0.56367075      119.263875
2013    17      0.32282084      77.275995
2013    18      0.45948166      102.14282
2013    19      0.26809243      66.59974375
2013    20      0.53434249      113.87525125
2013    21      0.39172234      89.2577075
2013    22      0.39132321      87.66835875
2013    23      0.7027395       139.6933
2013    24      0.82061489      152.482645
2013    25      0.14629397      40.91383
2013    26      0.11241284      33.22858125
2013    27      0.09836346      29.627995
2013    28      0.10462648      31.24511125
2013    29      0.1092508       32.06584
2013    30      0.16783306      45.64009875
2013    31      0.28546657      70.29320625
2014    1       0.14548509      39.3472525
2014    2       0.15159458      41.17735375
2014    3       0.17791078      47.3119225
2014    4       0.12752871      36.043375
2014    5       0.14131645      39.6007375
2014    6       0.15591188      42.60235125
2014    7       0.19014391      49.775345
2014    8       0.22427332      57.5388475
2014    9       0.34739362      80.66254375
2014    10      0.33893785      79.16142375
2014    11      0.39003901      87.90149875
2014    12      0.21987542      55.54919
2014    13      0.26633582      63.61168375
2014    14      0.35016185      80.328535
2014    15      0.18378231      48.24564125
2014    16      0.13831464      38.101565
2014    17      0.14317698      39.2151175
2014    18      0.11960235      34.33822875
2014    19      0.08643772      26.25139375
2014    20      0.30325021      69.94430625
2014    21      0.18825525      48.247725
2014    22      0.13796797      37.56955
2014    23      0.08976614      27.2343925
2014    24      0.12660408      35.87325
2014    25      0.13619845      38.12190375
2014    26      0.11698223      33.71582375
2014    27      0.14696425      40.59196375
2014    28      0.11873439      33.86005625
2014    29      0.22980761      58.69741375
2014    30      0.33382269      77.9096725
2014    31      0.34850559      80.3917775
2015    1       0.25462657      62.59822375
2015    2       0.23399334      59.6658725
2015    3       0.17589632      45.622195
2015    4       0.33519891      77.2086925
2015    5       0.61255956      124.66745
2015    6       0.37923466      84.9619975
2015    7       0.36716501      85.6166825
2015    8       0.21448698      55.0390475
2015    9       0.15724065      41.746725
2015    10      0.3095167       74.69818
2015    11      0.17595762      47.27738
2015    12      0.27468284      65.71795875
2015    13      0.25126805      62.1477775
2015    14      0.15704444      42.73479
2015    15      0.14073121      39.05927875
2015    16      0.20565808      53.04908875
2015    17      0.22555138      56.5392725
2015    18      0.16369804      43.88292
2015    19      0.11953706      33.81343875
2015    20      0.1304872       36.34923375
2015    21      0.1478211       40.07310625
2015    22      0.12392041      35.178365
2015    23      0.12807721      36.21062875
2015    24      0.09424397      28.64716
2015    25      0.1077802       31.8810375
2015    26      0.09722223      29.28452
2015    27      0.1128641       33.04849
2015    28      0.31510159      73.6340175
2015    29      0.18262494      48.27596125
2015    30      0.18825472      50.02877
2015    31      0.13448994      37.44189
2016    1       0.21088924      54.3289225
2016    2       0.16034685      43.04835875
2016    3       0.19344764      50.3989175
2016    4       0.14023403      39.43027875
2016    5       0.12745501      35.8278075
2016    6       0.16498069      44.3192375
2016    7       0.23402206      58.108515
2016    8       0.42714142      93.046515
2016    9       0.44538126      97.906865
2016    10      0.4888794       104.0990425
2016    11      0.19923384      51.77213875
2016    12      0.2088645       54.33597375
2016    13      0.12549283      35.5148725
2016    14      0.1724057       46.82691
2016    15      0.15093762      41.4528175
2016    16      0.26501202      66.56974375
2016    17      0.17963444      47.5977375
2016    18      0.1599488       43.0934
2016    19      0.13764699      38.82642375
2016    20      0.13153639      37.25801625
2016    21      0.24059035      61.19606125
2016    22      0.24582014      62.25861875
2016    23      0.14933437      41.37344
2016    24      0.15117216      41.65331125
2016    25      0.20692995      52.3561325
2016    26      0.35202582      80.9052575
2016    27      0.23712232      59.90579875
2016    28      0.15761         43.5631475
2016    29      0.29299186      71.87283625
2016    30      0.37617815      86.71165125
2016    31      0.15323009      42.306425
2017    1       0.39971331      88.07173875
2017    2       0.20943076      52.69935875
2017    3       0.23479119      58.15737625
2017    4       0.28771558      69.28928
2017    5       0.1929888       50.111565
2017    6       0.17160089      46.09411875
2017    7       0.15830396      43.38974
2017    8       0.12251116      35.2407625
2017    9       0.16974476      45.5688275
2017    10      0.33013997      79.713445
2017    11      0.48734002      108.11174625
2017    12      0.20331481      52.5703
2017    13      0.18302704      48.364675
2017    14      0.19477015      51.19223875
2017    15      0.22677439      58.92724
2017    16      0.13578199      37.99444125
2017    17      0.13149158      36.751315
2017    18      0.22962354      58.209975
2017    19      0.14756655      40.970745
2017    20      0.13558343      38.17597875
2017    21      0.12417301      35.9011
2017    22      0.10677229      31.02982125
2017    23      0.16914715      45.31836
2017    24      0.12759783      35.81570875
2017    25      0.20069071      52.77436
2017    26      0.24538845      61.92479875
2017    27      0.25040001      62.6248025
2017    28      0.29918726      73.41224375
2017    29      0.24629859      62.483565
2017    30      0.16867568      45.26384875
2017    31      0.51148241      108.6226225
