####################################################################################################
# Month: 03Mar                                                                                     #
# Station: ALMA                                                                                    #
# Columns are: year    day     RH (percent)                                                        #
####################################################################################################
9       1       0.69297288
9       2       0.694873
9       3       0.80084625
9       4       0.55761225
9       5       0.57561788
9       6       0.4052125
9       7       0.437867
9       8       0.4540255
9       9       0.177471
9       10      0.04728275
9       11      0.08123912
9       12      0.296765
9       13      0.61537562
9       14      0.3008595
9       15      0.28632225
9       16      0.35030688
9       17      0.23093925
9       18      0.599007
9       19      0.54872888
9       20      0.71718225
9       21      0.63038375
9       22      0.3374655
9       23      0.25518375
9       24      0.20964788
9       25      0.28759875
9       26      0.1203775
9       27      0.04938825
9       28      0.06131475
9       29      0.09628288
9       30      0.18438888
9       31      0.24489937
