####################################################################################################
# Month: 07Jul                                                                                     #
# Station: PIKE                                                                                    #
# Columns are: year    day     windspeed (m/s)                                                     #
####################################################################################################
2009    1       3.190248
2009    2       3.76021088
2009    3       10.95756938
2009    4       9.08336138
2009    5       8.56779625
2009    6       8.61681325
2009    7       8.85445975
2009    8       9.49925538
2009    9       10.45626912
2009    10      7.96348638
2009    11      6.68970275
2009    12      8.11157125
2009    13      7.57782838
2009    14      9.948628
2009    15      8.21187888
2009    16      9.658124
2009    17      11.84830388
2009    18      13.38865525
2009    19      11.65230962
2009    20      11.12522388
2009    21      9.59602213
2009    22      7.05176875
2009    23      7.63791575
2009    24      6.44096838
2009    25      2.8893385
2009    26      6.30656925
2009    27      7.46638812
2009    28      13.23216375
2009    29      13.34950788
2009    30      13.78326438
2009    31      11.84865575
