####################################################################################################
# Month: 04Apr                                                                                     #
# Station: CNI                                                                                     #
# Columns are: year    day     RH (percent)                                                        #
####################################################################################################
9       1       0.0802545
9       2       0.09176788
9       3       0.28833062
9       4       0.10458912
9       5       0.08529912
9       6       0.02438988
9       7       0.13848013
9       8       0.352928
9       9       0.16971138
9       10      0.24042287
9       11      0.2045945
9       12      0.0806225
9       13      0.19510613
9       14      0.22441288
9       15      0.15392088
9       16      0.18176588
9       17      0.26343063
9       18      0.31357138
9       19      0.22422125
9       20      0.16177875
9       21      0.088435
9       22      0.16361775
9       23      0.09334812
9       24      0.065298
9       25      0.16351175
9       26      0.25253838
9       27      0.243305
9       28      0.20773988
9       29      0.15428062
9       30      0.03627725
