####################################################################################################
# Month: 06Jun                                                                                     #
# Station: SAL                                                                                     #
# Columns are: year    day     RH (percent)                                                        #
####################################################################################################
9       1       0.5106045
9       2       0.46215662
9       3       0.66806112
9       4       0.68353575
9       5       0.50989425
9       6       0.71232212
9       7       0.50123112
9       8       0.34858925
9       9       0.69326275
9       10      0.881694
9       11      0.85831175
9       12      0.63247875
9       13      0.83059025
9       14      0.70051662
9       15      0.43130675
9       16      0.890381
9       17      0.32332875
9       18      0.23743387
9       19      0.61811975
9       20      0.77943475
9       21      0.61536612
9       22      0.61757575
9       23      0.97852388
9       24      0.90750025
9       25      0.84640675
9       26      0.40050888
9       27      0.25532112
9       28      0.35408225
9       29      0.28883288
9       30      0.292058
