####################################################################################################
# Month: 08Aug                                                                                     #
# Station: ORG                                                                                     #
# Columns are: year    day     windspeed (m/s)                                                     #
####################################################################################################
2009    1       3.22193788
2009    2       5.1954855
2009    3       3.02500775
2009    4       3.50294162
2009    5       6.1925515
2009    6       5.12602775
2009    7       6.05342238
2009    8       7.60472238
2009    9       3.50866188
2009    10      3.124187
2009    11      3.77363075
2009    12      5.73919912
2009    13      6.05770662
2009    14      5.55679362
2009    15      5.56808775
2009    16      4.33793387
2009    17      3.114946
2009    18      4.35807438
2009    19      2.97916688
2009    20      2.43468912
2009    21      3.74830738
2009    22      3.81522113
2009    23      5.90157262
2009    24      3.82737162
2009    25      5.127
2009    26      6.441035
2009    27      3.81833875
2009    28      4.70986412
2009    29      6.276373
2009    30      6.95909162
2009    31      6.77582738
