####################################################################################################
# Month: 08Aug                                                                                     #
# Station: ORG                                                                                     #
# Columns are: year    day     segment         RH (percent)                                        #
####################################################################################################
9       1       0       0.254505
9       1       1       0.251386
9       1       2       0.260501
9       1       3       0.266356
9       1       4       0.277875
9       1       5       0.290725
9       1       6       0.30722
9       1       7       0.279988
9       2       0       0.241336
9       2       1       0.228789
9       2       2       0.229747
9       2       3       0.236668
9       2       4       0.270152
9       2       5       0.308206
9       2       6       0.315209
9       2       7       0.309737
9       3       0       0.270651
9       3       1       0.256058
9       3       2       0.292465
9       3       3       0.333667
9       3       4       0.347435
9       3       5       0.318301
9       3       6       0.401376
9       3       7       0.2872
9       4       0       0.227242
9       4       1       0.215348
9       4       2       0.294861
9       4       3       0.356795
9       4       4       0.351642
9       4       5       0.280948
9       4       6       0.288829
9       4       7       0.313518
9       5       0       0.276835
9       5       1       0.255934
9       5       2       0.246068
9       5       3       0.433581
9       5       4       0.388722
9       5       5       0.59874
9       5       6       0.595877
9       5       7       0.500883
9       6       0       0.413147
9       6       1       0.612165
9       6       2       0.682818
9       6       3       0.62241
9       6       4       0.516135
9       6       5       0.474684
9       6       6       0.703446
9       6       7       0.947263
9       7       0       0.849314
9       7       1       0.842759
9       7       2       0.932361
9       7       3       0.974909
9       7       4       0.960831
9       7       5       0.962259
9       7       6       0.981446
9       7       7       0.980956
9       8       0       0.978067
9       8       1       0.985964
9       8       2       0.981386
9       8       3       0.977227
9       8       4       0.964493
9       8       5       0.913629
9       8       6       0.969296
9       8       7       0.845549
9       9       0       0.718167
9       9       1       0.742834
9       9       2       0.744324
9       9       3       0.793855
9       9       4       0.828017
9       9       5       0.808573
9       9       6       0.781362
9       9       7       0.607685
9       10      0       0.494664
9       10      1       0.464232
9       10      2       0.49038
9       10      3       0.516761
9       10      4       0.509602
9       10      5       0.494388
9       10      6       0.481376
9       10      7       0.390222
9       11      0       0.321751
9       11      1       0.303148
9       11      2       0.317691
9       11      3       0.328114
9       11      4       0.307377
9       11      5       0.284781
9       11      6       0.321168
9       11      7       0.319702
9       12      0       0.309801
9       12      1       0.310889
9       12      2       0.342231
9       12      3       0.328283
9       12      4       0.311353
9       12      5       0.322414
9       12      6       0.40055
9       12      7       0.261845
9       13      0       0.188182
9       13      1       0.173284
9       13      2       0.222151
9       13      3       0.232252
9       13      4       0.405257
9       13      5       0.408399
9       13      6       0.581168
9       13      7       0.423159
9       14      0       0.40225
9       14      1       0.522509
9       14      2       0.514391
9       14      3       0.530753
9       14      4       0.533127
9       14      5       0.554436
9       14      6       0.824067
9       14      7       0.571135
9       15      0       0.367896
9       15      1       0.338091
9       15      2       0.439395
9       15      3       0.585045
9       15      4       0.616041
9       15      5       0.534632
9       15      6       0.556821
9       15      7       0.35912
9       16      0       0.288527
9       16      1       0.29362
9       16      2       0.31372
9       16      3       0.341373
9       16      4       0.391628
9       16      5       0.380387
9       16      6       0.471689
9       16      7       0.38875
9       17      0       0.321954
9       17      1       0.318472
9       17      2       0.344574
9       17      3       0.357729
9       17      4       0.360567
9       17      5       0.37393
9       17      6       0.390677
9       17      7       0.341158
9       18      0       0.318654
9       18      1       0.371051
9       18      2       0.351075
9       18      3       0.32251
9       18      4       0.320634
9       18      5       0.242477
9       18      6       0.293192
9       18      7       0.296503
9       19      0       0.291713
9       19      1       0.29577
9       19      2       0.280512
9       19      3       0.280196
9       19      4       0.294875
9       19      5       0.30049
9       19      6       0.315024
9       19      7       0.275445
9       20      0       0.244488
9       20      1       0.237984
9       20      2       0.253965
9       20      3       0.273893
9       20      4       0.28361
9       20      5       0.293359
9       20      6       0.299771
9       20      7       0.247731
9       21      0       0.197048
9       21      1       0.178768
9       21      2       0.178316
9       21      3       0.19848
9       21      4       0.228748
9       21      5       0.231379
9       21      6       0.307041
9       21      7       0.294721
9       22      0       0.24029
9       22      1       0.227175
9       22      2       0.253299
9       22      3       0.261526
9       22      4       0.271245
9       22      5       0.279548
9       22      6       0.318691
9       22      7       0.313926
9       23      0       0.265837
9       23      1       0.237031
9       23      2       0.261153
9       23      3       0.286352
9       23      4       0.308444
9       23      5       0.497181
9       23      6       0.668008
9       23      7       0.586705
9       24      0       0.436641
9       24      1       0.379552
9       24      2       0.568334
9       24      3       0.545703
9       24      4       0.495279
9       24      5       0.450867
9       24      6       0.521332
9       24      7       0.418795
9       25      0       0.345964
9       25      1       0.343977
9       25      2       0.40738
9       25      3       0.447821
9       25      4       0.432532
9       25      5       0.441884
9       25      6       0.459543
9       25      7       0.407024
9       26      0       0.340565
9       26      1       0.317175
9       26      2       0.286284
9       26      3       0.23191
9       26      4       0.223145
9       26      5       0.233532
9       26      6       0.241487
9       26      7       0.201084
9       27      0       0.174148
9       27      1       0.174547
9       27      2       0.186727
9       27      3       0.187784
9       27      4       0.197395
9       27      5       0.209967
9       27      6       0.227647
9       27      7       0.205557
9       28      0       0.184154
9       28      1       0.178817
9       28      2       0.189533
9       28      3       0.2038
9       28      4       0.216551
9       28      5       0.218956
9       28      6       0.239153
9       28      7       0.228276
9       29      0       0.200322
9       29      1       0.187689
9       29      2       0.191482
9       29      3       0.228278
9       29      4       0.393104
9       29      5       0.565215
9       29      6       0.585116
9       29      7       0.468952
9       30      0       0.410074
9       30      1       0.40523
9       30      2       0.404461
9       30      3       0.389459
9       30      4       0.435452
9       30      5       0.510492
9       30      6       0.758218
9       30      7       0.546381
9       31      0       0.377441
9       31      1       0.334102
9       31      2       0.372052
9       31      3       0.387334
9       31      4       0.377228
9       31      5       0.413894
9       31      6       0.397559
9       31      7       0.308285
