####################################################################################################
# Month: 08Aug                                                                                     #
# Station: ORG                                                                                     #
# Columns are: year    day     segment         windspeed (m/s)                                     #
####################################################################################################
2009    1       0       1.968941
2009    1       1       3.268441
2009    1       2       3.226537
2009    1       3       2.602053
2009    1       4       3.34631
2009    1       5       4.000267
2009    1       6       4.395907
2009    1       7       2.967047
2009    2       0       3.046825
2009    2       1       5.972512
2009    2       2       7.79498
2009    2       3       7.330811
2009    2       4       5.101146
2009    2       5       4.172341
2009    2       6       4.087925
2009    2       7       4.057344
2009    3       0       3.89757
2009    3       1       4.023746
2009    3       2       2.963724
2009    3       3       0.920821
2009    3       4       1.941946
2009    3       5       3.418665
2009    3       6       4.223205
2009    3       7       2.810385
2009    4       0       1.390272
2009    4       1       1.883832
2009    4       2       3.660095
2009    4       3       3.827895
2009    4       4       3.96019
2009    4       5       4.013185
2009    4       6       4.069952
2009    4       7       5.218112
2009    5       0       6.345427
2009    5       1       5.679839
2009    5       2       6.462359
2009    5       3       8.466448
2009    5       4       4.555916
2009    5       5       5.832427
2009    5       6       5.686252
2009    5       7       6.511744
2009    6       0       8.822464
2009    6       1       8.36219
2009    6       2       4.702398
2009    6       3       4.122207
2009    6       4       2.600246
2009    6       5       3.278287
2009    6       6       2.311322
2009    6       7       6.809108
2009    7       0       9.672445
2009    7       1       6.388074
2009    7       2       6.042586
2009    7       3       5.708638
2009    7       4       4.26656
2009    7       5       5.064889
2009    7       6       5.51799
2009    7       7       5.766197
2009    8       0       7.341025
2009    8       1       9.390862
2009    8       2       10.909355
2009    8       3       9.738945
2009    8       4       6.994235
2009    8       5       6.190777
2009    8       6       5.36828
2009    8       7       4.9043
2009    9       0       4.239011
2009    9       1       4.15872
2009    9       2       5.13108
2009    9       3       4.914328
2009    9       4       3.740897
2009    9       5       1.725159
2009    9       6       1.706127
2009    9       7       2.453973
2009    10      0       2.561203
2009    10      1       2.162808
2009    10      2       2.11636
2009    10      3       2.49192
2009    10      4       3.322624
2009    10      5       3.974868
2009    10      6       4.157997
2009    10      7       4.205716
2009    11      0       2.97204
2009    11      1       1.751561
2009    11      2       1.271211
2009    11      3       2.567607
2009    11      4       3.77282
2009    11      5       5.551229
2009    11      6       6.329721
2009    11      7       5.972857
2009    12      0       6.249113
2009    12      1       7.06827
2009    12      2       7.567066
2009    12      3       5.636814
2009    12      4       5.016629
2009    12      5       4.616736
2009    12      6       4.011091
2009    12      7       5.747874
2009    13      0       6.677264
2009    13      1       6.509501
2009    13      2       5.374198
2009    13      3       4.45417
2009    13      4       5.172525
2009    13      5       6.267316
2009    13      6       6.20455
2009    13      7       7.802129
2009    14      0       7.188515
2009    14      1       7.767639
2009    14      2       6.839274
2009    14      3       3.803667
2009    14      4       4.322038
2009    14      5       5.145497
2009    14      6       4.249275
2009    14      7       5.138444
2009    15      0       5.795893
2009    15      1       6.96674
2009    15      2       8.014788
2009    15      3       6.496516
2009    15      4       5.137537
2009    15      5       4.828257
2009    15      6       3.306842
2009    15      7       3.998129
2009    16      0       4.384719
2009    16      1       3.768487
2009    16      2       4.295567
2009    16      3       5.821624
2009    16      4       6.999185
2009    16      5       4.479331
2009    16      6       2.027954
2009    16      7       2.926604
2009    17      0       3.548446
2009    17      1       3.311885
2009    17      2       3.211446
2009    17      3       2.411309
2009    17      4       2.543975
2009    17      5       3.019565
2009    17      6       3.664109
2009    17      7       3.208833
2009    18      0       4.060672
2009    18      1       6.544422
2009    18      2       4.451122
2009    18      3       5.80376
2009    18      4       5.024767
2009    18      5       4.310312
2009    18      6       2.601215
2009    18      7       2.068325
2009    19      0       0.832693
2009    19      1       4.294447
2009    19      2       6.301327
2009    19      3       5.005735
2009    19      4       3.543666
2009    19      5       2.463023
2009    19      6       0.34624
2009    19      7       1.046204
2009    20      0       1.76575
2009    20      1       1.855685
2009    20      2       2.000548
2009    20      3       1.734158
2009    20      4       1.639016
2009    20      5       2.361525
2009    20      6       3.82889
2009    20      7       4.291941
2009    21      0       3.636011
2009    21      1       2.762479
2009    21      2       3.2336
2009    21      3       2.627272
2009    21      4       3.028087
2009    21      5       4.614358
2009    21      6       4.785694
2009    21      7       5.298958
2009    22      0       5.46143
2009    22      1       4.475609
2009    22      2       5.357441
2009    22      3       2.327902
2009    22      4       1.711954
2009    22      5       3.884736
2009    22      6       3.156392
2009    22      7       4.146305
2009    23      0       5.459379
2009    23      1       6.165069
2009    23      2       8.176493
2009    23      3       3.192757
2009    23      4       5.226547
2009    23      5       7.353184
2009    23      6       6.31232
2009    23      7       5.326832
2009    24      0       4.587253
2009    24      1       4.687661
2009    24      2       6.33599
2009    24      3       3.259445
2009    24      4       1.144259
2009    24      5       1.983574
2009    24      6       3.929121
2009    24      7       4.69167
2009    25      0       4.49441
2009    25      1       4.587673
2009    25      2       6.17916
2009    25      3       6.208457
2009    25      4       5.078741
2009    25      5       5.214753
2009    25      6       4.424257
2009    25      7       4.828549
2009    26      0       5.347193
2009    26      1       5.701847
2009    26      2       6.03048
2009    26      3       6.945271
2009    26      4       6.286385
2009    26      5       7.758909
2009    26      6       6.791592
2009    26      7       6.666603
2009    27      0       4.947731
2009    27      1       4.378984
2009    27      2       3.99948
2009    27      3       2.825751
2009    27      4       1.569388
2009    27      5       3.894008
2009    27      6       5.324268
2009    27      7       3.6071
2009    28      0       3.434384
2009    28      1       2.005362
2009    28      2       3.412029
2009    28      3       4.539019
2009    28      4       5.673218
2009    28      5       6.468313
2009    28      6       5.856021
2009    28      7       6.290567
2009    29      0       5.226471
2009    29      1       4.032022
2009    29      2       4.312403
2009    29      3       6.164491
2009    29      4       7.194492
2009    29      5       7.961931
2009    29      6       6.671556
2009    29      7       8.647618
2009    30      0       8.862319
2009    30      1       8.566918
2009    30      2       5.496576
2009    30      3       7.176884
2009    30      4       7.999874
2009    30      5       6.863449
2009    30      6       4.534116
2009    30      7       6.172597
2009    31      0       6.092934
2009    31      1       5.89874
2009    31      2       7.171277
2009    31      3       8.148406
2009    31      4       7.525988
2009    31      5       6.16872
2009    31      6       6.233249
2009    31      7       6.967305
