####################################################################################################
# Month: 06Jun                                                                                     #
# Station: PAR                                                                                     #
# Frequency: 230 GHz                                                                               #
# Columns are: year    day     tau     Tb (K)                                                      #
####################################################################################################
2009    1       0.10469624      30.86203
2009    2       0.11369352      33.498135
2009    3       0.09533173      29.12384625
2009    4       0.06238108      20.8504075
2009    5       0.05388507      18.50435125
2009    6       0.04999367      17.40225
2009    7       0.06837894      22.05412
2009    8       0.09466295      28.57169375
2009    9       0.11366186      33.0453675
2009    10      0.14880576      41.2387225
2009    11      0.14988805      41.7326775
2009    12      0.0895391       27.55211
2009    13      0.07758392      24.718455
2009    14      0.16537515      44.66033875
2009    15      0.19969751      51.7979475
2009    16      0.08333218      25.8949475
2009    17      0.08772291      26.521635
2009    18      0.10573875      30.97128875
2009    19      0.0620271       20.6213525
2009    20      0.10074271      29.96805875
2009    21      0.14205884      39.9426875
2009    22      0.13038691      37.29954125
2009    23      0.1482556       41.0821075
2009    24      0.18865885      50.2991825
2009    25      0.25184925      63.13190125
2009    26      0.18143539      48.47768375
2009    27      0.1430434       40.14232625
2009    28      0.1223724       35.4674875
2009    29      0.12948044      36.9615125
2009    30      0.09894366      29.91819875
2010    1       0.06625539      21.67019125
2010    2       0.08376931      26.13051125
2010    3       0.09553157      28.928585
2010    4       0.07713849      24.566145
2010    5       0.05347563      18.58613
2010    6       0.05822209      19.61795875
2010    7       0.04882422      17.28167
2010    8       0.07306881      23.56096625
2010    9       0.1077961       32.24465
2010    10      0.17544316      46.37829
2010    11      0.31772745      76.00432125
2010    12      0.25964815      65.5226
2010    13      0.29329406      72.31580375
2010    14      0.13742858      38.21599625
2010    15      0.06729705      21.835025
2010    16      0.08940669      27.44740125
2010    17      0.08666118      26.8313075
2010    18      0.11317587      32.81014875
2010    19      0.09189159      27.64320625
2010    20      0.11036902      31.95256875
2010    21      0.08346665      25.7575775
2010    22      0.0651445       21.28211125
2010    23      0.26050317      61.7501375
2010    24      0.32862526      79.2655825
2010    25      0.17270604      48.1139675
2010    26      0.12660838      36.8137375
2010    27      0.09653833      29.4571375
2010    28      0.07603691      24.28982875
2010    29      0.06380204      21.00040625
2010    30      0.06246319      20.92433125
2011    1       0.4972189       108.29822125
2011    2       0.32994986      78.497815
2011    3       0.10177684      30.65339
2011    4       0.1314492       37.82137125
2011    5       0.31976348      76.89032625
2011    6       0.2087983       53.89151
2011    7       0.1275168       36.43752
2011    8       0.19420121      51.41901125
2011    9       0.17890374      48.10752875
2011    10      0.1282799       37.307065
2011    11      0.07836712      25.23289125
2011    12      0.05897268      20.01394125
2011    13      0.06183034      20.77245125
2011    14      0.13541109      38.4113575
2011    15      0.18259374      49.703075
2011    16      0.27950551      69.194265
2011    17      0.2741566       68.77394875
2011    18      0.34122679      81.0416025
2011    19      0.1800613       48.635065
2011    20      0.19884858      52.08690875
2011    21      0.07904832      24.88434875
2011    22      0.08125779      25.1299525
2011    23      0.07947381      25.0159225
2011    24      0.07086365      23.15429125
2011    25      0.05888453      19.87962
2011    26      0.11218876      32.4983075
2011    27      0.13502829      38.18445375
2011    28      0.09377039      28.46214625
2011    29      0.05271773      18.1082525
2011    30      0.07888564      24.79215375
2012    1       0.141078        39.58275875
2012    2       0.17069959      47.21710875
2012    3       0.07270925      23.73717625
2012    4       0.11794333      34.63051
2012    5       0.10651492      31.6429525
2012    6       0.09090127      27.6179225
2012    7       0.1040173       30.94207875
2012    8       0.14086296      39.75698
2012    9       0.26608086      66.547345
2012    10      0.23393008      60.4103625
2012    11      0.12834289      36.9860025
2012    12      0.12609173      36.0911375
2012    13      0.16479791      44.78951625
2012    14      0.15658064      43.5531375
2012    15      0.21245774      55.459785
2012    16      0.26444004      67.03132125
2012    17      0.26192459      65.99529875
2012    18      0.14872102      41.540505
2012    19      0.16641531      45.26469375
2012    20      0.13774334      38.8772225
2012    21      0.07238848      23.11714875
2012    22      0.08496045      26.500445
2012    23      0.0499221       17.6815425
2012    24      0.05516344      19.16313125
2012    25      0.07304518      23.147455
2012    26      0.12273451      34.89717125
2012    27      0.1069627       31.3610225
2012    28      0.14036878      39.6741275
2012    29      0.14068814      40.45318625
2012    30      0.08910737      27.9343275
2013    1       0.13505006      38.3062975
2013    2       0.10769848      31.957085
2013    3       0.08252451      26.02794375
2013    4       0.04257493      15.79235625
2013    5       0.0447208       16.30740875
2013    6       0.05488864      18.98929625
2013    7       0.17903716      48.15303875
2013    8       0.26644735      66.049685
2013    9       0.38168935      89.0946575
2013    10      0.27523416      69.44487625
2013    11      0.16772674      46.18653375
2013    12      0.39041929      88.55745875
2013    13      0.50091071      109.31627
2013    14      0.53286285      114.4601
2013    15      0.21419658      54.2685475
2013    16      0.09589812      29.41184
2013    17      0.10116224      30.70786875
2013    18      0.13223396      37.93273375
2013    19      0.15471061      42.79702
2013    20      0.10639845      31.51536125
2013    21      0.04740924      16.93800625
2013    22      0.06125834      20.5951
2013    23      0.10304268      30.63080125
2013    24      0.12874089      36.634165
2013    25      0.10850031      32.16103875
2013    26      0.15642656      42.679555
2013    27      0.29017276      71.32695625
2013    28      0.22587185      58.77157625
2013    29      0.1594903       44.17836375
2013    30      0.07829626      24.79898125
2014    1       0.07843641      24.5132925
2014    2       0.09029486      27.52093875
2014    3       0.07620794      24.08177125
2014    4       0.08028795      25.0297175
2014    5       0.07881313      24.75986
2014    6       0.09069146      27.65348375
2014    7       0.09066317      27.5951725
2014    8       0.0859505       26.28578
2014    9       0.07587232      24.14299875
2014    10      0.0663874       21.28894625
2014    11      0.1079124       31.78109375
2014    12      0.11359504      32.75060875
2014    13      0.09708441      28.82498625
2014    14      0.1127481       33.18512875
2014    15      0.10529102      31.716905
2014    16      0.07379538      24.0501125
2014    17      0.04904085      17.57461
2014    18      0.06654637      22.10780625
2014    19      0.21626175      56.50503625
2014    20      0.23159756      60.24486125
2014    21      0.17204058      46.88561
2014    22      0.11799181      34.0443425
2014    23      0.0984197       29.77392875
2014    24      0.09739502      29.51931875
2014    25      0.07874945      24.966425
2014    26      0.09213566      27.93558
2014    27      0.06166132      20.39185625
2014    28      0.02996934      12.26058875
2014    29      0.04310404      15.7704875
2014    30      0.06220295      20.51827125
2015    1       0.06412974      21.16543625
2015    2       0.05211571      18.11454625
2015    3       0.12816366      36.67933
2015    4       0.08931287      27.56952375
2015    5       0.0638261       21.17458625
2015    6       0.05275168      18.42696125
2015    7       0.0453753       16.54828125
2015    8       0.06946313      22.8532825
2015    9       0.10997391      33.11047875
2015    10      0.11295541      33.53069375
2015    11      0.18402226      49.79856125
2015    12      0.11944796      35.10644875
2015    13      0.09315419      28.530865
2015    14      0.10060792      30.31309375
2015    15      0.0535735       18.64885875
2015    16      0.05542434      18.90886
2015    17      0.10637602      31.6664375
2015    18      0.07889726      24.7565525
2015    19      0.10894034      32.17456625
2015    20      0.1114069       32.9997375
2015    21      0.10792489      31.72581125
2015    22      0.08973745      27.60257
2015    23      0.1397709       39.68769875
2015    24      0.11408543      33.71188125
2015    25      0.07297883      23.5480175
2015    26      0.0632558       21.01054125
2015    27      0.0744293       23.71194625
2015    28      0.12939237      36.207155
2015    29      0.13930373      38.42757375
2015    30      0.0857397       26.105615
2016    1       0.22110965      55.85332375
2016    2       0.1918045       49.83459
2016    3       0.14005954      39.2102625
2016    4       0.17473259      47.146875
2016    5       0.14933765      41.270715
2016    6       0.11264691      32.65830625
2016    7       0.06412834      20.96112625
2016    8       0.05304285      18.172425
2016    9       0.13340651      36.52257875
2016    10      0.23238314      57.9286575
2016    11      0.36669288      86.05847875
2016    12      0.40810064      92.71088625
2016    13      0.47304966      104.16830375
2016    14      0.23403345      59.5938875
2016    15      0.08788668      27.345835
2016    16      0.10746752      31.85892125
2016    17      0.12752916      36.53447625
2016    18      0.1252608       36.19489375
2016    19      0.12380755      35.4959925
2016    20      0.12080505      34.83642625
2016    21      0.13624841      38.06242125
2016    22      0.16651272      45.2025525
2016    23      0.16546995      45.52075
2016    24      0.15040944      41.57754625
2016    25      0.34865504      79.65549125
2016    26      0.11082998      31.82742375
2016    27      0.11100301      32.50142875
2016    28      0.09122974      27.77986125
2016    29      0.23218874      60.3356375
2016    30      0.17152712      47.13604375
2017    1       0.0934444       28.76907875
2017    2       0.10072374      30.42718125
2017    3       0.10813865      32.22240375
2017    4       0.12198755      35.44309125
2017    5       0.15342613      42.66301625
2017    6       0.14546959      40.77735
2017    7       0.61907612      123.25582125
2017    8       0.12167477      34.90332625
2017    9       0.12152514      35.433135
2017    10      0.1146985       34.1862725
2017    11      0.14011669      39.97421875
2017    12      0.0995725       30.133495
2017    13      0.07230079      23.40966
2017    14      0.06754608      22.0162075
2017    15      0.1045226       31.03577125
2017    16      0.18603851      50.30387125
2017    17      0.10288687      30.8206475
2017    18      0.08877025      27.2161075
2017    19      0.05209408      17.99218
2017    20      0.07112962      22.97712
2017    21      0.06341328      21.048185
2017    22      0.08618585      26.949175
2017    23      0.10648437      31.435355
2017    24      0.0848817       26.40026375
2017    25      0.16000455      43.99935875
2017    26      0.32517455      78.62089375
2017    27      0.14526176      40.48763875
2017    28      0.12203279      34.95453875
2017    29      0.10553137      31.671385
2017    30      0.07985897      25.5005625
2018    1       0.19989999      52.8073825
2018    2       0.18613902      50.10532375
2018    3       0.17335354      47.1537525
2018    4       0.12673992      36.42811875
2018    5       0.06597651      21.7713625
2018    6       0.10443572      31.277
2018    7       0.18473471      49.502985
2018    8       0.16950886      46.46307875
2018    9       0.19904331      52.685635
2018    10      0.21693045      56.5335125
2018    11      0.07787682      24.30889625
2018    12      0.07571828      23.577025
2018    13      0.10437796      30.75366375
2018    14      0.14285335      39.69855875
2018    15      0.18394865      49.50802875
2018    16      0.14813338      41.50635625
2018    17      0.10196942      30.95565
2018    18      0.07448507      24.3538425
2018    19      0.09549651      29.119455
2018    20      0.15768179      44.35873875
2018    21      0.20035142      54.02703375
2018    22      0.21937142      58.60349125
2018    23      0.31147611      76.16639625
2018    24      0.1744562       47.51697875
2018    25      0.13568372      38.4726525
2018    26      0.08116272      25.62865125
2018    27      0.07304304      23.6974525
2018    28      0.12891165      37.18848375
2018    29      0.05685488      19.45331875
2018    30      0.09302208      28.0823
