####################################################################################################
# Month: 01Jan                                                                                     #
# Station: DomeF                                                                                   #
# Columns are: year    day     RH (percent)                                                        #
####################################################################################################
9       1       1.01350262
9       2       0.80737275
9       3       0.96025825
9       4       0.95861662
9       5       0.9589785
9       6       0.97553838
9       7       0.96630825
9       8       0.94549262
9       9       0.9365475
9       10      0.96134437
9       11      1.00267062
9       12      0.9499505
9       13      0.8100735
9       14      0.58913413
9       15      0.81471888
9       16      0.68223462
9       17      0.94646825
9       18      0.87029088
9       19      0.92653862
9       20      0.98710338
9       21      1.0011165
9       22      0.96195312
9       23      0.99337088
9       24      0.984481
9       25      0.9617485
9       26      0.8710465
9       27      0.91782138
9       28      0.9429585
9       29      0.98991062
9       30      0.98011575
9       31      0.9856335
