####################################################################################################
# Month: 01Jan                                                                                     #
# Station: ROB                                                                                     #
# Columns are: year    day     windspeed (m/s)                                                     #
####################################################################################################
2009    1       2.15103075
2009    2       3.17175138
2009    3       4.34194175
2009    4       4.626623
2009    5       6.71826112
2009    6       2.06291875
2009    7       2.21830313
2009    8       1.77312738
2009    9       3.33956675
2009    10      1.49177862
2009    11      0.97433238
2009    12      1.5497935
2009    13      2.45470088
2009    14      2.5643215
2009    15      1.60121362
2009    16      3.037548
2009    17      3.00712275
2009    18      2.38021525
2009    19      4.38804025
2009    20      2.67168012
2009    21      3.082513
2009    22      1.94594038
2009    23      2.53096775
2009    24      2.62765188
2009    25      1.09578125
2009    26      1.57129813
2009    27      2.4183835
2009    28      2.09122025
2009    29      2.63147037
2009    30      1.97940675
2009    31      1.82702475
