####################################################################################################
# Month: 02Feb                                                                                     #
# Station: LLA                                                                                     #
# Columns are: year    day     segment         RH (percent)                                        #
####################################################################################################
9       1       0       0.991651
9       1       1       0.920351
9       1       2       0.830223
9       1       3       0.571252
9       1       4       0.422147
9       1       5       0.392668
9       1       6       0.459318
9       1       7       0.628119
9       2       0       0.806861
9       2       1       0.777219
9       2       2       0.549371
9       2       3       0.366674
9       2       4       0.455422
9       2       5       0.457089
9       2       6       0.600195
9       2       7       0.488954
9       3       0       0.536054
9       3       1       0.635081
9       3       2       0.477692
9       3       3       0.375472
9       3       4       0.365331
9       3       5       0.44894
9       3       6       0.718081
9       3       7       0.99777
9       4       0       0.942294
9       4       1       0.952761
9       4       2       0.917345
9       4       3       0.800416
9       4       4       0.661248
9       4       5       0.642742
9       4       6       0.749345
9       4       7       0.712178
9       5       0       0.459693
9       5       1       0.443431
9       5       2       0.273191
9       5       3       0.158801
9       5       4       0.147343
9       5       5       0.12577
9       5       6       0.216739
9       5       7       0.287873
9       6       0       0.294311
9       6       1       0.377492
9       6       2       0.406534
9       6       3       0.361281
9       6       4       0.356642
9       6       5       0.427199
9       6       6       0.500546
9       6       7       0.438824
9       7       0       0.332603
9       7       1       0.464125
9       7       2       0.510108
9       7       3       0.418788
9       7       4       0.268913
9       7       5       0.262373
9       7       6       0.271937
9       7       7       0.380211
9       8       0       0.468481
9       8       1       0.464212
9       8       2       0.468811
9       8       3       0.428897
9       8       4       0.37722
9       8       5       0.453078
9       8       6       0.464236
9       8       7       0.582462
9       9       0       0.68365
9       9       1       1.03584
9       9       2       0.992119
9       9       3       0.869875
9       9       4       0.65813
9       9       5       0.797782
9       9       6       0.924851
9       9       7       0.895597
9       10      0       0.712911
9       10      1       0.613879
9       10      2       0.386196
9       10      3       0.289444
9       10      4       0.224364
9       10      5       0.263031
9       10      6       0.387732
9       10      7       0.447804
9       11      0       0.497492
9       11      1       0.537342
9       11      2       0.727571
9       11      3       0.982825
9       11      4       0.929587
9       11      5       0.866575
9       11      6       0.659965
9       11      7       0.738647
9       12      0       0.955698
9       12      1       1.023158
9       12      2       1.038577
9       12      3       1.040394
9       12      4       1.003919
9       12      5       0.736127
9       12      6       0.743649
9       12      7       0.67775
9       13      0       0.455899
9       13      1       0.452656
9       13      2       0.45816
9       13      3       0.539717
9       13      4       0.533626
9       13      5       0.589922
9       13      6       0.775502
9       13      7       0.922677
9       14      0       1.034786
9       14      1       1.031016
9       14      2       1.056837
9       14      3       0.951522
9       14      4       0.939942
9       14      5       0.92707
9       14      6       0.826711
9       14      7       0.847221
9       15      0       0.864501
9       15      1       0.780878
9       15      2       0.518049
9       15      3       0.419468
9       15      4       0.307702
9       15      5       0.341922
9       15      6       0.495494
9       15      7       0.564252
9       16      0       0.71841
9       16      1       0.808992
9       16      2       0.520686
9       16      3       0.279585
9       16      4       0.328349
9       16      5       0.481302
9       16      6       0.588708
9       16      7       0.757014
9       17      0       0.855207
9       17      1       0.784132
9       17      2       0.719986
9       17      3       0.662881
9       17      4       0.59881
9       17      5       0.599331
9       17      6       0.629315
9       17      7       0.639403
9       18      0       0.684128
9       18      1       0.646956
9       18      2       0.599059
9       18      3       0.624129
9       18      4       0.568303
9       18      5       0.598469
9       18      6       0.743172
9       18      7       0.849056
9       19      0       0.817475
9       19      1       0.753195
9       19      2       0.69437
9       19      3       0.648562
9       19      4       0.645494
9       19      5       0.687305
9       19      6       0.716699
9       19      7       0.85667
9       20      0       0.777949
9       20      1       0.587159
9       20      2       0.459215
9       20      3       0.392768
9       20      4       0.348422
9       20      5       0.342591
9       20      6       0.473298
9       20      7       0.663768
9       21      0       0.678573
9       21      1       0.613548
9       21      2       0.743041
9       21      3       0.946892
9       21      4       0.935831
9       21      5       0.71403
9       21      6       0.684043
9       21      7       0.682232
9       22      0       0.67545
9       22      1       0.543946
9       22      2       0.435055
9       22      3       0.309342
9       22      4       0.27157
9       22      5       0.384369
9       22      6       0.638155
9       22      7       0.870868
9       23      0       0.934205
9       23      1       0.877995
9       23      2       0.98703
9       23      3       0.971142
9       23      4       0.706468
9       23      5       0.579908
9       23      6       0.66068
9       23      7       0.628171
9       24      0       0.455678
9       24      1       0.511613
9       24      2       0.514207
9       24      3       0.430904
9       24      4       0.302148
9       24      5       0.358719
9       24      6       0.599197
9       24      7       0.678655
9       25      0       0.698976
9       25      1       0.806133
9       25      2       0.648919
9       25      3       0.704953
9       25      4       0.858121
9       25      5       0.844681
9       25      6       0.904952
9       25      7       0.952012
9       26      0       0.911721
9       26      1       0.847286
9       26      2       0.655665
9       26      3       0.574092
9       26      4       0.42878
9       26      5       0.600057
9       26      6       0.806038
9       26      7       0.842879
9       27      0       0.761062
9       27      1       0.610422
9       27      2       0.573056
9       27      3       0.561891
9       27      4       0.625602
9       27      5       0.810731
9       27      6       0.910128
9       27      7       0.947841
9       28      0       0.955805
9       28      1       0.918498
9       28      2       0.839809
9       28      3       0.762675
9       28      4       0.750706
9       28      5       0.787058
9       28      6       0.854633
9       28      7       0.793092
