####################################################################################################
# Month: 12Dec                                                                                     #
# Station: NOR                                                                                     #
# Frequency: 345 GHz                                                                               #
# Columns are: year    day     tau     Tb (K)                                                      #
####################################################################################################
2009    1       0.27233963      65.672005
2009    2       0.23478594      57.55936
2009    3       1.0189264       151.344255
2009    4       0.21630405      54.004155
2009    5       0.55933258      102.4196525
2009    6       0.13786861      39.17718375
2009    7       0.1440922       40.41720375
2009    8       0.29712576      64.0547375
2009    9       0.99566821      161.0459125
2009    10      0.8862164       150.106575
2009    11      1.18372662      171.5256475
2009    12      0.36973951      77.5635975
2009    13      0.5179056       104.23273375
2009    14      0.33613114      76.51553625
2009    15      0.7063454       132.1966
2009    16      0.42658446      90.66002875
2009    17      0.33741942      76.061535
2009    18      0.26781621      63.22632125
2009    19      0.30794759      70.440965
2009    20      0.24668451      59.688455
2009    21      0.15257984      41.11649375
2009    22      0.1588178       42.8231475
2009    23      0.30237105      69.82572125
2009    24      0.37993176      84.3977675
2009    25      0.47427915      96.76105875
2009    26      0.12576974      35.90221375
2009    27      0.37282528      79.32127125
2009    28      0.17515731      45.4070075
2009    29      0.24660068      59.72513
2009    30      0.4199546       90.4218975
2009    31      0.25765945      61.0292925
2010    1       0.09707493      29.52863125
2010    2       0.97153461      135.6977175
2010    3       0.33031988      71.56028
2010    4       0.16586128      45.64871625
2010    5       0.31991139      75.7677875
2010    6       0.52747095      106.1472925
2010    7       0.92883548      154.14187125
2010    8       0.4539357       95.27955875
2010    9       0.39510148      84.61059125
2010    10      0.39688918      88.3607925
2010    11      0.37930414      79.77691625
2010    12      0.75768381      122.49766875
2010    13      2.0364205       231.8453375
2010    14      0.41814234      84.42581
2010    15      0.39320116      86.25295375
2010    16      0.22189934      53.9252525
2010    17      0.206055        52.3270025
2010    18      0.22913835      58.08772875
2010    19      0.37917678      82.21731
2010    20      0.16819808      43.1564475
2010    21      0.81521321      134.00046875
2010    22      0.36054406      82.527335
2010    23      0.38601284      85.18747625
2010    24      0.22926025      56.75155875
2010    25      0.22504892      55.8660675
2010    26      0.31678478      72.61089
2010    27      0.28949516      67.76901625
2010    28      0.42083332      90.32297625
2010    29      0.38864544      85.296385
2010    30      0.42217945      89.2943425
2010    31      0.38870242      84.14249375
2011    1       1.379004        198.0671
2011    2       1.26091752      189.3996125
2011    3       0.8612825       130.6111475
2011    4       0.45000893      90.89901
2011    5       0.23538029      58.76896
2011    6       0.60123265      115.9198975
2011    7       0.79189554      138.42178875
2011    8       0.66241438      118.50222625
2011    9       0.18198001      46.2074325
2011    10      0.24664428      59.45118125
2011    11      0.12567475      36.178555
2011    12      0.21530326      54.6584675
2011    13      0.16577865      44.01157625
2011    14      0.23376106      58.72610375
2011    15      0.29017366      68.9705025
2011    16      0.19141186      48.86288625
2011    17      0.08818868      27.38747875
2011    18      0.27179651      64.54792375
2011    19      0.24143844      59.3012
2011    20      0.1729624       45.0304325
2011    21      0.40345292      87.88165625
2011    22      0.17092066      44.433245
2011    23      0.16382156      43.2183225
2011    24      0.38771642      84.19631
2011    25      0.26719906      62.990625
2011    26      0.14266756      39.34737625
2011    27      0.17770855      46.4358225
2011    28      0.30317309      70.64292625
2011    29      0.16827901      44.4784525
2011    30      0.09046622      27.79739125
2011    31      0.22260065      55.15241375
2012    1       0.24133961      58.4650325
2012    2       0.34411159      73.20581
2012    3       0.41382601      77.15696125
2012    4       0.23305409      55.6008025
2012    5       0.57857511      113.24033125
2012    6       0.21551693      53.67266625
2012    7       0.45190436      95.19335375
2012    8       0.24572242      60.1617975
2012    9       0.30586378      70.304575
2012    10      0.23587162      57.72406875
2012    11      0.25143816      59.94668875
2012    12      0.19999252      49.77527625
2012    13      0.17841751      46.82040375
2012    14      0.89205792      148.9263125
2012    15      0.62108379      114.43716
2012    16      0.18800471      49.51820375
2012    17      0.56895388      112.1940025
2012    18      0.34161699      71.11616875
2012    19      0.12121841      34.26988875
2012    20      0.22801909      56.309645
2012    21      1.052003        161.926815
2012    22      0.63092401      113.18780625
2012    23      0.32988059      75.05048375
2012    24      0.20366986      51.56671
2012    25      0.16941139      45.53548125
2012    26      0.14464191      39.80770375
2012    27      0.2258743       55.63821125
2012    28      1.18086146      177.03738125
2012    29      0.29776924      69.53559125
2012    30      1.23871524      171.00045
2012    31      0.16685708      44.52307
2013    1       0.31395674      72.81581
2013    2       0.17990345      47.83744625
2013    3       0.20321156      51.94797
2013    4       0.29733548      70.19747625
2013    5       0.30971994      72.617535
2013    6       0.4036999       88.65219125
2013    7       0.2280751       57.940855
2013    8       0.27634963      67.23299
2013    9       0.72189518      128.82225625
2013    10      0.39868556      78.723385
2013    11      0.34932369      79.37642
2013    12      0.26766411      64.23031875
2013    13      0.23939768      57.13336875
2013    14      0.12657306      36.40474625
2013    15      0.16105362      43.56034375
2013    16      0.55253226      109.64307125
2013    17      0.87489086      148.9279
2013    18      1.28207113      186.1526875
2013    19      0.66831095      126.32153375
2013    20      0.39822109      86.8782175
2013    21      0.3618791       78.93514125
2013    22      0.09765273      29.57429875
2013    23      0.26888351      64.30513375
2013    24      0.11406409      33.05704125
2013    25      0.18483291      47.44415125
2013    26      0.73650461      130.24392375
2013    27      0.33869156      76.24676375
2013    28      0.22918352      55.81674875
2013    29      0.15724822      41.83781125
2013    30      0.19068705      49.89990125
2013    31      0.17969978      47.520975
2014    1       0.7262337       104.4110075
2014    2       0.14807326      40.720635
2014    3       0.5723931       107.54772375
2014    4       0.59799468      106.75974875
2014    5       0.35335719      78.9023825
2014    6       0.33600616      75.422155
2014    7       0.38687415      83.78555
2014    8       0.2657219       64.0433225
2014    9       0.18852803      47.89509
2014    10      0.46327595      91.2869025
2014    11      0.82397295      138.81874125
2014    12      0.43915275      92.958275
2014    13      0.33227639      75.55737
2014    14      0.28808134      67.1547775
2014    15      0.4884461       98.49787125
2014    16      0.6857067       122.53346625
2014    17      0.19719011      49.6812825
2014    18      0.11000223      32.26742
2014    19      0.42069698      85.55163375
2014    20      0.75338317      124.56220125
2014    21      0.42954229      91.38847625
2014    22      0.21482972      54.11220625
2014    23      0.33719001      74.9597675
2014    24      0.36718101      82.6882275
2014    25      0.12546286      35.7367025
2014    26      0.09755305      29.51836375
2014    27      0.17097803      44.4435075
2014    28      0.70722751      119.02296375
2014    29      0.38157861      77.32432
2014    30      0.1999849       51.66333
2014    31      0.41454845      88.34921375
2015    1       0.25601495      62.828645
2015    2       0.9243612       141.7969
2015    3       0.54606822      94.31013
2015    4       0.17583306      46.61292125
2015    5       0.35576481      79.04067125
2015    6       0.69667231      130.90521875
2015    7       0.23117874      58.8510775
2015    8       0.30981069      72.07357125
2015    9       0.29378134      69.097755
2015    10      1.77282134      207.9529625
2015    11      1.22585871      169.05293375
2015    12      0.32284308      71.502525
2015    13      0.5375522       111.72855125
2015    14      0.58997675      117.3609
2015    15      0.98947621      165.4864625
2015    16      0.51044531      105.15388375
2015    17      0.24460467      58.84024125
2015    18      0.13082694      37.2656775
2015    19      0.10166237      30.94198625
2015    20      0.69714635      122.62705375
2015    21      0.49072929      92.36252375
2015    22      0.27572536      65.61824
2015    23      1.04565262      167.2881
2015    24      0.30953399      70.49936375
2015    25      0.18991987      48.8071525
2015    26      0.26285648      65.0713525
2015    27      0.16272381      43.9353625
2015    28      0.19231179      50.06010125
2015    29      0.11965928      34.30242875
2015    30      0.15649845      42.52014375
2015    31      0.35046406      76.89571875
2016    1       0.41243819      82.49993
2016    2       0.14306526      40.5445525
2016    3       0.22803432      55.15095625
2016    4       0.9863163       149.264625
2016    5       0.37186194      79.83692375
2016    6       0.19132696      48.06556875
2016    7       0.35437966      80.3658375
2016    8       0.32648508      73.33453
2016    9       0.41103524      88.33783625
2016    10      0.13894412      38.80321625
2016    11      0.1605356       43.03533375
2016    12      0.49748076      99.6837725
2016    13      1.58938095      207.43155
2016    14      0.335084        69.2254
2016    15      0.2752618       64.08498125
2016    16      0.21924629      54.344085
2016    17      0.19506985      50.25223375
2016    18      0.23694675      58.79659
2016    19      0.48514774      98.60512875
2016    20      0.27433621      61.6864525
2016    21      0.3543802       77.40191125
2016    22      1.47873369      185.48852625
2016    23      0.45249998      96.87746875
2016    24      0.21275854      53.59353375
2016    25      0.19354625      49.043185
2016    26      1.28526228      187.1361875
2016    27      0.75798895      117.0627175
2016    28      0.13595652      37.57604125
2016    29      0.19190942      49.5380225
2016    30      0.13781901      38.135975
2016    31      0.33452995      77.379545
2017    1       0.14645716      40.3648225
2017    2       0.39895184      86.5089225
2017    3       0.26096386      63.44477
2017    4       0.5362345       104.93125875
2017    5       0.2772284       65.1231575
2017    6       0.22308732      56.13599875
2017    7       0.32271555      73.62132875
2017    8       0.48053926      95.757175
2017    9       0.21628378      54.60921875
2017    10      0.36647118      80.748895
2017    11      0.20204308      51.9663325
2017    12      0.21459834      54.83384875
2017    13      0.19690285      50.3515575
2017    14      0.33015618      73.21353125
2017    15      0.59818348      117.34164625
2017    16      0.42812461      91.41385125
2017    17      0.13843906      38.58728
2017    18      0.16748231      44.97386875
2017    19      0.15492982      40.9470075
2017    20      0.16118439      43.57839875
2017    21      0.16524225      44.1704325
2017    22      0.16557381      44.7536775
2017    23      0.26902583      62.9560475
2017    24      0.92853981      152.57507625
2017    25      0.1907842       49.63651
2017    26      0.3168587       73.14014625
2017    27      0.13480157      37.701185
2017    28      0.15416821      41.56033625
2017    29      0.13267523      37.59791375
2017    30      0.3924327       85.36102125
2017    31      0.3852588       78.50111
2018    1       0.26379004      62.8570075
2018    2       0.72707183      124.65781125
2018    3       1.72872075      220.591875
2018    4       1.76247662      220.9735
2018    5       0.36021381      78.1768875
2018    6       1.410991        199.0007125
2018    7       0.66945848      128.13126125
2018    8       0.31001362      72.56374125
2018    9       0.28739434      66.943905
2018    10      0.28946194      69.18754375
2018    11      1.17381561      176.244725
2018    12      0.27352006      60.74123125
2018    13      0.1693303       45.334795
2018    14      0.10761042      31.93222
2018    15      0.17130404      44.9893725
2018    16      0.81002036      139.72193875
2018    17      0.34773465      76.37809625
2018    18      0.25183722      61.17332125
2018    19      0.39232295      86.36178125
2018    20      0.34365515      78.13044375
2018    21      0.60997272      114.86615875
2018    22      0.78113231      138.90468
2018    23      0.68633256      120.78116625
2018    24      0.0881999       27.31262
2018    25      0.4554442       91.54608625
2018    26      0.80840051      142.269675
2018    27      0.29124266      67.7107325
2018    28      0.16621055      44.5783625
2018    29      0.1459444       40.402385
2018    30      0.18378077      47.60598875
2018    31      0.1655622       43.83420375
