####################################################################################################
# Month: 08Aug                                                                                     #
# Station: FAIR                                                                                    #
# Columns are: year    day     segment         RH (percent)                                        #
####################################################################################################
9       1       0       0.795363
9       1       1       0.707624
9       1       2       0.636167
9       1       3       0.884975
9       1       4       0.854043
9       1       5       0.732771
9       1       6       0.838467
9       1       7       0.915296
9       2       0       0.922479
9       2       1       1.382703
9       2       2       0.86023
9       2       3       0.803987
9       2       4       0.802714
9       2       5       0.718235
9       2       6       0.756797
9       2       7       0.621722
9       3       0       0.562099
9       3       1       0.562795
9       3       2       0.560156
9       3       3       0.553672
9       3       4       0.522702
9       3       5       0.484376
9       3       6       0.49278
9       3       7       0.635861
9       4       0       0.596167
9       4       1       0.608895
9       4       2       0.95888
9       4       3       0.571375
9       4       4       0.488521
9       4       5       0.37896
9       4       6       0.327553
9       4       7       0.333267
9       5       0       0.44832
9       5       1       0.454321
9       5       2       0.467611
9       5       3       0.463939
9       5       4       0.418559
9       5       5       0.391794
9       5       6       0.391068
9       5       7       0.395287
9       6       0       0.423471
9       6       1       0.563049
9       6       2       0.672391
9       6       3       0.809434
9       6       4       0.850591
9       6       5       0.824935
9       6       6       0.819037
9       6       7       0.826204
9       7       0       0.845213
9       7       1       0.784981
9       7       2       0.878188
9       7       3       0.923114
9       7       4       1.186869
9       7       5       0.985733
9       7       6       1.105804
9       7       7       1.302919
9       8       0       0.929292
9       8       1       0.902691
9       8       2       0.882627
9       8       3       0.928206
9       8       4       0.950458
9       8       5       0.955204
9       8       6       0.948584
9       8       7       0.945193
9       9       0       0.982434
9       9       1       0.962349
9       9       2       0.969783
9       9       3       0.987064
9       9       4       0.967546
9       9       5       0.975299
9       9       6       0.997349
9       9       7       0.971742
9       10      0       0.967258
9       10      1       0.934481
9       10      2       0.872566
9       10      3       0.705512
9       10      4       0.67314
9       10      5       0.742254
9       10      6       0.919939
9       10      7       0.979061
9       11      0       0.992895
9       11      1       0.95175
9       11      2       0.926218
9       11      3       0.948293
9       11      4       0.98596
9       11      5       0.994078
9       11      6       0.991391
9       11      7       0.981589
9       12      0       0.966689
9       12      1       0.983642
9       12      2       0.983869
9       12      3       0.957693
9       12      4       0.920397
9       12      5       0.886614
9       12      6       0.955116
9       12      7       0.841232
9       13      0       0.721696
9       13      1       0.684762
9       13      2       0.721622
9       13      3       0.978106
9       13      4       0.983294
9       13      5       0.972911
9       13      6       0.99125
9       13      7       0.989772
9       14      0       0.976655
9       14      1       0.99218
9       14      2       0.983778
9       14      3       0.992567
9       14      4       0.98073
9       14      5       0.983923
9       14      6       0.97651
9       14      7       0.997547
9       15      0       0.994535
9       15      1       0.983358
9       15      2       0.929996
9       15      3       0.854009
9       15      4       0.847588
9       15      5       0.715831
9       15      6       0.955639
9       15      7       0.956236
9       16      0       0.980651
9       16      1       0.977692
9       16      2       0.962705
9       16      3       0.987916
9       16      4       0.983296
9       16      5       0.9741
9       16      6       0.990606
9       16      7       0.987319
9       17      0       0.983983
9       17      1       0.931471
9       17      2       0.873603
9       17      3       0.849291
9       17      4       0.829487
9       17      5       0.736777
9       17      6       0.794036
9       17      7       0.766503
9       18      0       0.734961
9       18      1       0.818705
9       18      2       0.867534
9       18      3       0.906298
9       18      4       0.750292
9       18      5       0.84792
9       18      6       0.874753
9       18      7       0.989781
9       19      0       1.154559
9       19      1       0.927657
9       19      2       0.968182
9       19      3       0.959048
9       19      4       0.921247
9       19      5       0.95371
9       19      6       0.977261
9       19      7       0.990816
9       20      0       0.990556
9       20      1       0.982204
9       20      2       0.950593
9       20      3       0.905206
9       20      4       0.874893
9       20      5       0.807251
9       20      6       0.839541
9       20      7       0.767075
9       21      0       0.689019
9       21      1       0.714236
9       21      2       0.710852
9       21      3       0.770136
9       21      4       0.79815
9       21      5       0.775502
9       21      6       0.791161
9       21      7       0.79443
9       22      0       0.715926
9       22      1       0.740349
9       22      2       0.825016
9       22      3       0.879734
9       22      4       0.837402
9       22      5       0.722684
9       22      6       0.681599
9       22      7       0.770484
9       23      0       0.72663
9       23      1       0.716564
9       23      2       0.700511
9       23      3       0.678042
9       23      4       0.662387
9       23      5       0.671303
9       23      6       0.697293
9       23      7       0.775618
9       24      0       0.93598
9       24      1       0.692666
9       24      2       0.913671
9       24      3       0.947337
9       24      4       0.993774
9       24      5       0.977533
9       24      6       0.966637
9       24      7       0.994062
9       25      0       0.957726
9       25      1       0.958772
9       25      2       0.970944
9       25      3       0.976698
9       25      4       0.967875
9       25      5       0.961734
9       25      6       0.986229
9       25      7       0.996263
9       26      0       0.970014
9       26      1       0.973861
9       26      2       0.964826
9       26      3       0.92536
9       26      4       0.866571
9       26      5       0.868556
9       26      6       0.888002
9       26      7       0.981174
9       27      0       0.92595
9       27      1       0.913635
9       27      2       0.977074
9       27      3       0.932382
9       27      4       0.887997
9       27      5       0.884786
9       27      6       0.791516
9       27      7       0.988267
9       28      0       0.753845
9       28      1       0.73554
9       28      2       0.305969
9       28      3       0.903222
9       28      4       0.973537
9       28      5       0.958539
9       28      6       0.841397
9       28      7       0.914098
9       29      0       0.971733
9       29      1       0.954334
9       29      2       0.941311
9       29      3       0.952498
9       29      4       0.978945
9       29      5       0.982909
9       29      6       0.868904
9       29      7       0.961219
9       30      0       0.939135
9       30      1       0.902567
9       30      2       0.90042
9       30      3       0.96853
9       30      4       0.829208
9       30      5       0.956798
9       30      6       0.991858
9       30      7       0.988411
9       31      0       0.994193
9       31      1       0.989142
9       31      2       0.876875
9       31      3       0.956396
9       31      4       0.995943
9       31      5       0.997691
9       31      6       0.90068
9       31      7       0.961095
