####################################################################################################
# Month: 09Sep                                                                                     #
# Station: LMT                                                                                     #
# Columns are: year    day     windspeed (m/s)                                                     #
####################################################################################################
2009    1       7.83159262
2009    2       6.11567225
2009    3       3.28102238
2009    4       3.26161275
2009    5       2.87965775
2009    6       5.08919075
2009    7       1.88541025
2009    8       2.345068
2009    9       1.77049512
2009    10      1.56711663
2009    11      2.85350812
2009    12      2.57413425
2009    13      4.03801062
2009    14      4.89236012
2009    15      3.272828
2009    16      1.788487
2009    17      3.3659035
2009    18      3.97916312
2009    19      7.03771962
2009    20      6.00074975
2009    21      7.257222
2009    22      9.32791763
2009    23      8.754235
2009    24      12.18699588
2009    25      12.91585425
2009    26      6.40015312
2009    27      7.13177025
2009    28      6.77969288
2009    29      6.65244038
2009    30      6.59911962
