####################################################################################################
# Month: 08Aug                                                                                     #
# Station: IRAM                                                                                    #
# Frequency: 345 GHz                                                                               #
# Columns are: year    day     tau     Tb (K)                                                      #
####################################################################################################
2009    1       0.5667373       117.75365875
2009    2       0.49323542      108.8116975
2009    3       0.8831234       159.1455375
2009    4       1.14868616      184.4452
2009    5       0.98620022      173.3998875
2009    6       0.41689714      96.103365
2009    7       0.58383819      120.38676875
2009    8       0.81707609      151.6248375
2009    9       0.69355266      136.699325
2009    10      1.26739595      192.6834
2009    11      1.689243        220.036675
2009    12      1.25667719      195.585525
2009    13      1.233961        194.8268375
2009    14      0.82683159      156.2861875
2009    15      0.93463198      167.814925
2009    16      0.96911838      172.5514125
2009    17      0.69705536      138.0888
2009    18      1.42315952      206.13835
2009    19      0.58790971      124.8139625
2009    20      0.44307955      100.95651375
2009    21      0.54641776      118.4682375
2009    22      0.65373231      133.6001625
2009    23      0.74877802      146.9007375
2009    24      0.45164716      102.13264875
2009    25      1.00828269      169.324885
2009    26      0.7071521       138.0573375
2009    27      0.90945731      164.172775
2009    28      0.8545026       159.9481625
2009    29      0.8012742       152.829525
2009    30      0.98243651      172.3614125
2009    31      1.0175717       175.09585
2010    1       0.54807542      118.28893
2010    2       0.51389924      112.48652
2010    3       0.54201044      117.4189375
2010    4       0.75611428      148.952975
2010    5       0.6042741       127.357925
2010    6       0.56699644      117.57734375
2010    7       1.2234573       189.5252
2010    8       2.41445488      248.861925
2010    9       2.27149012      245.331675
2010    10      1.97744275      235.4301625
2010    11      1.04812914      178.008375
2010    12      0.78212349      147.7291625
2010    13      0.73657958      143.387725
2010    14      0.63647272      131.07889875
2010    15      0.67799989      137.209175
2010    16      1.05627013      168.4442875
2010    17      1.65398712      213.74955
2010    18      1.4866855       206.1257375
2010    19      1.36872882      196.7415125
2010    20      0.56893806      122.0605875
2010    21      0.43352489      100.8330825
2010    22      1.06036068      180.4603375
2010    23      0.90792355      159.26342125
2010    24      0.7572901       146.7057125
2010    25      0.6728667       136.6993
2010    26      0.94553561      165.876
2010    27      1.12762292      186.431025
2010    28      0.65612486      134.6321875
2010    29      1.26115474      195.9779875
2010    30      1.21036112      192.4308375
2010    31      1.11616817      184.325275
2011    1       2.05065187      240.3976125
2011    2       1.19903075      192.2561875
2011    3       0.72377196      143.09315
2011    4       0.63359254      130.2234125
2011    5       0.93173205      166.5301875
2011    6       1.95352313      232.173825
2011    7       1.01727569      174.770875
2011    8       1.0291498       175.4710125
2011    9       1.47014275      213.5572
2011    10      1.45245188      212.48475
2011    11      1.36431075      201.6970625
2011    12      1.48048578      203.4478875
2011    13      0.60180784      126.2669125
2011    14      0.52531888      115.0956625
2011    15      0.53151606      115.25889125
2011    16      0.67963378      134.81519125
2011    17      1.38543231      203.135775
2011    18      1.2277075       179.31065
2011    19      1.80075675      226.9681375
2011    20      1.40778825      207.14005
2011    21      1.58900388      215.837825
2011    22      1.05250804      176.977025
2011    23      1.0928135       182.2994375
2011    24      0.66938162      134.4487
2011    25      0.48543401      107.19672625
2011    26      0.47405358      106.74314
2011    27      1.5973599       213.300375
2011    28      1.79912288      228.155875
2011    29      1.34130561      197.926075
2011    30      0.73313988      142.493175
2011    31      0.7838872       147.3463875
2012    1       1.53530588      215.2227
2012    2       1.2162696       191.7619375
2012    3       0.9300883       167.468
2012    4       1.10973499      183.9329
2012    5       0.49102734      107.46486125
2012    6       0.23419224      59.4781475
2012    7       0.79524002      152.2123125
2012    8       1.63123112      215.9756
2012    9       1.69463212      223.0240875
2012    10      1.27042662      198.344775
2012    11      1.20405168      191.6002875
2012    12      1.31071225      198.9365625
2012    13      1.25898162      194.77005
2012    14      0.65119539      131.2968225
2012    15      1.03623965      177.284675
2012    16      1.28357112      198.8665875
2012    17      1.27374575      197.4674625
2012    18      1.98206338      234.9052875
2012    19      2.24124538      242.9585375
2012    20      1.63432562      220.8236125
2012    21      1.43314538      209.9945375
2012    22      0.8677304       158.6974
2012    23      0.45998014      103.4565775
2012    24      0.50667164      110.9824425
2012    25      1.06005564      177.2175
2012    26      1.00082322      175.5013375
2012    27      1.3559755       203.37785
2012    28      0.8314253       154.8302875
2012    29      0.74760761      145.7053625
2012    30      0.8889532       158.0422875
2012    31      0.82077814      149.44038625
2013    1       1.25365987      195.8519625
2013    2       1.817763        228.1232625
2013    3       1.78345825      228.1521875
2013    4       1.25866348      194.25145
2013    5       1.90393388      231.237575
2013    6       1.19710038      187.63935
2013    7       0.95738275      166.7840875
2013    8       0.62728036      124.06921625
2013    9       0.6936708       140.1185625
2013    10      0.86989605      163.3479875
2013    11      0.99871452      175.242825
2013    12      0.93410032      165.6734125
2013    13      0.75888085      148.1415625
2013    14      0.58327969      123.8481125
2013    15      0.82375581      156.3731875
2013    16      1.59148375      215.156975
2013    17      2.088013        240.137125
2013    18      1.35274712      203.777975
2013    19      1.0871767       184.867525
2013    20      1.01689078      178.78135
2013    21      1.10232671      186.1444
2013    22      1.34888775      201.86155
2013    23      1.67272625      222.0303625
2013    24      1.21706741      192.52805
2013    25      0.89678289      162.5063875
2013    26      0.87461639      157.923975
2013    27      0.69503584      134.9995475
2013    28      0.84052545      152.2403625
2013    29      1.18113665      184.0291875
2013    30      1.60597862      214.6083125
2013    31      0.72042499      142.5302875
2014    1       0.31733291      76.50533
2014    2       0.75771736      143.4903125
2014    3       0.65194162      132.9956775
2014    4       0.71441574      137.88785125
2014    5       0.65322599      133.7752125
2014    6       0.56446028      121.4204375
2014    7       0.64505699      131.5997
2014    8       0.53930322      115.11914375
2014    9       0.90644255      158.46832375
2014    10      0.48003222      106.954135
2014    11      0.7100452       140.3860375
2014    12      0.61503346      128.85505
2014    13      0.62815299      129.59817
2014    14      0.80322052      153.374675
2014    15      0.75804456      148.6232875
2014    16      0.4334002       99.8011425
2014    17      0.39043216      83.1069925
2014    18      1.29558799      194.8022
2014    19      0.54588015      116.46386625
2014    20      0.46807746      105.04076625
2014    21      0.64945872      131.96
2014    22      0.7146395       139.7863625
2014    23      0.57428712      119.8393325
2014    24      0.42103014      94.01944
2014    25      0.45636401      102.5669975
2014    26      0.37530015      88.59748875
2014    27      0.63601251      131.35813375
2014    28      0.90647997      156.9619875
2014    29      1.08395647      168.8632875
2014    30      1.12096939      182.621575
2014    31      0.98689146      171.08215
2015    1       0.35621594      84.01125
2015    2       1.07717605      175.158325
2015    3       2.15694938      243.532025
2015    4       1.69490975      223.7159125
2015    5       1.59122839      215.9334125
2015    6       2.0767705       240.369275
2015    7       2.275321        245.8620125
2015    8       2.452281        249.350025
2015    9       2.54531437      252.9980875
2015    10      2.27540225      242.7601625
2015    11      2.3191115       243.2740625
2015    12      2.09146538      239.5682625
2015    13      1.61949588      213.75485
2015    14      0.52603596      109.73942625
2015    15      1.65565375      216.997775
2015    16      1.23740096      193.708925
2015    17      0.62736252      129.79945
2015    18      0.63952984      130.585575
2015    19      0.90317131      163.36
2015    20      0.84771898      148.89746125
2015    21      1.09038997      175.6173125
2015    22      0.67963955      129.92106
2015    23      1.02510166      167.09856625
2015    24      0.70557398      136.27894875
2015    25      0.41896251      97.22971125
2015    26      0.5375451       115.55624375
2015    27      0.39863666      92.48886875
2015    28      0.60786315      122.754585
2015    29      1.42647291      202.777125
2015    30      1.60058991      214.6449625
2015    31      1.68266312      220.410225
2016    1       0.70744736      136.48510625
2016    2       0.95857695      168.9942
2016    3       0.93609915      167.935225
2016    4       0.39402731      91.76964375
2016    5       1.35273321      200.5565
2016    6       1.1146259       185.834825
2016    7       0.66435004      136.95045
2016    8       0.35463832      86.64844125
2016    9       0.54863509      114.762465
2016    10      1.42146988      206.385325
2016    11      1.07884195      180.4278
2016    12      0.59479145      125.058
2016    13      0.75295046      147.1413625
2016    14      0.83625838      154.4057875
2016    15      2.14893038      242.089475
2016    16      1.24816461      189.4782375
2016    17      1.32410764      194.6930875
2016    18      1.89321038      235.23285
2016    19      1.27297241      195.894675
2016    20      1.18369149      190.72035
2016    21      1.07639601      183.1907625
2016    22      0.86797541      162.57955
2016    23      0.56982939      123.6305625
2016    24      0.47286786      107.3469
2016    25      1.27707025      188.41795
2016    26      1.66710887      221.3596
2016    27      1.63977488      217.8385625
2016    28      1.24562641      195.2673875
2016    29      1.18934995      180.9540625
2016    30      1.46376488      206.2501375
2016    31      0.89995161      162.39235
2017    1       2.11439775      239.553275
2017    2       1.20987129      188.628925
2017    3       0.80473875      153.576525
2017    4       0.82930919      155.895025
2017    5       0.78259998      150.864875
2017    6       1.19058219      188.531275
2017    7       1.62518375      219.3235
2017    8       0.78680131      148.138875
2017    9       0.41341923      96.108715
2017    10      0.30715619      76.08005375
2017    11      0.22138875      58.59797375
2017    12      0.33882731      82.5107525
2017    13      0.74212972      142.395685
2017    14      1.2383562       191.80005
2017    15      1.64465025      220.9692875
2017    16      0.96380331      169.6339875
2017    17      0.94786421      170.1170125
2017    18      0.57171977      122.09340875
2017    19      0.60365717      126.848475
2017    20      0.72259062      144.3016625
2017    21      0.47826095      107.52074
2017    22      0.70898051      139.3860125
2017    23      0.85268591      158.4571125
2017    24      0.90055839      160.16375
2017    25      1.65169938      219.88175
2017    26      1.89325288      229.7703125
2017    27      1.71026862      220.3335625
2017    28      1.55975094      210.8128
2017    29      1.13944089      178.217025
2017    30      1.87803362      227.3143375
2017    31      1.15469138      182.6998
2018    1       1.24684862      197.8114875
2018    2       0.77619378      151.194575
2018    3       1.30800294      193.6743375
2018    4       1.1730059       186.427125
2018    5       1.09321134      182.5230375
2018    6       1.30374575      201.0592
2018    7       1.52009475      214.42455
2018    8       1.74598337      224.779125
2018    9       0.64684629      132.1250125
2018    10      1.00411469      171.585525
2018    11      0.95948815      165.9698875
2018    12      0.67912496      137.072675
2018    13      0.51952628      109.38319375
2018    14      0.79217298      153.495475
2018    15      1.01842445      174.60125
2018    16      1.26316088      195.07395
2018    17      1.513761        210.682275
2018    18      1.28460688      198.291375
2018    19      0.96535781      169.3293375
2018    20      1.26531419      196.348475
2018    21      0.91817192      164.3706875
2018    22      1.05450124      173.082225
2018    23      1.708736        222.80255
2018    24      1.4393645       208.85135
2018    25      1.0947646       183.70695
2018    26      0.47210698      106.59586375
2018    27      1.17897235      184.97825
2018    28      1.16209011      183.8832625
2018    29      0.44572658      100.86848625
2018    30      0.65892709      128.2548275
2018    31      0.76304156      147.060675
