####################################################################################################
# Month: 09Sep                                                                                     #
# Station: FLWO                                                                                    #
# Columns are: year    day     RH (percent)                                                        #
####################################################################################################
9       1       0.59177862
9       2       0.67338838
9       3       0.76154138
9       4       0.81262188
9       5       0.8372655
9       6       0.79384313
9       7       0.7934765
9       8       0.84754275
9       9       0.81507975
9       10      0.75085575
9       11      0.68726138
9       12      0.59515038
9       13      0.77371063
9       14      0.75236412
9       15      0.50551075
9       16      0.382913
9       17      0.42565613
9       18      0.4207945
9       19      0.58905088
9       20      0.58078762
9       21      0.57471338
9       22      0.377974
9       23      0.21407738
9       24      0.40687812
9       25      0.38332762
9       26      0.4130855
9       27      0.3166825
9       28      0.29419038
9       29      0.41290337
9       30      0.47390275
