####################################################################################################
# Month: 03Mar                                                                                     #
# Station: BAR                                                                                     #
# Columns are: year    day     RH (percent)                                                        #
####################################################################################################
9       1       0.37567388
9       2       0.68097175
9       3       0.28403912
9       4       0.63836288
9       5       0.3528195
9       6       0.80736088
9       7       0.20914913
9       8       0.18416588
9       9       0.19238225
9       10      0.0519265
9       11      0.121039
9       12      0.44082612
9       13      0.12256975
9       14      0.05475788
9       15      0.52281013
9       16      0.66497963
9       17      0.31911925
9       18      0.46285438
9       19      0.40220438
9       20      0.29388862
9       21      0.44416125
9       22      0.53880862
9       23      0.18746475
9       24      0.28882475
9       25      0.49886012
9       26      0.47993987
9       27      0.297964
9       28      0.28042687
9       29      0.22845762
9       30      0.13145112
9       31      0.37825875
