####################################################################################################
# Month: 03Mar                                                                                     #
# Station: BAR                                                                                     #
# Frequency: 230 GHz                                                                               #
# Columns are: year    day     tau     Tb (K)                                                      #
####################################################################################################
2009    1       0.18528525      47.50831375
2009    2       0.2128377       53.10892875
2009    3       0.08842248      25.83410625
2009    4       0.08862038      25.90609
2009    5       0.04137084      14.53270125
2009    6       0.09557497      27.08728125
2009    7       0.04891778      16.44294375
2009    8       0.04889564      16.55343625
2009    9       0.04236782      14.92133988
2009    10      0.02552169      10.6615635
2009    11      0.03832191      13.78899125
2009    12      0.06096528      19.29389
2009    13      0.02626319      10.86427775
2009    14      0.02543442      10.59096962
2009    15      0.12064031      33.1273175
2009    16      0.13340179      36.14668875
2009    17      0.07942735      23.90478625
2009    18      0.12363755      34.156255
2009    19      0.14070217      37.80808875
2009    20      0.08508272      25.27082375
2009    21      0.10521195      29.77893875
2009    22      0.09898121      28.1466225
2009    23      0.03631235      13.52035375
2009    24      0.06741352      20.91261625
2009    25      0.11137546      31.073625
2009    26      0.11813303      33.2209925
2009    27      0.0940827       27.7006625
2009    28      0.08421142      25.3813175
2009    29      0.06001364      19.42647125
2009    30      0.04391802      15.48597625
2009    31      0.08350425      25.02252625
2010    1       0.0860092       25.69059125
2010    2       0.11377475      31.75048875
2010    3       0.09135393      26.0682275
2010    4       0.09127047      26.2682075
2010    5       0.0567983       18.3754025
2010    6       0.15667976      40.4278475
2010    7       0.17520869      44.3629225
2010    8       0.09070032      26.15387375
2010    9       0.07321047      21.97728125
2010    10      0.07968318      23.50619875
2010    11      0.06667972      20.83663375
2010    12      0.0672141       20.99523875
2010    13      0.08998183      25.90605625
2010    14      0.05773592      18.7566275
2010    15      0.06852976      21.47884875
2010    16      0.1034812       29.91550875
2010    17      0.10833127      30.24341
2010    18      0.08646736      25.7301175
2010    19      0.05479587      17.69266
2010    20      0.04172311      14.86272625
2010    21      0.05356816      17.5262775
2010    22      0.06934347      21.56532375
2010    23      0.03389989      12.847637
2010    24      0.08121179      24.1393525
2010    25      0.08699218      25.3263425
2010    26      0.09245034      26.51143625
2010    27      0.07538431      23.0987125
2010    28      0.09123244      26.7988225
2010    29      0.16647822      43.79834
2010    30      0.10504051      30.18003875
2010    31      0.11473653      31.6895275
2011    1       0.03606202      13.35032375
2011    2       0.14983172      39.527305
2011    3       0.0662576       20.692255
2011    4       0.04025298      14.3836875
2011    5       0.15873584      41.12404125
2011    6       0.27642162      65.74301125
2011    7       0.07573726      22.924215
2011    8       0.07272879      22.32008125
2011    9       0.12875533      35.05674
2011    10      0.12292451      33.84256
2011    11      0.04514368      15.72671875
2011    12      0.09291405      26.99208375
2011    13      0.11684075      31.57969375
2011    14      0.09418172      27.27098625
2011    15      0.20286824      50.97509375
2011    16      0.13589833      36.98293125
2011    17      0.06666385      20.4144225
2011    18      0.0606957       19.12263625
2011    19      0.07975631      23.3123725
2011    20      0.13732003      36.59794125
2011    21      0.1689052       42.76438875
2011    22      0.07499733      22.435515
2011    23      0.12082344      32.99100125
2011    24      0.14150071      36.9253175
2011    25      0.08423542      24.68016875
2011    26      0.14389079      37.976795
2011    27      0.09939367      28.60474125
2011    28      0.10343655      29.614765
2011    29      0.13503942      36.5378475
2011    30      0.20837028      53.237705
2011    31      0.14116951      38.73333125
2012    1       0.07576829      22.6488475
2012    2       0.05576414      18.3550825
2012    3       0.06292425      20.2755475
2012    4       0.05857953      19.2163075
2012    5       0.04790133      16.37290125
2012    6       0.07336866      22.3122225
2012    7       0.04014445      14.286095
2012    8       0.05460875      18.02822
2012    9       0.03116015      12.21054375
2012    10      0.03411035      12.95174
2012    11      0.08266779      24.65545375
2012    12      0.13381704      36.2902275
2012    13      0.13768306      37.33137125
2012    14      0.20235298      50.9475175
2012    15      0.20130998      50.2602825
2012    16      0.18340949      47.101255
2012    17      0.1804399       45.91933375
2012    18      0.10293173      28.638285
2012    19      0.06484807      19.9243775
2012    20      0.16434813      43.2581675
2012    21      0.0907719       26.86303625
2012    22      0.17903609      46.38016375
2012    23      0.09295064      26.72311375
2012    24      0.04881707      16.60561625
2012    25      0.08407812      24.68518125
2012    26      0.14705277      38.43807625
2012    27      0.12664625      34.36256
2012    28      0.14711034      39.13125
2012    29      0.13993829      37.551775
2012    30      0.24434914      60.11089625
2012    31      0.09514399      27.7049925
2013    1       0.08894964      26.24799
2013    2       0.04370981      15.3618525
2013    3       0.19677734      49.9627625
2013    4       0.09283791      26.35445875
2013    5       0.05121588      17.234065
2013    6       0.05558236      18.15903
2013    7       0.16983586      43.08288125
2013    8       0.14892737      38.61118125
2013    9       0.09081084      26.03354625
2013    10      0.03438887      13.02942288
2013    11      0.11222525      31.52191
2013    12      0.10500217      30.01141625
2013    13      0.10763736      30.9451375
2013    14      0.09737859      28.5263975
2013    15      0.10154103      29.00725
2013    16      0.1353582       35.9706575
2013    17      0.05566382      17.9895795
2013    18      0.11562041      32.11747125
2013    19      0.21880173      52.7526975
2013    20      0.24210327      58.7689
2013    21      0.04132823      14.68046262
2013    22      0.05735756      18.225563
2013    23      0.05899964      18.97190375
2013    24      0.12103473      33.36375625
2013    25      0.10451254      29.431785
2013    26      0.08000459      23.8990425
2013    27      0.08558001      25.40194375
2013    28      0.13461062      36.3524075
2013    29      0.18914069      47.78226
2013    30      0.20083058      50.70547625
2013    31      0.14795476      38.81202
2014    1       0.13593125      36.05004
2014    2       0.09968997      28.23955875
2014    3       0.08164506      24.06695125
2014    4       0.13490468      35.76619
2014    5       0.15377676      40.626435
2014    6       0.12968678      35.39112625
2014    7       0.03824292      13.88969
2014    8       0.04299298      15.1711125
2014    9       0.15732814      40.9144175
2014    10      0.21062929      52.28344375
2014    11      0.03397932      12.99728625
2014    12      0.07385541      22.28626625
2014    13      0.0635187       20.043915
2014    14      0.07854057      23.46244875
2014    15      0.0602157       19.04463125
2014    16      0.0577114       18.88466375
2014    17      0.05203981      17.568745
2014    18      0.05736623      18.58211125
2014    19      0.03804847      13.8891
2014    20      0.11101173      31.08994875
2014    21      0.2042101       51.0409525
2014    22      0.10931856      29.5143525
2014    23      0.06937254      21.211115
2014    24      0.04465007      15.373445
2014    25      0.03871082      14.01586588
2014    26      0.09472476      27.14010625
2014    27      0.10284674      28.88732125
2014    28      0.09569387      27.53137875
2014    29      0.08611578      25.48416375
2014    30      0.10715553      29.800295
2014    31      0.12705161      34.18080125
2015    1       0.14240018      36.80375125
2015    2       0.12114649      32.76261875
2015    3       0.08199452      24.03283625
2015    4       0.02567906      10.734644
2015    5       0.02740019      11.17331188
2015    6       0.04120932      14.66040875
2015    7       0.07471858      22.85562375
2015    8       0.04133414      14.66973125
2015    9       0.03502523      13.16132625
2015    10      0.03650056      13.494895
2015    11      0.29584809      67.95834
2015    12      0.0489723       16.39266375
2015    13      0.05145565      17.11992125
2015    14      0.20770546      52.03607375
2015    15      0.2816673       68.01473
2015    16      0.19655018      50.45817625
2015    17      0.22930488      56.4255775
2015    18      0.08769772      25.3918475
2015    19      0.07281349      22.111895
2015    20      0.04523816      15.76067625
2015    21      0.12869922      34.951535
2015    22      0.19833127      49.49875875
2015    23      0.11015995      30.4839975
2015    24      0.14186998      37.96354
2015    25      0.10954452      30.74506375
2015    26      0.10997996      31.38081
2015    27      0.07214556      22.6908525
2015    28      0.05917644      19.2521925
2015    29      0.10723977      30.376385
2015    30      0.08852345      26.21694375
2015    31      0.09479639      27.6938175
2016    1       0.1438987       38.6133025
2016    2       0.06190741      19.90140125
2016    3       0.06016508      19.30897
2016    4       0.10306348      29.28632125
2016    5       0.22112341      54.51988125
2016    6       0.13936295      37.38820375
2016    7       0.1180289       31.74055125
2016    8       0.09198943      26.08549625
2016    9       0.14440426      38.70724125
2016    10      0.06146672      19.81013
2016    11      0.08026206      23.95867875
2016    12      0.12905212      34.30027625
2016    13      0.17674585      45.26178375
2016    14      0.09740351      28.16293375
2016    15      0.09332133      27.14245875
2016    16      0.09111825      26.731875
2016    17      0.08479274      25.346795
2016    18      0.06618362      21.0132325
2016    19      0.088502        25.98415625
2016    20      0.09184625      26.54197625
2016    21      0.09590511      27.39176375
2016    22      0.04928178      16.5159945
2016    23      0.07802867      23.49177625
2016    24      0.10140053      28.97115125
2016    25      0.10634705      30.01844125
2016    26      0.08559951      25.3228575
2016    27      0.13676355      36.9791425
2016    28      0.11796796      32.39159
2016    29      0.08922671      25.5906925
2016    30      0.14939895      38.641
2016    31      0.09222757      26.4530375
2017    1       0.03518731      13.17436
2017    2       0.03475007      13.0937175
2017    3       0.03091737      12.069795
2017    4       0.06870452      21.34614125
2017    5       0.06357798      19.86388875
2017    6       0.08642631      25.2156525
2017    7       0.15031936      40.03557875
2017    8       0.1060212       29.98942375
2017    9       0.06880516      21.6884225
2017    10      0.06986066      21.7591875
2017    11      0.09046753      26.58518125
2017    12      0.04519052      15.79203875
2017    13      0.02943339      11.88669375
2017    14      0.03098635      12.3143475
2017    15      0.0745371       23.00841625
2017    16      0.1138737       32.23466375
2017    17      0.15671025      41.8798075
2017    18      0.14275268      38.74241375
2017    19      0.15127434      40.26210375
2017    20      0.20463515      51.12654375
2017    21      0.20330139      51.41389
2017    22      0.11533377      31.81962375
2017    23      0.11857626      31.73998125
2017    24      0.15554968      41.0828575
2017    25      0.16765841      43.26184625
2017    26      0.2041147       51.07055
2017    27      0.07767418      23.3048175
2017    28      0.0883194       26.03147375
2017    29      0.11249134      31.84410625
2017    30      0.12531822      34.03898662
2017    31      0.06649498      20.40018625
2018    1       0.1408732       37.153615
2018    2       0.04510442      15.6383405
2018    3       0.05004142      16.74758
2018    4       0.06147703      19.17025375
2018    5       0.0375938       13.6654925
2018    6       0.06252172      19.6564925
2018    7       0.17004995      43.50153125
2018    8       0.05864545      19.0116925
2018    9       0.08272875      24.32336125
2018    10      0.1810056       45.17482125
2018    11      0.16127059      41.00072
2018    12      0.06156126      19.81542625
2018    13      0.10995643      30.852075
2018    14      0.11392073      31.72726375
2018    15      0.0770915       22.93243125
2018    16      0.10530708      29.11728125
2018    17      0.07143634      21.3880325
2018    18      0.04948855      16.353185
2018    19      0.10145901      28.375185
2018    20      0.14273907      37.65244875
2018    21      0.299288        70.0161
2018    22      0.28630528      67.57046125
2018    23      0.08165329      23.93514875
2018    24      0.06181086      19.76367
2018    25      0.03731715      13.63331625
2018    26      0.04183276      14.7140025
2018    27      0.08649184      25.6352075
2018    28      0.12858888      35.520295
2018    29      0.12909453      35.707945
2018    30      0.09862209      28.41009375
2018    31      0.0642552       20.2893525
