####################################################################################################
# Month: 03Mar                                                                                     #
# Station: BAR                                                                                     #
# Columns are: year    day     windspeed (m/s)                                                     #
####################################################################################################
2009    1       20.8245195
2009    2       28.36760075
2009    3       31.63719512
2009    4       25.15794012
2009    5       10.82234588
2009    6       6.88492888
2009    7       13.56427275
2009    8       7.50386238
2009    9       18.81083262
2009    10      15.67308662
2009    11      7.001699
2009    12      2.40743025
2009    13      9.161816
2009    14      7.768869
2009    15      10.98863575
2009    16      12.96208188
2009    17      9.6997585
2009    18      7.45535788
2009    19      7.51180862
2009    20      5.66778312
2009    21      9.476278
2009    22      16.56561125
2009    23      19.87313375
2009    24      12.85137212
2009    25      16.16721125
2009    26      30.352318
2009    27      18.0706715
2009    28      10.63240538
2009    29      17.57764762
2009    30      24.68073238
2009    31      14.49684962
