####################################################################################################
# Month: 02Feb                                                                                     #
# Station: SGO                                                                                     #
# Frequency: 230 GHz                                                                               #
# Columns are: year    day     tau     Tb (K)                                                      #
####################################################################################################
2009    1       0.08045702      24.83428625
2009    2       0.08329286      25.160075
2009    3       0.14991162      41.085445
2009    4       0.06667427      21.47130625
2009    5       0.05817334      19.38426375
2009    6       0.04451488      15.94482125
2009    7       0.05740034      19.17726125
2009    8       0.07076681      22.537195
2009    9       0.36165491      82.5654475
2009    10      0.18075119      47.54975125
2009    11      0.09487588      28.2182075
2009    12      0.04799486      16.9908775
2009    13      0.05301301      18.06828375
2009    14      0.13590125      38.00150375
2009    15      0.09394074      28.30657
2009    16      0.12575633      35.11552875
2009    17      0.16843286      45.56278
2009    18      0.23495866      59.94347375
2009    19      0.14569909      39.95803375
2009    20      0.0956336       28.77286125
2009    21      0.07429258      23.36312375
2009    22      0.05677205      19.038615
2009    23      0.09283739      28.00705125
2009    24      0.10625224      30.95438375
2009    25      0.1495342       41.30107875
2009    26      0.19357854      51.1495225
2009    27      0.29346424      70.77955875
2009    28      0.43988431      96.3182025
2010    1       0.08192592      25.69970625
2010    2       0.06295963      20.73406875
2010    3       0.07497022      23.51209
2010    4       0.06628335      21.2364025
2010    5       0.07957164      24.553835
2010    6       0.06736719      21.5903075
2010    7       0.10247703      29.67386
2010    8       0.09528986      28.31365625
2010    9       0.13207534      37.31067375
2010    10      0.14080214      39.499295
2010    11      0.10504578      30.80814875
2010    12      0.25838546      63.85893625
2010    13      0.1484556       40.440645
2010    14      0.11120002      32.08408125
2010    15      0.07694046      23.73137375
2010    16      0.13071058      36.240225
2010    17      0.22379305      56.95044625
2010    18      0.13834507      38.737385
2010    19      0.08805188      26.80679375
2010    20      0.06896376      22.06127375
2010    21      0.05212669      17.9805525
2010    22      0.0598852       19.95366125
2010    23      0.05187429      18.05563375
2010    24      0.05330513      18.3099675
2010    25      0.14438567      40.12673875
2010    26      0.05341802      18.12399
2010    27      0.08372959      25.3621575
2010    28      0.27590998      67.783375
2011    1       0.06464097      21.21620375
2011    2       0.04542067      16.40573625
2011    3       0.034788        13.50446875
2011    4       0.04955903      17.58070875
2011    5       0.05455089      18.76926125
2011    6       0.15072126      41.60208875
2011    7       0.10847152      31.79180625
2011    8       0.18591825      49.5747975
2011    9       0.18937979      50.00401
2011    10      0.27555985      65.36295
2011    11      0.26018624      62.15452875
2011    12      0.12375662      34.60756875
2011    13      0.08684514      26.35584125
2011    14      0.11085242      32.361135
2011    15      0.09239066      28.08238875
2011    16      0.09107473      27.5839275
2011    17      0.06734409      21.81766125
2011    18      0.20288264      51.6596375
2011    19      0.19565675      51.7289425
2011    20      0.14221248      39.6939275
2011    21      0.125651        35.9402075
2011    22      0.11719948      33.706915
2011    23      0.04424936      15.978665
2011    24      0.07496594      23.4906425
2011    25      0.04882264      17.0840775
2011    26      0.08646948      26.6162125
2011    27      0.10100425      30.30081875
2011    28      0.12567909      36.23566
2012    1       0.15429581      41.49250125
2012    2       0.05928107      19.60888875
2012    3       0.03552937      13.74358875
2012    4       0.05330441      18.42974875
2012    5       0.04581912      16.48237875
2012    6       0.05912348      19.9921925
2012    7       0.06501539      21.41359
2012    8       0.06498162      21.131275
2012    9       0.07429954      23.65833125
2012    10      0.05341191      18.46809625
2012    11      0.0766963       24.446825
2012    12      0.17650048      47.39166875
2012    13      0.06729702      21.77035625
2012    14      0.10799615      31.31658
2012    15      0.14160604      39.37640625
2012    16      0.21660691      56.21647375
2012    17      0.10705187      31.560745
2012    18      0.16735829      44.62510875
2012    19      0.10933072      31.87840875
2012    20      0.09234499      27.87806375
2012    21      0.08984824      27.163895
2012    22      0.11665075      33.96562
2012    23      0.16774313      44.37615
2012    24      0.18909911      49.47961
2012    25      0.21901621      55.375195
2012    26      0.13676431      38.31347875
2012    27      0.1274852       35.645405
2012    28      0.15313004      40.9921175
2012    29      0.04068894      14.7358375
2013    1       0.09912266      29.1527875
2013    2       0.08108978      25.025115
2013    3       0.0965179       29.3506025
2013    4       0.07496354      24.1016775
2013    5       0.06559946      21.63251
2013    6       0.32834476      76.19909625
2013    7       0.47306104      103.1106725
2013    8       0.4814576       104.687995
2013    9       0.12092544      34.55963125
2013    10      0.11482704      32.45802
2013    11      0.16249624      43.43769125
2013    12      0.22762531      58.620105
2013    13      0.13165965      36.82908
2013    14      0.21752576      55.341445
2013    15      0.17906803      47.64456625
2013    16      0.10612556      31.14456
2013    17      0.1101325       31.5525175
2013    18      0.11466928      32.407765
2013    19      0.0445358       15.73820625
2013    20      0.03404215      13.17946875
2013    21      0.07623328      23.78484625
2013    22      0.05130098      17.57333875
2013    23      0.05146924      17.4816975
2013    24      0.03171803      12.624325
2013    25      0.03004629      12.185825
2013    26      0.04352286      15.7490025
2013    27      0.07732532      24.05551
2013    28      0.10809381      31.383985
2014    1       0.1425216       39.8300025
2014    2       0.07788253      24.283355
2014    3       0.07392913      23.36977375
2014    4       0.06300528      20.7986175
2014    5       0.04311687      15.6616375
2014    6       0.03347696      13.20256375
2014    7       0.03224405      12.9134675
2014    8       0.04100555      15.18122125
2014    9       0.05568476      19.03061875
2014    10      0.05371967      18.41842625
2014    11      0.041742        15.41300125
2014    12      0.0488945       17.20129
2014    13      0.09988465      29.55946375
2014    14      0.10403186      30.37132875
2014    15      0.36480455      83.17048625
2014    16      0.20517819      51.25489375
2014    17      0.07134364      22.43319
2014    18      0.09642734      28.50667625
2014    19      0.06062991      19.9274225
2014    20      0.06795555      21.7039375
2014    21      0.09530768      28.15213875
2014    22      0.05602264      18.8258125
2014    23      0.04065892      15.0068675
2014    24      0.09140764      26.86559
2014    25      0.27399079      65.90229875
2014    26      0.09432823      27.35118
2014    27      0.05708555      19.13199875
2014    28      0.06357922      20.57645125
2015    1       0.06062189      20.16582375
2015    2       0.06364225      20.99436125
2015    3       0.03805033      14.40032375
2015    4       0.03993812      14.80917125
2015    5       0.0564707       18.73388875
2015    6       0.09520185      27.92215625
2015    7       0.08840362      26.8565225
2015    8       0.10824107      31.41213375
2015    9       0.17958637      46.1765875
2015    10      0.24940949      61.75159125
2015    11      0.18420128      48.95514875
2015    12      0.08635813      26.49069625
2015    13      0.06031728      20.1241975
2015    14      0.05394948      18.56298125
2015    15      0.06536283      21.37319875
2015    16      0.09709064      29.23891375
2015    17      0.07890279      24.8477025
2015    18      0.10602803      30.470595
2015    19      0.06249787      20.0855675
2015    20      0.25960192      61.199815
2015    21      0.10031808      29.10128375
2015    22      0.06818951      21.88074875
2015    23      0.05039697      17.60627
2015    24      0.08467225      26.15839
2015    25      0.06139457      20.2268075
2015    26      0.05695108      19.160385
2015    27      0.17375101      46.5475825
2015    28      0.19012151      49.5216975
2016    1       0.120247        34.2217575
2016    2       0.07618532      23.668295
2016    3       0.10118066      29.84671125
2016    4       0.11762046      33.628965
2016    5       0.09566222      28.59896
2016    6       0.07103825      22.7522125
2016    7       0.05894329      19.73479
2016    8       0.04915635      17.25149625
2016    9       0.05143771      17.891925
2016    10      0.05766679      19.607465
2016    11      0.03846534      14.4763025
2016    12      0.0595029       19.537605
2016    13      0.05094741      17.6558525
2016    14      0.0441613       15.97317125
2016    15      0.04656605      16.65121375
2016    16      0.03540968      13.7199
2016    17      0.03502989      13.5490475
2016    18      0.069116        21.88922
2016    19      0.08757741      26.51743625
2016    20      0.06666252      21.78891875
2016    21      0.0645342       21.4488075
2016    22      0.09784081      29.5029575
2016    23      0.15837031      43.35862375
2016    24      0.15035142      41.139325
2016    25      0.1360475       37.87231125
2016    26      0.0998752       29.4305175
2016    27      0.11274797      32.22773625
2016    28      0.11679059      33.46784875
2016    29      0.11248984      32.3056125
2017    1       0.18535941      49.214125
2017    2       0.17279436      46.17287375
2017    3       0.28625131      68.11351
2017    4       0.38369805      86.2754
2017    5       0.09273333      27.38856875
2017    6       0.12413489      35.324225
2017    7       0.13355866      37.5808175
2017    8       0.09644358      28.6366275
2017    9       0.09201424      27.35094875
2017    10      0.27997909      67.30052875
2017    11      0.12688725      35.4572475
2017    12      0.22155401      56.01329875
2017    13      0.45157441      99.60902625
2017    14      0.43760621      97.10565375
2017    15      0.31961096      75.55020625
2017    16      0.16176197      43.20519875
2017    17      0.18562088      47.71865375
2017    18      0.12299771      34.68688
2017    19      0.16519744      44.6622175
2017    20      0.39173461      88.61898
2017    21      0.29209785      70.9977375
2017    22      0.5584204       118.172025
2017    23      0.46122092      99.75336875
2017    24      0.38865708      86.7661825
2017    25      0.63941359      127.0065875
2017    26      0.48722105      104.885045
2017    27      0.36422392      81.93286
2017    28      0.37942635      85.89662625
2018    1       0.3217546       78.023065
2018    2       0.5939528       124.7667375
2018    3       0.48985185      107.8468325
2018    4       0.6392865       130.2927875
2018    5       0.67838235      134.8899125
2018    6       0.576973        118.3137225
2018    7       0.18392948      49.6797275
2018    8       0.1190422       34.12726875
2018    9       0.11468242      32.93549875
2018    10      0.07196822      22.31919875
2018    11      0.08266983      25.04009125
2018    12      0.09216537      27.95988875
2018    13      0.09271251      28.0959025
2018    14      0.21276942      54.8153475
2018    15      0.24768791      63.29256625
2018    16      0.13638196      38.3886275
2018    17      0.35143062      81.13251875
2018    18      0.28347589      69.47801125
2018    19      0.19816476      51.04947
2018    20      0.16914536      44.86091125
2018    21      0.07618657      23.7167725
2018    22      0.25492221      62.65485375
2018    23      0.19485892      50.49109875
2018    24      0.18482124      48.326055
2018    25      0.16544036      44.509485
2018    26      0.16360225      44.34185
2018    27      0.24956444      61.83610625
2018    28      0.2896989       69.023845
