####################################################################################################
# Month: 04Apr                                                                                     #
# Station: GLT                                                                                     #
# Columns are: year    day     windspeed (m/s)                                                     #
####################################################################################################
2009    1       16.12150537
2009    2       4.29071225
2009    3       1.64704938
2009    4       3.52888188
2009    5       3.87213662
2009    6       2.58981275
2009    7       2.91898538
2009    8       5.43818425
2009    9       2.61010025
2009    10      3.66124938
2009    11      10.33803912
2009    12      11.17640475
2009    13      4.4469125
2009    14      5.62592375
2009    15      9.93223888
2009    16      6.58635088
2009    17      3.27250038
2009    18      7.56970113
2009    19      4.94617112
2009    20      3.414401
2009    21      2.40809138
2009    22      7.59479988
2009    23      6.68085
2009    24      3.64056788
2009    25      6.08839738
2009    26      5.54832588
2009    27      6.36931725
2009    28      6.73433338
2009    29      6.3243445
2009    30      6.16825762
