####################################################################################################
# Month: 07Jul                                                                                     #
# Station: PAM                                                                                     #
# Frequency: 230 GHz                                                                               #
# Columns are: year    day     tau     Tb (K)                                                      #
####################################################################################################
2009    1       0.08558817      25.3851875
2009    2       0.19202949      48.5840275
2009    3       0.19400499      48.70721625
2009    4       0.13468788      36.13393125
2009    5       0.13004374      35.075515
2009    6       0.235979        57.89598625
2009    7       0.22146701      55.15970375
2009    8       0.29393738      69.48591125
2009    9       0.19311752      49.61117625
2009    10      0.226948        56.8418825
2009    11      0.1823541       47.85700625
2009    12      0.23294374      58.14122375
2009    13      0.15031186      40.7458475
2009    14      0.1254527       35.19995
2009    15      0.0920246       27.73094875
2009    16      0.09136376      27.59293375
2009    17      0.09461892      28.34470875
2009    18      0.07525179      23.53066625
2009    19      0.09993761      29.25329
2009    20      0.16880146      44.97869
2009    21      0.15446484      41.73912
2009    22      0.21017651      53.5670175
2009    23      0.23851111      59.32108875
2009    24      0.23366095      58.59118375
2009    25      0.1498909       41.23847875
2009    26      0.16458295      44.50197625
2009    27      0.1533508       42.0558425
2009    28      0.23078026      57.96152
2009    29      0.24478181      60.54337875
2009    30      0.29163518      69.63477125
2009    31      0.31578069      74.5082775
2010    1       0.23198719      57.33179
2010    2       0.1492588       40.15525375
2010    3       0.15147135      40.3839225
2010    4       0.15675085      41.39102875
2010    5       0.1646298       43.26758875
2010    6       0.11357723      32.29864875
2010    7       0.08989718      26.9706925
2010    8       0.10236997      30.03720125
2010    9       0.14834915      40.4530875
2010    10      0.23202806      57.9180025
2010    11      0.26764421      64.4053725
2010    12      0.17020092      44.77814375
2010    13      0.17518224      45.74676
2010    14      0.26662282      63.4245325
2010    15      0.13374005      37.05053875
2010    16      0.14907405      40.90753625
2010    17      0.14166495      39.3990025
2010    18      0.13102077      37.12354125
2010    19      0.16377933      43.7163725
2010    20      0.20373985      52.38717125
2010    21      0.15691909      41.68491
2010    22      0.31964152      73.99806875
2010    23      0.13892935      38.38236375
2010    24      0.2730993       65.80754375
2010    25      0.20143444      52.25454375
2010    26      0.12511306      35.71365625
2010    27      0.27508432      66.15686625
2010    28      0.62123052      124.8641375
2010    29      0.57109369      117.457375
2010    30      0.47159885      101.37816375
2010    31      0.1348944       36.5098375
2011    1       0.10005797      29.3352175
2011    2       0.13309398      36.2402775
2011    3       0.15953729      42.0608325
2011    4       0.24291918      59.67570625
2011    5       0.1920349       49.64156125
2011    6       0.13500891      37.6814025
2011    7       0.1888663       49.1299325
2011    8       0.25997776      63.573985
2011    9       0.24014102      59.422505
2011    10      0.29504821      70.0816025
2011    11      0.22333764      56.15069375
2011    12      0.13846591      38.6342625
2011    13      0.28260905      68.2633775
2011    14      0.29028449      70.5252075
2011    15      0.26556865      64.45262125
2011    16      0.24109165      59.55829125
2011    17      0.17305725      45.94047375
2011    18      0.31135021      73.10783625
2011    19      0.22821349      56.404205
2011    20      0.08332757      25.8010575
2011    21      0.07114792      22.85494375
2011    22      0.14883739      40.86810625
2011    23      0.11606515      33.394965
2011    24      0.15439415      42.445945
2011    25      0.1292908       36.85784875
2011    26      0.08640961      26.47096875
2011    27      0.1651242       43.9764775
2011    28      0.26845         65.479195
2011    29      0.26359359      64.31952125
2011    30      0.2705196       66.2130275
2011    31      0.23515828      58.7258625
2012    1       0.28734521      69.18972875
2012    2       0.21352015      54.8948125
2012    3       0.24431071      61.23905125
2012    4       0.28754195      69.614735
2012    5       0.19586034      51.00439875
2012    6       0.18421248      48.00410875
2012    7       0.18832261      48.67051125
2012    8       0.1179105       33.45576375
2012    9       0.11498008      32.72572
2012    10      0.14597641      39.9518725
2012    11      0.19475285      50.60362875
2012    12      0.13444788      37.19865625
2012    13      0.07769227      24.05971125
2012    14      0.13968136      37.5793525
2012    15      0.26559789      64.254785
2012    16      0.17922909      46.62600875
2012    17      0.12795104      35.2089925
2012    18      0.26669307      64.3022075
2012    19      0.24388524      59.8087575
2012    20      0.31671425      73.67489875
2012    21      0.30436384      71.956535
2012    22      0.33812622      78.55124
2012    23      0.38088329      86.62308875
2012    24      0.39760378      89.17365625
2012    25      0.3360768       78.23872375
2012    26      0.31661575      74.27886625
2012    27      0.09702135      28.81763625
2012    28      0.09170939      27.581265
2012    29      0.140508        39.0542675
2012    30      0.23244595      59.0708775
2012    31      0.21870695      56.3179625
2013    1       0.18572803      47.964075
2013    2       0.27970162      66.2390675
2013    3       0.10739227      31.2875725
2013    4       0.05079812      17.79075625
2013    5       0.08041655      25.18736875
2013    6       0.06820496      22.20835375
2013    7       0.10726437      31.4133775
2013    8       0.14787939      39.82382625
2013    9       0.18474595      47.90301875
2013    10      0.1495482       40.30348625
2013    11      0.19503944      49.6722425
2013    12      0.13484468      36.89842
2013    13      0.10596606      30.99529875
2013    14      0.22057009      55.41181875
2013    15      0.19014848      49.77544375
2013    16      0.1433226       39.70709625
2013    17      0.11627965      33.484515
2013    18      0.14260319      39.67497875
2013    19      0.16575918      45.0787375
2013    20      0.12278654      35.34503
2013    21      0.13783165      38.55453
2013    22      0.17208636      45.7602875
2013    23      0.16177802      42.8366975
2013    24      0.22572831      56.38039875
2013    25      0.25085385      61.59314
2013    26      0.11411891      33.1841425
2013    27      0.09744331      29.35986
2013    28      0.11284107      33.05025125
2013    29      0.10173264      30.34039875
2013    30      0.1186611       33.89064
2013    31      0.1958262       51.113375
2014    1       0.18448438      48.27069125
2014    2       0.31459995      73.107915
2014    3       0.36421238      81.95937875
2014    4       0.25883234      61.67495625
2014    5       0.10808536      30.4553625
2014    6       0.29019231      68.310335
2014    7       0.17412015      45.1506325
2014    8       0.10392319      30.36834125
2014    9       0.11888916      33.616885
2014    10      0.21887348      55.37692
2014    11      0.28958382      69.591125
2014    12      0.29670058      70.98246375
2014    13      0.30397144      72.864855
2014    14      0.1828533       48.45742875
2014    15      0.11598694      33.66948875
2014    16      0.14654967      40.2923675
2014    17      0.1629937       43.51574625
2014    18      0.19171253      49.32513375
2014    19      0.19299145      49.91662
2014    20      0.18100576      47.6147325
2014    21      0.18564084      49.1146525
2014    22      0.1547497       42.812565
2014    23      0.15845904      43.67043375
2014    24      0.16662261      45.29963125
2014    25      0.15491105      42.65916
2014    26      0.1132527       33.1270675
2014    27      0.13024714      36.9407025
2014    28      0.17012339      45.69631625
2014    29      0.22228179      56.49466625
2014    30      0.21261543      54.76233125
2014    31      0.16119697      43.57506
2015    1       0.34486665      79.39531125
2015    2       0.21678248      55.16239
2015    3       0.1092942       32.12647875
2015    4       0.14488734      40.40736875
2015    5       0.19195059      50.168335
2015    6       0.28655516      68.9898075
2015    7       0.1797621       47.8257225
2015    8       0.19762685      51.37600125
2015    9       0.26335274      64.69507375
2015    10      0.16534137      43.86708
2015    11      0.10003377      29.46394125
2015    12      0.16860852      44.62555875
2015    13      0.21492609      54.975635
2015    14      0.28271592      68.71171125
2015    15      0.25239435      63.23963625
2015    16      0.23024756      58.6123975
2015    17      0.15042188      41.29231625
2015    18      0.26330493      64.3317375
2015    19      0.40639156      90.89803
2015    20      0.43332422      95.7588
2015    21      0.44896051      98.80073625
2015    22      0.37374112      85.99336125
2015    23      0.33457455      79.035355
2015    24      0.34344076      80.3704325
2015    25      0.34270754      80.2681375
2015    26      0.43542471      95.81316125
2015    27      0.62015205      124.523475
2015    28      0.47334469      102.51904625
2015    29      0.48908044      105.23712625
2015    30      0.49872434      106.93319875
2015    31      0.56640782      116.966135
2016    1       0.2276619       57.53026625
2016    2       0.14361681      39.8246175
2016    3       0.1194737       33.8888075
2016    4       0.20091468      50.731645
2016    5       0.283388        67.2872375
2016    6       0.28816404      68.3984075
2016    7       0.2171291       54.31256875
2016    8       0.12701196      35.30466625
2016    9       0.31994413      74.717335
2016    10      0.39557071      88.82749125
2016    11      0.34218799      80.26591
2016    12      0.39389795      89.4863075
2016    13      0.44976485      99.227455
2016    14      0.44360554      98.35784375
2016    15      0.34534265      80.1348775
2016    16      0.1375306       38.13604
2016    17      0.27029309      65.49322375
2016    18      0.19975845      50.9626575
2016    19      0.1295624       35.94602375
2016    20      0.06146291      20.23688
2016    21      0.10343396      30.12938375
2016    22      0.202716        51.41629625
2016    23      0.11870456      34.01535125
2016    24      0.13251006      37.2201075
2016    25      0.1155814       33.40469125
2016    26      0.17641541      46.857
2016    27      0.27441051      66.69586
2016    28      0.15611052      42.33330375
2016    29      0.22531885      56.94861125
2016    30      0.20315759      52.04348
2016    31      0.24331235      60.447745
2017    1       0.26931972      65.28281
2017    2       0.35571035      81.2737075
2017    3       0.29146445      69.43211
2017    4       0.363315        82.5022
2017    5       0.37940771      85.75529625
2017    6       0.39466861      88.5525875
2017    7       0.27827935      68.36585
2017    8       0.2087511       54.2432825
2017    9       0.1579479       43.07225
2017    10      0.2669321       64.8365775
2017    11      0.35219298      82.14185
2017    12      0.25679024      63.53203875
2017    13      0.15533172      42.17786375
2017    14      0.25772861      63.636485
2017    15      0.32612016      76.42790625
2017    16      0.15382697      42.0048475
2017    17      0.19311625      50.551185
2017    18      0.13622496      37.78505625
2017    19      0.20936491      53.5518075
2017    20      0.19492569      51.0429775
2017    21      0.27409945      66.6151375
2017    22      0.41469959      92.69399375
2017    23      0.34314512      80.40835
2017    24      0.26577906      65.308155
2017    25      0.26077438      64.54887125
2017    26      0.20993691      54.49283875
2017    27      0.26919754      65.57705375
2017    28      0.41782784      93.72221625
2017    29      0.39166601      89.08812375
2017    30      0.24901794      62.4543875
2017    31      0.17876479      48.11383125
2018    1       0.11081743      32.1162025
2018    2       0.19484049      50.50337875
2018    3       0.2871772       68.17774375
2018    4       0.24827702      60.24104625
2018    5       0.32943405      76.01451625
2018    6       0.34186574      78.40986875
2018    7       0.32079128      75.041735
2018    8       0.35526992      82.02409125
2018    9       0.34139609      79.3092125
2018    10      0.28940034      69.91347375
2018    11      0.28744569      70.0608
2018    12      0.19179229      50.5228575
2018    13      0.18873951      49.885245
2018    14      0.13752666      38.71102875
2018    15      0.14202232      39.7125925
2018    16      0.172465        46.640755
2018    17      0.1667437       45.2194
2018    18      0.22552737      57.590635
2018    19      0.37452862      86.1130725
2018    20      0.34751788      81.75038375
2018    21      0.28585895      70.272795
2018    22      0.27552266      68.02488
2018    23      0.40113212      90.7090875
2018    24      0.28916425      70.8255725
2018    25      0.37376691      86.65997125
2018    26      0.31052705      73.98059625
2018    27      0.28527607      68.7734475
2018    28      0.17279405      45.48337625
2018    29      0.12454959      35.011505
2018    30      0.15563301      41.7267025
2018    31      0.204518        52.3769225
