####################################################################################################
# Month: 07Jul                                                                                     #
# Station: PAM                                                                                     #
# Frequency: 345 GHz                                                                               #
# Columns are: year    day     tau     Tb (K)                                                      #
####################################################################################################
2009    1       0.28734693      67.94193125
2009    2       0.59997384      118.31087875
2009    3       0.58021477      115.01910125
2009    4       0.42729992      91.22851125
2009    5       0.43004416      89.95536
2009    6       0.72228776      135.761
2009    7       0.70304394      133.71915
2009    8       0.90276335      157.0885
2009    9       0.63908211      125.926475
2009    10      0.73415841      139.0783125
2009    11      0.61529781      123.82415
2009    12      0.74573785      140.8033
2009    13      0.5137832       109.070175
2009    14      0.43535631      96.44534375
2009    15      0.32135011      77.23505125
2009    16      0.31947672      76.684085
2009    17      0.33068599      79.20696625
2009    18      0.2622588       65.56452375
2009    19      0.34893471      80.5199875
2009    20      0.56696094      117.6535875
2009    21      0.54021725      112.21812375
2009    22      0.6937976       134.173475
2009    23      0.7609195       142.6394125
2009    24      0.74854401      141.96645
2009    25      0.52081504      111.8326125
2009    26      0.57356219      119.46325
2009    27      0.53922928      114.39582875
2009    28      0.74546399      140.493015
2009    29      0.76567659      142.48036
2009    30      0.89541425      157.253175
2009    31      0.97493496      166.69705
2010    1       0.720194        135.955025
2010    2       0.48735494      103.82169
2010    3       0.49683151      104.28641625
2010    4       0.50867076      105.54837875
2010    5       0.53315122      109.89221375
2010    6       0.39156916      88.6553225
2010    7       0.313151        75.117165
2010    8       0.35903881      83.78284625
2010    9       0.50963189      108.63212
2010    10      0.72329828      137.3785375
2010    11      0.79842709      145.84345
2010    12      0.55808091      114.9227875
2010    13      0.57171709      116.37637125
2010    14      0.78799312      142.826275
2010    15      0.46061642      100.312775
2010    16      0.5171999       110.6045625
2010    17      0.49195212      107.2589825
2010    18      0.45192444      101.08990875
2010    19      0.55789788      113.94794125
2010    20      0.65850592      130.0950375
2010    21      0.51514632      107.2378825
2010    22      0.9567139       161.654425
2010    23      0.46720245      102.179695
2010    24      0.85493686      152.044275
2010    25      0.67374202      132.9232375
2010    26      0.43385666      97.46381875
2010    27      0.89779         155.1341125
2010    28      1.82139738      224.3481875
2010    29      1.6998635       218.142225
2010    30      1.40302688      200.22195
2010    31      0.43989308      92.6215275
2011    1       0.34587622      80.8698925
2011    2       0.44775444      95.62755875
2011    3       0.52527146      108.36587125
2011    4       0.76783164      142.1718625
2011    5       0.62219946      124.2524
2011    6       0.47169061      103.2463775
2011    7       0.62652292      124.89931125
2011    8       0.82256206      149.345625
2011    9       0.78668588      144.9479
2011    10      0.92188389      159.762625
2011    11      0.72216095      137.640425
2011    12      0.48587425      105.9238375
2011    13      0.92560372      159.8990375
2011    14      0.94352734      165.0629875
2011    15      0.82892734      150.096075
2011    16      0.76446001      142.5508125
2011    17      0.59217333      121.2660375
2011    18      0.96444819      163.9228625
2011    19      0.71565195      132.66637625
2011    20      0.2905422       72.12343375
2011    21      0.24649739      63.15258
2011    22      0.51410149      110.2489625
2011    23      0.40423078      92.11781375
2011    24      0.54500926      115.8790375
2011    25      0.45507628      101.653355
2011    26      0.30172509      73.28381125
2011    27      0.5605606       114.60819
2011    28      0.8784786       156.121225
2011    29      0.84587312      151.431725
2011    30      0.87569782      157.154575
2011    31      0.76454176      142.905
2012    1       0.91067015      160.102
2012    2       0.72567898      139.4802375
2012    3       0.81956484      150.5337625
2012    4       0.90719198      160.6690375
2012    5       0.64855212      129.434875
2012    6       0.60243904      121.2185625
2012    7       0.61669864      123.0158275
2012    8       0.40104341      90.75089375
2012    9       0.40004071      90.01127
2012    10      0.50544699      107.66722
2012    11      0.64035606      127.733
2012    12      0.43460502      96.2223625
2012    13      0.26992784      66.88014375
2012    14      0.45853686      96.389325
2012    15      0.81009699      147.4366375
2012    16      0.56203255      115.537865
2012    17      0.4363143       93.85336625
2012    18      0.82414392      148.62175
2012    19      0.74315912      139.127025
2012    20      0.9164477       158.205675
2012    21      0.92274001      160.0552875
2012    22      1.02447119      170.1771
2012    23      1.134916        181.20145
2012    24      1.18966877      184.9147
2012    25      1.03067819      171.5220125
2012    26      0.96862421      164.986725
2012    27      0.3342158       79.4154575
2012    28      0.32019995      76.52689375
2012    29      0.48486627      105.1567975
2012    30      0.76995231      145.1959625
2012    31      0.73107896      141.088425
2013    1       0.59589521      120.11215
2013    2       0.83385156      148.67185
2013    3       0.37126496      85.980485
2013    4       0.1728997       48.04865625
2013    5       0.28003436      70.2280025
2013    6       0.23579169      61.49618
2013    7       0.37579495      87.31846125
2013    8       0.47826996      101.83720125
2013    9       0.58824521      119.1308375
2013    10      0.49864836      105.76843625
2013    11      0.60004574      119.33070625
2013    12      0.43674186      94.9875675
2013    13      0.37230984      86.39009375
2013    14      0.70424821      133.63374125
2013    15      0.6232436       125.8127875
2013    16      0.49488255      107.55851375
2013    17      0.40472819      92.38901875
2013    18      0.49638104      107.81145
2013    19      0.57506312      120.7405
2013    20      0.43121534      98.06755125
2013    21      0.47004516      103.34719625
2013    22      0.53353564      112.8224975
2013    23      0.53628108      109.00436125
2013    24      0.69813749      133.98365
2013    25      0.77231234      143.318225
2013    26      0.40048564      92.48011125
2013    27      0.34235366      82.4021975
2013    28      0.3971563       92.42024875
2013    29      0.35814458      85.08009375
2013    30      0.41796488      94.43241125
2013    31      0.68424368      134.2442125
2014    1       0.6221989       123.64196125
2014    2       0.96990105      161.458575
2014    3       1.0452182       169.8032375
2014    4       0.74197008      135.08257375
2014    5       0.35483962      79.65113
2014    6       0.84695845      150.2265875
2014    7       0.52798959      109.5287125
2014    8       0.36252978      84.409115
2014    9       0.41175888      91.78583625
2014    10      0.7083662       136.1948875
2014    11      0.88230256      156.6912375
2014    12      0.91577936      159.8036625
2014    13      0.96329724      166.147075
2014    14      0.61345894      124.470175
2014    15      0.40665192      93.43292375
2014    16      0.51233269      109.45901
2014    17      0.54614611      113.68260875
2014    18      0.60984206      121.9863
2014    19      0.63362183      126.3143
2014    20      0.62356826      124.89105
2014    21      0.64225141      129.1755375
2014    22      0.54389785      116.3943875
2014    23      0.55650636      118.522025
2014    24      0.58019546      121.312975
2014    25      0.54257457      115.67350625
2014    26      0.39776558      92.40953875
2014    27      0.45830936      102.2646325
2014    28      0.58273292      120.43308125
2014    29      0.70933884      137.22505
2014    30      0.69968572      136.6660625
2014    31      0.546551        114.6812525
2015    1       1.03872751      171.1712625
2015    2       0.68896128      133.884355
2015    3       0.3823239       89.13503625
2015    4       0.50847452      109.84484125
2015    5       0.64517905      128.557775
2015    6       0.85957155      153.9398125
2015    7       0.59912539      123.21575
2015    8       0.66928006      131.43220375
2015    9       0.82589985      150.540775
2015    10      0.53427921      111.11199
2015    11      0.3506021       81.9185475
2015    12      0.58794822      118.90047
2015    13      0.74287782      141.57345
2015    14      0.9613759       164.9197125
2015    15      0.88733968      159.4578625
2015    16      0.81351364      151.0144625
2015    17      0.53255526      113.410775
2015    18      0.88101571      156.114275
2015    19      1.263065        191.284225
2015    20      1.37335125      199.6488875
2015    21      1.40842512      202.628075
2015    22      1.23636225      190.68025
2015    23      1.12079812      181.7965125
2015    24      1.15746475      184.3727625
2015    25      1.150381        183.88375
2015    26      1.40751362      201.0351875
2015    27      1.81994375      224.4489625
2015    28      1.4705085       206.5306125
2015    29      1.4610605       205.7878125
2015    30      1.49344975      208.277125
2015    31      1.6828275       218.1459375
2016    1       0.72734256      139.7559625
2016    2       0.4916057       106.937715
2016    3       0.41774311      93.22813
2016    4       0.64504575      124.782905
2016    5       0.85026991      149.6458375
2016    6       0.857096        152.700175
2016    7       0.65358         127.610375
2016    8       0.43776456      95.67483625
2016    9       0.98762439      165.67295
2016    10      1.19494492      185.1510125
2016    11      1.11055651      180.262475
2016    12      1.22473988      189.4283375
2016    13      1.38092362      200.9965875
2016    14      1.38800912      201.8127875
2016    15      1.07538389      175.756425
2016    16      0.47680858      103.61704375
2016    17      0.87456248      154.89355
2016    18      0.65682698      128.1917625
2016    19      0.43712121      96.2678625
2016    20      0.21232307      55.69188875
2016    21      0.36265504      83.4768825
2016    22      0.64660532      125.74475
2016    23      0.41577734      94.25216875
2016    24      0.46192979      101.970865
2016    25      0.40586936      92.597455
2016    26      0.60365561      122.69884625
2016    27      0.89909948      157.8524375
2016    28      0.54052295      113.4047425
2016    29      0.73096536      139.31355
2016    30      0.6776917       131.0972375
2016    31      0.7796709       144.8644375
2017    1       0.83298562      150.82105
2017    2       1.04342271      171.358625
2017    3       0.87534291      155.1539125
2017    4       1.08253901      174.7034
2017    5       1.15180412      181.366975
2017    6       1.18825838      184.9146875
2017    7       0.9377548       164.5885
2017    8       0.71158001      138.2767875
2017    9       0.55040211      115.1335575
2017    10      0.85991245      150.79184875
2017    11      1.07258175      177.142875
2017    12      0.80533474      148.9546625
2017    13      0.53741515      112.88406
2017    14      0.84439235      153.42825
2017    15      1.03168422      170.9953875
2017    16      0.53581451      112.9685175
2017    17      0.65788826      130.8528375
2017    18      0.47096385      101.67377625
2017    19      0.66852229      131.0929625
2017    20      0.6511997       129.8231125
2017    21      0.87780444      154.824325
2017    22      1.2414575       190.016275
2017    23      1.08424324      178.0609125
2017    24      0.84179136      153.17185
2017    25      0.84279692      153.8775375
2017    26      0.72695171      140.3352
2017    27      0.8742896       154.1853375
2017    28      1.2947765       194.932575
2017    29      1.23578388      190.39335
2017    30      0.82101118      151.5380875
2017    31      0.62145731      127.4052375
2018    1       0.37917784      87.5108
2018    2       0.64042296      127.5049
2018    3       0.86832835      153.36115
2018    4       0.75815222      139.18485
2018    5       0.96536196      163.0137875
2018    6       0.99201274      166.254675
2018    7       0.976092        165.1538125
2018    8       1.08941061      177.1597125
2018    9       1.06466561      174.40395
2018    10      0.9313162       162.26265
2018    11      0.93090709      163.4511375
2018    12      0.64843751      130.3491625
2018    13      0.64939169      130.68635
2018    14      0.48469331      106.8034375
2018    15      0.49893432      108.33965625
2018    16      0.60637559      125.2817625
2018    17      0.585042        121.5408
2018    18      0.76530969      144.5978875
2018    19      1.17291971      185.2429625
2018    20      1.12658325      182.9006
2018    21      0.95384319      167.2725875
2018    22      0.91819679      162.9218
2018    23      1.27902922      193.328925
2018    24      0.97825804      169.018875
2018    25      1.18965088      188.750825
2018    26      0.98420428      167.5355625
2018    27      0.8892443       157.1350875
2018    28      0.56394465      115.460925
2018    29      0.42474479      94.62733875
2018    30      0.53350869      110.1023275
2018    31      0.67472599      131.314075
