####################################################################################################
# Month: 07Jul                                                                                     #
# Station: BAN                                                                                     #
# Columns are: year    day     segment         RH (percent)                                        #
####################################################################################################
9       1       0       0.970083
9       1       1       0.946192
9       1       2       0.900138
9       1       3       0.794204
9       1       4       0.803619
9       1       5       0.893582
9       1       6       0.91507
9       1       7       0.927856
9       2       0       0.763075
9       2       1       0.787277
9       2       2       0.745564
9       2       3       0.719572
9       2       4       0.683816
9       2       5       0.756569
9       2       6       0.783418
9       2       7       0.745661
9       3       0       0.717893
9       3       1       0.689199
9       3       2       0.717332
9       3       3       0.975116
9       3       4       0.892599
9       3       5       0.929831
9       3       6       0.847369
9       3       7       0.738662
9       4       0       0.703946
9       4       1       0.764683
9       4       2       0.668297
9       4       3       0.668391
9       4       4       0.802088
9       4       5       0.91777
9       4       6       0.877013
9       4       7       0.82032
9       5       0       0.774427
9       5       1       0.820626
9       5       2       0.806506
9       5       3       0.68364
9       5       4       0.551579
9       5       5       0.461426
9       5       6       0.379291
9       5       7       0.527831
9       6       0       0.513133
9       6       1       0.467787
9       6       2       0.696624
9       6       3       0.858583
9       6       4       0.860935
9       6       5       0.775854
9       6       6       0.791145
9       6       7       0.949109
9       7       0       0.96192
9       7       1       0.946523
9       7       2       0.967381
9       7       3       1.029671
9       7       4       0.979456
9       7       5       0.961566
9       7       6       0.949848
9       7       7       0.913084
9       8       0       0.924485
9       8       1       0.909715
9       8       2       0.946193
9       8       3       0.845485
9       8       4       0.799245
9       8       5       0.823313
9       8       6       0.704235
9       8       7       0.926075
9       9       0       0.959221
9       9       1       0.885358
9       9       2       0.795259
9       9       3       0.976448
9       9       4       0.83774
9       9       5       0.351884
9       9       6       0.094447
9       9       7       0.132709
9       10      0       0.409292
9       10      1       0.515438
9       10      2       0.521393
9       10      3       0.570264
9       10      4       0.698702
9       10      5       0.837454
9       10      6       0.970888
9       10      7       0.97736
9       11      0       0.915666
9       11      1       0.883284
9       11      2       0.760384
9       11      3       0.492912
9       11      4       0.515394
9       11      5       0.561889
9       11      6       0.606176
9       11      7       0.742907
9       12      0       0.753539
9       12      1       0.707307
9       12      2       0.678377
9       12      3       0.698717
9       12      4       0.78685
9       12      5       0.85734
9       12      6       0.885811
9       12      7       0.827836
9       13      0       0.72051
9       13      1       0.77905
9       13      2       0.803733
9       13      3       0.891752
9       13      4       0.952863
9       13      5       1.032417
9       13      6       0.716517
9       13      7       0.783591
9       14      0       0.724538
9       14      1       0.808788
9       14      2       0.818724
9       14      3       0.69898
9       14      4       0.569844
9       14      5       0.609677
9       14      6       0.848964
9       14      7       0.963029
9       15      0       0.961399
9       15      1       0.906589
9       15      2       0.776983
9       15      3       0.696442
9       15      4       0.671444
9       15      5       0.661785
9       15      6       0.623416
9       15      7       0.656524
9       16      0       0.865285
9       16      1       0.935568
9       16      2       0.792416
9       16      3       0.665717
9       16      4       0.557352
9       16      5       0.508429
9       16      6       0.585187
9       16      7       0.677243
9       17      0       0.977899
9       17      1       0.968637
9       17      2       0.890935
9       17      3       0.692505
9       17      4       0.612955
9       17      5       0.621336
9       17      6       0.636372
9       17      7       0.730747
9       18      0       0.86202
9       18      1       0.686901
9       18      2       0.81041
9       18      3       0.718046
9       18      4       0.740459
9       18      5       0.676773
9       18      6       0.695733
9       18      7       0.710517
9       19      0       0.7905
9       19      1       0.716125
9       19      2       0.957891
9       19      3       0.981681
9       19      4       0.986685
9       19      5       0.978088
9       19      6       0.709762
9       19      7       0.738207
9       20      0       0.848199
9       20      1       0.839503
9       20      2       0.908035
9       20      3       0.773999
9       20      4       0.742755
9       20      5       0.794126
9       20      6       0.677685
9       20      7       0.879016
9       21      0       0.917173
9       21      1       0.873077
9       21      2       0.853445
9       21      3       0.807685
9       21      4       0.689844
9       21      5       0.635735
9       21      6       0.650441
9       21      7       0.788525
9       22      0       0.907883
9       22      1       0.769603
9       22      2       0.854359
9       22      3       0.848408
9       22      4       0.388207
9       22      5       0.319212
9       22      6       0.264488
9       22      7       0.287376
9       23      0       0.48874
9       23      1       0.615857
9       23      2       0.771744
9       23      3       0.781111
9       23      4       0.608903
9       23      5       0.416812
9       23      6       0.390547
9       23      7       0.541543
9       24      0       0.534608
9       24      1       0.284693
9       24      2       0.335235
9       24      3       0.29103
9       24      4       0.650912
9       24      5       0.74781
9       24      6       0.761275
9       24      7       0.762356
9       25      0       0.850064
9       25      1       0.920016
9       25      2       0.890905
9       25      3       0.807647
9       25      4       0.667021
9       25      5       0.625475
9       25      6       0.638442
9       25      7       0.825726
9       26      0       0.925437
9       26      1       0.874502
9       26      2       0.741103
9       26      3       0.770563
9       26      4       0.834562
9       26      5       0.77391
9       26      6       0.788904
9       26      7       0.876316
9       27      0       0.873923
9       27      1       0.860116
9       27      2       0.777859
9       27      3       0.726902
9       27      4       0.732852
9       27      5       0.704889
9       27      6       0.731416
9       27      7       0.784083
9       28      0       0.842943
9       28      1       0.879618
9       28      2       0.754345
9       28      3       0.713668
9       28      4       0.645021
9       28      5       0.564031
9       28      6       0.577056
9       28      7       0.60287
9       29      0       0.787908
9       29      1       0.680988
9       29      2       0.157788
9       29      3       0.452084
9       29      4       0.554341
9       29      5       0.639157
9       29      6       0.634878
9       29      7       0.666697
9       30      0       0.705839
9       30      1       0.690746
9       30      2       0.711256
9       30      3       0.754375
9       30      4       0.837631
9       30      5       0.911457
9       30      6       0.662458
9       30      7       0.847114
9       31      0       0.857619
9       31      1       0.648816
9       31      2       0.45943
9       31      3       0.383905
9       31      4       0.384923
9       31      5       0.499458
9       31      6       0.555128
9       31      7       0.690798
