####################################################################################################
# Month: 01Jan                                                                                     #
# Station: MOR                                                                                     #
# Columns are: year    day     windspeed (m/s)                                                     #
####################################################################################################
2009    1       5.99922
2009    2       5.421858
2009    3       7.02493425
2009    4       7.51115038
2009    5       3.69872312
2009    6       6.83629737
2009    7       10.7953865
2009    8       7.26897112
2009    9       11.23954038
2009    10      8.16239812
2009    11      12.77382512
2009    12      9.3824805
2009    13      9.49551375
2009    14      7.85448712
2009    15      9.56342012
2009    16      5.11374075
2009    17      12.66629362
2009    18      20.5303865
2009    19      14.40597862
2009    20      19.64260738
2009    21      24.02911
2009    22      7.5424765
2009    23      7.65264762
2009    24      5.99970225
2009    25      14.89488225
2009    26      16.5572705
2009    27      6.37810562
2009    28      3.504907
2009    29      3.19967762
2009    30      15.07273288
2009    31      12.33642338
