####################################################################################################
# Month: 08Aug                                                                                     #
# Station: GAM                                                                                     #
# Frequency: 345 GHz                                                                               #
# Columns are: year    day     tau     Tb (K)                                                      #
####################################################################################################
2009    1       0.3936283       93.0425525
2009    2       0.50661328      113.0983125
2009    3       0.39872075      95.1756925
2009    4       0.38413529      92.754995
2009    5       0.38037386      91.14179875
2009    6       0.37594665      89.71562375
2009    7       0.55468664      119.89454625
2009    8       0.86003145      160.650525
2009    9       1.04961655      181.08655
2009    10      0.83516058      158.660525
2009    11      0.7396773       146.9586375
2009    12      0.56151579      121.736925
2009    13      0.45301681      104.226385
2009    14      0.61751231      129.5504625
2009    15      0.93707218      168.8971625
2009    16      1.08776357      183.2142875
2009    17      1.4562725       209.8695375
2009    18      0.95735376      158.16078875
2009    19      0.31043749      77.18157
2009    20      0.3453754       84.4774925
2009    21      0.36843308      88.4097275
2009    22      0.73008715      143.869125
2009    23      0.71847752      142.275875
2009    24      0.58744242      124.4549875
2009    25      0.84427851      157.9346625
2009    26      1.23996025      196.1544375
2009    27      0.98284571      173.7707375
2009    28      0.97156811      173.384725
2009    29      0.78839245      151.8229375
2009    30      0.75501431      147.6508125
2009    31      0.80489918      153.9694875
2010    1       0.8118534       156.12235
2010    2       0.77339795      151.5706625
2010    3       0.69955424      142.3282
2010    4       0.62463914      132.351475
2010    5       0.59439111      127.942575
2010    6       0.45715174      106.67203875
2010    7       0.55475958      122.449775
2010    8       0.45828812      105.736215
2010    9       0.15207085      43.75581625
2010    10      0.1051595       32.3475225
2010    11      0.1784508       48.85743
2010    12      0.25090948      64.63380625
2010    13      0.23474998      62.029915
2010    14      0.18607212      51.70102625
2010    15      0.22917805      60.6151925
2010    16      0.30867904      77.04328875
2010    17      0.46601806      105.84627625
2010    18      0.51464228      114.00565
2010    19      0.47697667      108.345075
2010    20      0.48988825      110.76536
2010    21      0.5645407       122.57235
2010    22      0.74625671      147.7440375
2010    23      0.31519164      77.80764875
2010    24      0.69336239      140.2467375
2010    25      1.11423559      186.3648125
2010    26      0.87184695      161.83665
2010    27      0.78354825      152.839675
2010    28      0.89699449      164.7809375
2010    29      1.01010794      176.7249
2010    30      0.99094414      175.4641375
2010    31      0.81161674      156.1671375
2011    1       0.56484079      120.73040375
2011    2       0.63100705      131.764225
2011    3       0.71823135      144.7258625
2011    4       0.97414842      170.8096875
2011    5       0.68775069      135.114815
2011    6       0.63744476      132.28505
2011    7       0.71174605      143.2005875
2011    8       0.91043916      162.8386
2011    9       0.79279892      154.259075
2011    10      0.7011264       142.6805375
2011    11      0.54809431      120.656975
2011    12      0.67997369      139.080325
2011    13      0.871664        161.5602375
2011    14      0.46087711      105.1402475
2011    15      0.5291458       114.7112125
2011    16      0.73328365      144.8504375
2011    17      1.00788986      174.6331625
2011    18      0.98535576      172.5538
2011    19      0.63213944      130.6424875
2011    20      0.49265878      109.9971075
2011    21      0.50674112      113.335325
2011    22      0.69363945      135.28896
2011    23      0.26461609      68.0959375
2011    24      0.41716402      99.11730375
2011    25      0.46397002      107.62525125
2011    26      0.45010716      105.60110625
2011    27      0.4342486       102.64487
2011    28      0.6780524       140.5162875
2011    29      0.91651912      169.5144125
2011    30      0.87117121      164.407625
2011    31      0.90682741      168.3662125
2012    1       0.64343721      128.93331
2012    2       1.85747262      231.6218625
2012    3       1.737901        225.3446
2012    4       1.56085912      217.844075
2012    5       0.92703725      154.13166625
2012    6       0.21918544      57.393855
2012    7       0.17215282      47.48558
2012    8       0.14912136      43.0051275
2012    9       0.2420261       62.926755
2012    10      0.46640552      105.9427775
2012    11      0.33527943      79.92352125
2012    12      0.1471303       42.46907875
2012    13      0.60616416      128.19813125
2012    14      0.77234764      151.4741875
2012    15      0.388511        85.27799875
2012    16      0.17332788      48.08967375
2012    17      0.33725339      81.947295
2012    18      1.30700475      202.74605
2012    19      1.45612975      213.0386375
2012    20      1.4594785       213.313825
2012    21      1.53468588      217.4873125
2012    22      1.22906613      195.0065875
2012    23      1.1659472       190.8853125
2012    24      1.02242022      179.370075
2012    25      1.502499        215.277225
2012    26      1.49308288      214.4155125
2012    27      1.68811388      224.42895
2012    28      1.31158088      203.2829875
2012    29      1.04351559      180.1984625
2012    30      0.74786971      147.598475
2012    31      0.5958157       127.89697125
2013    1       0.97739239      171.8741375
2013    2       0.78586481      151.734175
2013    3       0.63538156      132.054075
2013    4       0.57722542      123.419825
2013    5       0.65272138      134.4584375
2013    6       0.78339998      151.6266875
2013    7       0.76203621      147.605275
2013    8       0.37421919      87.43888
2013    9       0.19501         53.12505625
2013    10      0.7023579       137.58679375
2013    11      0.32130955      78.003995
2013    12      0.28157906      72.4379275
2013    13      0.3891655       92.639065
2013    14      0.40469794      94.37910125
2013    15      0.34335379      84.008485
2013    16      0.29102162      74.66757625
2013    17      0.25504273      65.73999625
2013    18      0.24115579      62.544765
2013    19      0.25816121      67.2203375
2013    20      0.30932888      77.83504
2013    21      0.53809439      118.0350125
2013    22      0.38096926      91.184375
2013    23      0.37292881      89.73327625
2013    24      0.32789834      81.65328125
2013    25      0.59658215      124.77089875
2013    26      0.82773466      156.21455
2013    27      0.52340996      115.557625
2013    28      0.5445779       119.1675375
2013    29      0.43379319      98.20282
2013    30      0.21270048      56.4054925
2013    31      0.18859698      51.93514125
2014    1       1.40555262      207.627875
2014    2       1.25010962      196.37405
2014    3       1.01884321      176.5982625
2014    4       0.97618755      171.4415
2014    5       0.32053959      79.0437975
2014    6       0.42991791      99.83149125
2014    7       0.43366411      95.97230125
2014    8       0.1543635       44.14379625
2014    9       0.1631702       45.8874475
2014    10      0.36101309      87.024165
2014    11      0.16610107      47.5659325
2014    12      0.2472459       64.801275
2014    13      0.65970016      134.9334125
2014    14      1.25929875      196.8665625
2014    15      1.7792555       228.53705
2014    16      1.40277825      206.8578625
2014    17      1.72746213      224.4551
2014    18      1.47449338      211.148375
2014    19      1.3334635       201.27795
2014    20      1.79755462      227.6159625
2014    21      0.88641356      149.67377
2014    22      0.34473132      83.64271875
2014    23      0.33912358      82.99126375
2014    24      0.24904599      65.21551375
2014    25      0.52641571      115.86636625
2014    26      0.79142716      152.7695125
2014    27      0.61503665      130.4998625
2014    28      0.16867294      48.22689125
2014    29      0.14930346      43.05579875
2014    30      0.17224236      48.48601625
2014    31      0.25040549      65.1875225
2015    1       0.22503532      59.73049375
2015    2       0.29154178      74.308365
2015    3       0.4436045       103.5098875
2015    4       0.50989522      113.755275
2015    5       0.55720729      119.3276
2015    6       0.5535147       120.0710875
2015    7       0.45518954      104.21095875
2015    8       0.40869283      96.39921
2015    9       0.40091826      95.4158075
2015    10      0.31456954      78.65460625
2015    11      0.26938504      69.0692425
2015    12      0.34002172      82.738855
2015    13      0.54497934      115.1829125
2015    14      0.42679211      98.07498375
2015    15      0.48547074      109.224805
2015    16      0.5728909       123.449475
2015    17      0.82654046      158.566825
2015    18      0.87036899      162.4656375
2015    19      1.26039314      196.0591375
2015    20      1.37350637      206.5025
2015    21      1.488739        213.468325
2015    22      1.81633362      229.3373125
2015    23      1.40442223      204.863425
2015    24      1.29275609      190.8753125
2015    25      2.07845538      239.012175
2015    26      2.46456588      250.9053
2015    27      1.82863475      230.489125
2015    28      1.6909355       225.9973875
2015    29      2.12203788      244.536475
2015    30      1.7822955       230.783
2015    31      0.89626408      149.1949175
2016    1       0.21677525      57.836665
2016    2       0.99000019      167.480025
2016    3       0.44142366      93.38813625
2016    4       0.37742565      91.02436625
2016    5       0.39696935      95.15817
2016    6       0.24561682      64.7867575
2016    7       0.31390502      78.45331625
2016    8       0.34679634      85.00525125
2016    9       0.40052131      95.24548
2016    10      0.61322225      124.15535875
2016    11      1.14396375      190.1859625
2016    12      1.11559022      187.770725
2016    13      0.98051194      173.4392875
2016    14      0.80291299      153.12685
2016    15      0.83820776      158.6935125
2016    16      1.30205037      201.5061
2016    17      1.53311263      216.335375
2016    18      1.566597        219.3912875
2016    19      1.77026804      222.6249625
2016    20      0.80716569      155.5588
2016    21      0.53779641      116.5953475
2016    22      0.37281609      87.32656875
2016    23      0.7974618       153.2586375
2016    24      0.84997609      160.8491
2016    25      0.74564711      148.7097125
2016    26      0.63182058      132.53205
2016    27      0.49502781      111.40701625
2016    28      0.50227216      111.7924775
2016    29      0.86784111      158.227125
2016    30      1.1390045       188.2278125
2016    31      1.13136559      187.6113875
2017    1       0.64134723      133.1923375
2017    2       0.80931126      154.7189375
2017    3       1.21340994      191.952475
2017    4       1.39866962      204.9674625
2017    5       0.5180611       112.04030125
2017    6       0.44564612      102.146695
2017    7       0.4915832       110.4205525
2017    8       0.37761068      89.943775
2017    9       0.40887999      96.33315125
2017    10      0.57646875      124.4006625
2017    11      0.50480657      113.4219625
2017    12      0.4627158       106.15862625
2017    13      0.41673765      97.8565225
2017    14      0.54540216      119.296425
2017    15      0.51742981      115.0084
2017    16      0.28134404      71.573085
2017    17      0.23838926      63.03034625
2017    18      0.266497        68.84952625
2017    19      0.42177582      98.43175
2017    20      0.58558804      125.911475
2017    21      0.53150195      117.7352125
2017    22      0.42351523      99.11514625
2017    23      0.43032191      100.5704875
2017    24      0.3543388       86.37940125
2017    25      0.48438728      107.431225
2017    26      0.34358011      83.79211875
2017    27      0.48802306      109.927055
2017    28      0.72902449      145.53165
2017    29      1.11645269      187.11
2017    30      0.93429578      170.2302375
2017    31      1.22568525      197.78555
2018    1       0.69581639      141.566425
2018    2       0.81926088      157.618275
2018    3       1.30956612      203.6899875
2018    4       1.17731591      191.2775625
2018    5       0.50252528      111.39757625
2018    6       1.0084078       166.62008375
2018    7       1.48102988      214.55945
2018    8       1.73095925      230.0808875
2018    9       0.7273312       128.78784375
2018    10      0.24650609      61.5693725
2018    11      0.62632908      126.99266375
2018    12      1.19523149      192.403675
2018    13      1.999766        239.17815
2018    14      1.5680935       221.5308125
2018    15      1.5377325       217.31595
2018    16      0.78350675      153.878325
2018    17      0.41457658      95.4637325
2018    18      0.49836961      107.29153875
2018    19      0.68725638      140.33985
2018    20      0.90443136      164.354525
2018    21      0.74051751      134.71148125
2018    22      0.143326        42.143135
2018    23      0.15336403      44.3084075
2018    24      0.2496199       65.706225
2018    25      0.41143176      96.710725
2018    26      0.3463233       83.56229125
2018    27      0.28689372      72.66075125
2018    28      0.17573215      49.28707625
2018    29      0.63116141      127.31002625
2018    30      0.96352628      172.484
2018    31      1.07170822      183.0175625
