####################################################################################################
# Month: 08Aug                                                                                     #
# Station: GAM                                                                                     #
# Columns are: year    day     windspeed (m/s)                                                     #
####################################################################################################
2009    1       7.29413438
2009    2       2.673053
2009    3       1.85921025
2009    4       5.91396375
2009    5       6.55693362
2009    6       5.9955675
2009    7       4.36845412
2009    8       4.52608112
2009    9       3.80026612
2009    10      3.7501065
2009    11      5.10494938
2009    12      5.14371913
2009    13      4.92787025
2009    14      8.57808388
2009    15      4.64133025
2009    16      5.34345825
2009    17      10.290719
2009    18      18.07423775
2009    19      8.67769438
2009    20      7.603329
2009    21      7.19528025
2009    22      5.23396975
2009    23      4.30974488
2009    24      1.31570375
2009    25      1.40322562
2009    26      3.33276462
2009    27      2.01503525
2009    28      5.43406975
2009    29      5.90594275
2009    30      5.54769062
2009    31      6.80656838
