####################################################################################################
# Month: 08Aug                                                                                     #
# Station: WF                                                                                      #
# Columns are: year    day     windspeed (m/s)                                                     #
####################################################################################################
2009    1       6.31939562
2009    2       7.74131575
2009    3       6.40082888
2009    4       3.3045345
2009    5       9.98949388
2009    6       5.02647925
2009    7       7.15289075
2009    8       7.42000525
2009    9       4.475091
2009    10      8.93003412
2009    11      4.28451938
2009    12      3.934114
2009    13      4.79663175
2009    14      3.85921125
2009    15      3.53081362
2009    16      3.83507013
2009    17      4.21589388
2009    18      5.84548075
2009    19      9.26654538
2009    20      4.42726512
2009    21      8.74005838
2009    22      10.430848
2009    23      6.60202325
2009    24      3.05214938
2009    25      3.67796612
2009    26      10.68811125
2009    27      8.25090775
2009    28      2.762573
2009    29      10.52525975
2009    30      6.68915612
2009    31      8.00795713
