####################################################################################################
# Month: 08Aug                                                                                     #
# Station: WF                                                                                      #
# Columns are: year    day     segment         RH (percent)                                        #
####################################################################################################
9       1       0       0.677055
9       1       1       0.750366
9       1       2       0.769697
9       1       3       0.695147
9       1       4       0.611328
9       1       5       0.682204
9       1       6       0.628401
9       1       7       0.625775
9       2       0       0.630847
9       2       1       0.641419
9       2       2       0.648146
9       2       3       0.577027
9       2       4       0.480694
9       2       5       0.726318
9       2       6       0.808691
9       2       7       0.960849
9       3       0       0.909253
9       3       1       0.809866
9       3       2       0.85012
9       3       3       0.794328
9       3       4       0.689364
9       3       5       0.744197
9       3       6       0.687376
9       3       7       0.69033
9       4       0       0.6595
9       4       1       0.632886
9       4       2       0.627061
9       4       3       0.612982
9       4       4       0.622927
9       4       5       0.708516
9       4       6       0.726785
9       4       7       0.752914
9       5       0       0.724321
9       5       1       0.707702
9       5       2       0.777796
9       5       3       0.685853
9       5       4       0.651955
9       5       5       0.788836
9       5       6       0.77788
9       5       7       0.762633
9       6       0       0.734659
9       6       1       0.545745
9       6       2       0.519554
9       6       3       0.564962
9       6       4       0.601662
9       6       5       0.656224
9       6       6       0.644962
9       6       7       0.652042
9       7       0       0.671377
9       7       1       0.662749
9       7       2       0.674804
9       7       3       0.685223
9       7       4       0.710272
9       7       5       0.748168
9       7       6       0.653342
9       7       7       0.639637
9       8       0       0.608954
9       8       1       0.642034
9       8       2       0.617783
9       8       3       0.575392
9       8       4       0.537093
9       8       5       0.616014
9       8       6       0.598704
9       8       7       0.587258
9       9       0       0.553309
9       9       1       0.530077
9       9       2       0.511349
9       9       3       0.495751
9       9       4       0.526268
9       9       5       0.670196
9       9       6       0.721602
9       9       7       0.792531
9       10      0       0.855854
9       10      1       0.949654
9       10      2       0.968488
9       10      3       0.958397
9       10      4       0.952717
9       10      5       0.952599
9       10      6       0.926017
9       10      7       1.466863
9       11      0       0.733243
9       11      1       0.620352
9       11      2       0.604181
9       11      3       0.659624
9       11      4       0.721025
9       11      5       0.823613
9       11      6       0.791883
9       11      7       0.8416
9       12      0       0.821472
9       12      1       0.827003
9       12      2       0.882435
9       12      3       0.88731
9       12      4       1.209477
9       12      5       0.942344
9       12      6       0.917812
9       12      7       0.960264
9       13      0       0.960337
9       13      1       0.971439
9       13      2       0.977778
9       13      3       0.975917
9       13      4       0.962986
9       13      5       0.962397
9       13      6       0.932494
9       13      7       0.902037
9       14      0       0.853691
9       14      1       0.758715
9       14      2       0.742997
9       14      3       0.717834
9       14      4       0.678047
9       14      5       0.736128
9       14      6       0.654525
9       14      7       0.66794
9       15      0       0.630879
9       15      1       0.612319
9       15      2       0.61576
9       15      3       0.617443
9       15      4       0.58684
9       15      5       0.629122
9       15      6       0.607139
9       15      7       0.579169
9       16      0       0.526309
9       16      1       0.530566
9       16      2       0.590801
9       16      3       0.653337
9       16      4       0.661321
9       16      5       0.721058
9       16      6       0.650864
9       16      7       0.631892
9       17      0       0.57649
9       17      1       0.575249
9       17      2       0.636823
9       17      3       0.681975
9       17      4       0.657736
9       17      5       0.706757
9       17      6       0.651841
9       17      7       0.614242
9       18      0       0.574297
9       18      1       0.529828
9       18      2       0.566071
9       18      3       0.600891
9       18      4       0.570734
9       18      5       0.571685
9       18      6       0.596666
9       18      7       0.542097
9       19      0       0.554075
9       19      1       0.64534
9       19      2       0.734352
9       19      3       0.766067
9       19      4       0.693434
9       19      5       0.685295
9       19      6       0.662695
9       19      7       0.674287
9       20      0       0.7408
9       20      1       0.790122
9       20      2       0.730413
9       20      3       0.672421
9       20      4       0.684154
9       20      5       0.827439
9       20      6       0.901032
9       20      7       0.907777
9       21      0       0.698414
9       21      1       0.883414
9       21      2       0.904452
9       21      3       0.934489
9       21      4       0.911602
9       21      5       0.810375
9       21      6       0.90909
9       21      7       0.888407
9       22      0       0.785605
9       22      1       0.734331
9       22      2       0.795383
9       22      3       0.818242
9       22      4       0.842252
9       22      5       0.901023
9       22      6       0.885634
9       22      7       0.781184
9       23      0       0.673233
9       23      1       0.692512
9       23      2       0.710127
9       23      3       0.710025
9       23      4       1.439657
9       23      5       0.785285
9       23      6       0.720828
9       23      7       0.731752
9       24      0       0.840564
9       24      1       1.204262
9       24      2       0.949553
9       24      3       0.961043
9       24      4       0.949108
9       24      5       0.913104
9       24      6       0.779275
9       24      7       0.778196
9       25      0       0.80561
9       25      1       0.848886
9       25      2       0.811074
9       25      3       0.716489
9       25      4       0.631498
9       25      5       0.702645
9       25      6       0.644679
9       25      7       0.659809
9       26      0       0.661391
9       26      1       0.672399
9       26      2       0.701525
9       26      3       0.637357
9       26      4       0.61633
9       26      5       0.731469
9       26      6       0.715927
9       26      7       0.785232
9       27      0       0.766172
9       27      1       0.603724
9       27      2       0.615334
9       27      3       0.609625
9       27      4       0.556123
9       27      5       0.617647
9       27      6       0.543433
9       27      7       0.536007
9       28      0       0.491811
9       28      1       0.452381
9       28      2       0.477075
9       28      3       0.509073
9       28      4       0.485173
9       28      5       0.600108
9       28      6       0.627952
9       28      7       0.694211
9       29      0       0.77554
9       29      1       0.93711
9       29      2       0.906651
9       29      3       0.964602
9       29      4       1.023926
9       29      5       0.98529
9       29      6       0.954652
9       29      7       0.974189
9       30      0       0.963526
9       30      1       0.870325
9       30      2       0.91007
9       30      3       0.978132
9       30      4       0.855815
9       30      5       0.796572
9       30      6       0.712914
9       30      7       0.749409
9       31      0       0.673359
9       31      1       0.612107
9       31      2       0.633763
9       31      3       0.629837
9       31      4       0.701149
9       31      5       0.811381
9       31      6       0.712705
9       31      7       0.622163
