####################################################################################################
# Month: 01Jan                                                                                     #
# Station: ALMA                                                                                    #
# Frequency: 345 GHz                                                                               #
# Columns are: year    day     tau     Tb (K)                                                      #
####################################################################################################
2009    1       0.40066978      90.42824875
2009    2       0.27453934      67.47560875
2009    3       0.1659448       45.45785625
2009    4       0.14094881      40.26537375
2009    5       0.25849139      63.07294875
2009    6       0.24804294      61.24156375
2009    7       0.21970984      56.39714
2009    8       0.09143359      28.63310125
2009    9       0.05002793      18.5774175
2009    10      0.05799068      20.45495
2009    11      0.09258553      28.7802425
2009    12      0.08047066      25.5003875
2009    13      0.16758846      44.9099575
2009    14      0.2054559       53.27182125
2009    15      0.12573165      36.08884625
2009    16      0.11347897      34.0221975
2009    17      0.25845132      63.33972875
2009    18      0.19825825      51.9859725
2009    19      0.14823469      41.3558175
2009    20      0.33300884      78.03902375
2009    21      0.17118635      45.85480375
2009    22      0.23367981      58.82678125
2009    23      0.18827724      49.8994775
2009    24      0.08694484      27.55998875
2009    25      0.23716279      57.84886375
2009    26      0.40038896      89.9555525
2009    27      0.21751371      56.6870675
2009    28      0.26260238      65.64012375
2009    29      0.31616716      74.928
2009    30      0.38667482      88.90225375
2009    31      0.18626459      49.9068125
2010    1       0.09426367      29.199975
2010    2       0.26001124      63.39189125
2010    3       0.25304056      63.98769375
2010    4       0.3588866       82.36554625
2010    5       0.5379437       112.12851125
2010    6       0.72213959      136.09030375
2010    7       0.45371461      97.39893125
2010    8       0.1773224       47.65471125
2010    9       0.20023075      53.07763875
2010    10      0.1273048       37.03428
2010    11      0.18192929      49.5066475
2010    12      0.11024069      32.8548125
2010    13      0.12591132      36.95941
2010    14      0.08684081      27.77343625
2010    15      0.06666992      22.9096575
2010    16      0.06107703      21.45449
2010    17      0.06617426      22.554565
2010    18      0.12928114      37.32673375
2010    19      0.07727828      25.21269
2010    20      0.16380139      44.8605275
2010    21      0.33462269      78.94785625
2010    22      0.47210114      103.27544875
2010    23      0.21564421      56.3158825
2010    24      0.22115829      57.0244775
2010    25      0.41547855      92.27934375
2010    26      0.44148326      96.75704625
2010    27      0.48636994      103.67973375
2010    28      0.42288004      94.08132125
2010    29      0.24861334      61.7089025
2010    30      0.86321065      150.7788
2010    31      1.03191797      171.52055
2011    1       0.11149928      33.66915375
2011    2       0.07289045      24.390735
2011    3       0.07461994      24.62803875
2011    4       0.11550986      34.01448125
2011    5       0.118717        35.2964075
2011    6       0.12611084      36.70420625
2011    7       0.08705254      27.61319625
2011    8       0.17500705      46.92720125
2011    9       0.18817401      49.9005975
2011    10      0.22096841      57.11697625
2011    11      0.17064555      46.43947
2011    12      0.12984851      37.75758
2011    13      0.0816962       26.3003625
2011    14      0.12927463      37.27945625
2011    15      0.12080017      35.38375125
2011    16      0.19098881      51.30356625
2011    17      0.11832792      35.350325
2011    18      0.09471952      29.55478875
2011    19      0.14163565      40.3296875
2011    20      0.1813827       49.0911775
2011    21      0.16809906      46.25436125
2011    22      0.18867762      49.0162625
2011    23      0.68021949      130.2501875
2011    24      0.99333242      166.8452875
2011    25      0.98737073      166.6195
2011    26      0.91844456      160.1871125
2011    27      0.98406105      166.5689125
2011    28      0.85728535      152.5956375
2011    29      0.96884856      165.3108125
2011    30      0.8054651       148.029825
2011    31      0.9266575       159.76925
2012    1       0.47558003      100.16719875
2012    2       0.57795236      117.52010375
2012    3       0.70353841      133.8778
2012    4       0.8963893       156.0869
2012    5       0.70901522      134.8778875
2012    6       0.23162615      58.12118375
2012    7       0.2226145       56.29296875
2012    8       0.3089504       72.29771125
2012    9       0.75307591      139.2236875
2012    10      0.69320954      131.9770375
2012    11      0.19681255      51.83542625
2012    12      0.19158587      50.37192375
2012    13      0.14201644      40.15471
2012    14      0.12533006      36.61799125
2012    15      0.05988596      20.9803525
2012    16      0.08861274      27.700365
2012    17      0.09877881      30.015605
2012    18      0.09392517      28.9010425
2012    19      0.09581434      29.343955
2012    20      0.16012779      43.78753625
2012    21      0.14868584      41.09839125
2012    22      0.18120859      47.89865375
2012    23      0.17163326      45.5413475
2012    24      0.24966664      60.5408425
2012    25      0.50585964      103.96516625
2012    26      0.74226011      138.4087
2012    27      0.77643874      142.782875
2012    28      0.73066596      137.6233125
2012    29      0.76772491      141.9983875
2012    30      0.89687786      157.1167375
2012    31      0.75552592      140.469
2013    1       0.27917026      67.3028925
2013    2       0.26361051      65.45560875
2013    3       0.09326175      28.55203
2013    4       0.11519618      33.34302125
2013    5       0.20686331      51.3392625
2013    6       0.48459466      101.48426375
2013    7       0.10288535      30.67420875
2013    8       0.36507868      82.85274125
2013    9       0.63681665      123.918775
2013    10      0.98822068      166.29405
2013    11      0.96399398      163.2155375
2013    12      0.83473622      150.33385
2013    13      0.60309881      122.702
2013    14      0.68408575      131.28675
2013    15      0.75779202      142.263975
2013    16      0.42151462      94.49456125
2013    17      0.74716691      139.7108375
2013    18      0.85265981      152.0835375
2013    19      1.00354986      167.9140125
2013    20      0.96177955      163.1313
2013    21      0.29441411      66.491075
2013    22      0.12672826      36.12338875
2013    23      0.3442587       77.44535375
2013    24      0.20763108      52.883655
2013    25      0.15354063      42.221335
2013    26      0.22577541      57.6681
2013    27      0.18726495      49.49386375
2013    28      0.2228669       56.704205
2013    29      0.5965683       117.780575
2013    30      0.61396091      122.3164375
2013    31      0.29301725      71.27758375
2014    1       0.3627352       84.0391675
2014    2       0.46901431      102.43284875
2014    3       0.33646534      78.89251875
2014    4       0.72646844      136.0084725
2014    5       0.6535602       129.971875
2014    6       0.5412993       113.91828625
2014    7       0.65062459      128.1400625
2014    8       0.61267872      117.8499025
2014    9       0.36692494      81.729575
2014    10      0.52656101      108.5857925
2014    11      0.42318658      93.444865
2014    12      0.25425115      63.3091475
2014    13      0.27681961      68.32685625
2014    14      0.33691558      79.6085475
2014    15      0.31740786      73.43414375
2014    16      0.73705719      137.757775
2014    17      0.88610686      156.7713375
2014    18      0.27703141      66.537565
2014    19      0.16815546      46.08344
2014    20      0.16858359      46.28611
2014    21      0.18242595      48.54296875
2014    22      0.71699032      136.92998125
2014    23      0.60299259      117.816135
2014    24      0.68544565      132.4168625
2014    25      0.9369266       161.2817375
2014    26      0.41338094      91.997975
2014    27      0.1750714       46.92183875
2014    28      0.1567359       42.97402125
2014    29      0.42536246      94.33519875
2014    30      0.69745678      134.9049875
2014    31      0.74980291      141.1532375
2015    1       0.07687713      25.19327
2015    2       0.12992443      36.84797625
2015    3       0.24103599      60.839395
2015    4       0.39500521      86.35015
2015    5       0.63071289      123.5149125
2015    6       0.63984219      125.27706875
2015    7       0.28707741      69.52578
2015    8       0.40217119      89.92091875
2015    9       0.22722911      57.24349375
2015    10      0.29450582      70.7028875
2015    11      0.44841784      95.21899375
2015    12      0.57983738      116.5904625
2015    13      0.39749371      87.49344875
2015    14      0.56177835      114.5878125
2015    15      0.75661775      139.2011
2015    16      0.47810942      101.9146575
2015    17      0.47279585      100.99152
2015    18      0.34842242      80.057265
2015    19      0.5258265       106.85843375
2015    20      0.65517228      126.233755
2015    21      0.84354056      149.467525
2015    22      0.51730774      104.54549375
2015    23      0.46324029      100.48976875
2015    24      0.57791935      118.671625
2015    25      0.60399768      120.72557125
2015    26      0.56616782      113.4648525
2015    27      0.40296201      87.83514
2015    28      0.14442845      40.75197375
2015    29      0.40059718      87.62905625
2015    30      0.86446112      152.38815
2015    31      1.03653171      170.845425
2016    1       0.12288668      35.48765375
2016    5       0.27143872      65.94077125
2016    6       0.26654692      66.19522
2016    7       0.43282018      94.45524125
2016    8       0.21793939      55.67361875
2016    9       0.17173276      46.2855175
2016    10      0.24773371      62.4035725
2016    11      0.51710269      110.21829375
2016    12      0.63752556      126.814275
2016    13      0.66008978      129.05045
2016    14      0.3601007       84.09976375
2016    15      0.16478131      45.0593175
2016    16      0.25930879      64.39523875
2016    17      0.17772462      47.52345125
2016    18      0.50594282      100.40698125
2016    19      0.64426156      125.72287375
2016    20      0.67880411      132.5710375
2016    21      0.53641185      111.8416225
2016    22      0.58827715      119.044545
2016    23      0.74011329      139.5696
2016    24      0.30813107      73.491435
2016    25      0.13140927      37.84997875
2016    26      0.20382999      53.51091875
2016    27      0.2153925       56.12192
2016    28      0.23020081      59.055745
2016    29      0.33598534      79.17678
2016    30      0.28745012      69.7171975
2016    31      0.47838438      102.505935
2017    1       0.69943315      134.57695
2017    2       0.87631329      155.7747
2017    3       0.69661562      135.176975
2017    4       0.6684772       131.1426625
2017    5       0.64349239      126.22159375
2017    6       0.96067321      164.647025
2017    7       0.4646557       101.84062875
2017    8       0.48917317      106.040435
2017    9       0.4502314       97.58747625
2017    10      0.75902112      141.884
2017    11      1.01434344      168.9913125
2017    12      0.90609112      158.8985625
2017    13      0.78988374      141.538875
2017    14      1.05099925      172.1236125
2017    15      0.62116784      121.3426075
2017    16      0.82080226      148.4954
2017    17      0.9297823       160.7771375
2017    18      1.10249824      177.158
2017    19      1.0719394       175.2401625
2017    20      0.51797706      107.3504275
2017    21      0.6197062       122.78617375
2017    22      0.92978056      159.8112625
2017    23      0.41448445      92.29811625
2017    24      0.42433558      90.5621325
2017    25      0.67210001      127.80992625
2017    26      0.63867371      124.2648875
2017    27      0.54399361      109.5966325
2017    28      0.23015592      57.03836125
2017    29      0.13919346      38.86480625
2017    30      0.35033131      81.52124625
2017    31      0.22639441      57.28519375
2018    1       0.18770999      49.7327525
2018    2       0.12659198      36.2844975
2018    3       0.18453241      48.09274125
2018    4       0.22316541      57.45568875
2018    5       0.11432525      34.04975
2018    6       0.31859311      72.61520375
2018    7       0.30365521      69.803975
2018    8       0.59837474      119.93116125
2018    9       0.68793839      133.911225
2018    10      0.56387188      115.59340875
2018    11      0.74295337      139.2881375
2018    12      1.0637105       173.4287125
2018    13      0.68361274      132.612475
2018    14      0.11517069      33.951145
2018    15      0.1798788       47.85803375
2018    16      0.42128394      93.36076875
2018    17      0.36986798      85.96668375
2018    18      0.17773216      47.65756875
2018    19      0.18082175      48.178265
2018    20      0.19912384      52.70329375
2018    21      0.09334331      28.91888625
2018    22      0.11254255      33.37735
2018    23      0.20932321      53.86806875
2018    24      0.29306244      69.57312
2018    25      0.92793729      159.1545625
2018    26      0.7595318       141.3640375
2018    27      0.54206091      112.44485875
2018    28      0.90145855      156.955225
2018    29      0.98932809      165.992925
2018    30      1.08860912      175.5809375
2018    31      1.0439286       172.677075
2019    1       1.14484412      180.7982
