####################################################################################################
# Month: 05May                                                                                     #
# Station: SUF                                                                                     #
# Columns are: year    day     segment         RH (percent)                                        #
####################################################################################################
9       1       0       0.396769
9       1       1       0.533184
9       1       2       0.692546
9       1       3       0.780234
9       1       4       0.703462
9       1       5       0.925566
9       1       6       0.729626
9       1       7       0.734911
9       2       0       0.772095
9       2       1       0.63554
9       2       2       0.685112
9       2       3       0.651841
9       2       4       0.656804
9       2       5       0.788461
9       2       6       1.138836
9       2       7       0.997012
9       3       0       0.894329
9       3       1       1.01073
9       3       2       1.104968
9       3       3       0.96166
9       3       4       0.852958
9       3       5       0.734131
9       3       6       0.754089
9       3       7       0.937893
9       4       0       0.990559
9       4       1       0.979892
9       4       2       0.838263
9       4       3       0.715491
9       4       4       0.539152
9       4       5       0.499589
9       4       6       0.513978
9       4       7       0.561048
9       5       0       0.634941
9       5       1       0.622304
9       5       2       0.754064
9       5       3       0.91577
9       5       4       0.896124
9       5       5       0.849643
9       5       6       0.799204
9       5       7       0.707918
9       6       0       0.685601
9       6       1       1.632074
9       6       2       0.680367
9       6       3       0.734138
9       6       4       0.817541
9       6       5       0.833343
9       6       6       0.726846
9       6       7       0.6406
9       7       0       0.644057
9       7       1       0.661965
9       7       2       0.709968
9       7       3       0.754923
9       7       4       0.877572
9       7       5       0.917492
9       7       6       0.840073
9       7       7       0.830926
9       8       0       0.888281
9       8       1       1.161534
9       8       2       0.927292
9       8       3       0.974587
9       8       4       0.85711
9       8       5       0.889036
9       8       6       0.742601
9       8       7       0.646404
9       9       0       0.645484
9       9       1       0.706697
9       9       2       0.880226
9       9       3       0.985027
9       9       4       0.846545
9       9       5       0.911379
9       9       6       0.833822
9       9       7       0.749432
9       10      0       0.888395
9       10      1       0.951659
9       10      2       0.955345
9       10      3       0.929977
9       10      4       0.940175
9       10      5       0.91049
9       10      6       0.855614
9       10      7       0.737918
9       11      0       0.68461
9       11      1       0.670919
9       11      2       0.79884
9       11      3       0.823042
9       11      4       0.841202
9       11      5       0.849023
9       11      6       0.85931
9       11      7       0.818074
9       12      0       0.659686
9       12      1       0.572514
9       12      2       0.774883
9       12      3       0.844782
9       12      4       0.792227
9       12      5       0.732571
9       12      6       0.669382
9       12      7       0.503952
9       13      0       0.40792
9       13      1       0.397448
9       13      2       0.490282
9       13      3       0.706203
9       13      4       0.749868
9       13      5       0.63199
9       13      6       0.350802
9       13      7       0.296941
9       14      0       0.443774
9       14      1       0.852999
9       14      2       0.857529
9       14      3       0.95239
9       14      4       0.958631
9       14      5       0.896431
9       14      6       0.840497
9       14      7       0.839864
9       15      0       0.806185
9       15      1       0.627317
9       15      2       0.464309
9       15      3       0.832202
9       15      4       0.898
9       15      5       0.850359
9       15      6       0.798232
9       15      7       0.703431
9       16      0       0.718849
9       16      1       0.637703
9       16      2       0.448359
9       16      3       0.523752
9       16      4       0.564515
9       16      5       0.399683
9       16      6       0.451471
9       16      7       0.503945
9       17      0       0.424075
9       17      1       0.381046
9       17      2       0.357868
9       17      3       0.461358
9       17      4       0.517038
9       17      5       0.488713
9       17      6       0.473005
9       17      7       0.552636
9       18      0       0.620174
9       18      1       0.693723
9       18      2       0.720378
9       18      3       0.824587
9       18      4       0.98608
9       18      5       0.943564
9       18      6       0.913786
9       18      7       0.866941
9       19      0       1.109156
9       19      1       0.925669
9       19      2       0.915706
9       19      3       0.955495
9       19      4       0.816694
9       19      5       0.91224
9       19      6       0.840719
9       19      7       0.878253
9       20      0       0.897579
9       20      1       0.834296
9       20      2       0.912997
9       20      3       0.932746
9       20      4       1.092693
9       20      5       0.745697
9       20      6       0.750416
9       20      7       0.788324
9       21      0       0.879209
9       21      1       0.798247
9       21      2       0.868456
9       21      3       0.82547
9       21      4       0.832181
9       21      5       0.765289
9       21      6       0.721779
9       21      7       0.684937
9       22      0       0.649912
9       22      1       0.594024
9       22      2       0.515708
9       22      3       0.510931
9       22      4       0.434018
9       22      5       0.490153
9       22      6       0.581486
9       22      7       0.493661
9       23      0       0.397707
9       23      1       0.4105
9       23      2       0.386854
9       23      3       0.465584
9       23      4       0.525911
9       23      5       0.54004
9       23      6       0.512845
9       23      7       0.497419
9       24      0       0.45175
9       24      1       0.468424
9       24      2       0.694788
9       24      3       0.704364
9       24      4       0.713091
9       24      5       0.798892
9       24      6       0.680153
9       24      7       0.202548
9       25      0       0.093762
9       25      1       0.047357
9       25      2       0.0533
9       25      3       0.116646
9       25      4       0.173673
9       25      5       0.207386
9       25      6       0.28627
9       25      7       0.342893
9       26      0       0.353763
9       26      1       0.321359
9       26      2       0.334347
9       26      3       0.394768
9       26      4       0.437895
9       26      5       0.328786
9       26      6       0.323493
9       26      7       0.312171
9       27      0       0.314319
9       27      1       0.28062
9       27      2       0.348926
9       27      3       0.349233
9       27      4       0.342568
9       27      5       0.340618
9       27      6       0.349614
9       27      7       0.36238
9       28      0       0.379544
9       28      1       0.379593
9       28      2       0.389944
9       28      3       0.378476
9       28      4       0.35578
9       28      5       0.356071
9       28      6       0.2942
9       28      7       0.311657
9       29      0       0.35008
9       29      1       0.371003
9       29      2       0.369842
9       29      3       0.381347
9       29      4       0.384978
9       29      5       0.332836
9       29      6       0.22254
9       29      7       0.266624
9       30      0       0.300165
9       30      1       0.333555
9       30      2       0.362613
9       30      3       0.348863
9       30      4       0.335423
9       30      5       0.376733
9       30      6       0.377701
9       30      7       0.422468
9       31      0       0.615023
9       31      1       0.758719
9       31      2       0.720759
9       31      3       0.666165
9       31      4       0.691369
9       31      5       0.799379
9       31      6       0.909386
9       31      7       1.000742
