####################################################################################################
# Month: 08Aug                                                                                     #
# Station: SGO                                                                                     #
# Columns are: year    day     windspeed (m/s)                                                     #
####################################################################################################
2009    1       11.218063
2009    2       6.63584962
2009    3       14.58630062
2009    4       23.66817662
2009    5       19.24371
2009    6       14.49424012
2009    7       10.30221875
2009    8       3.44689912
2009    9       5.94383388
2009    10      8.18684525
2009    11      10.74621925
2009    12      21.63816212
2009    13      20.94549375
2009    14      29.31999063
2009    15      24.47504338
2009    16      14.92539588
2009    17      14.67803675
2009    18      18.52197388
2009    19      12.17521475
2009    20      10.92231425
2009    21      15.53836388
2009    22      13.695458
2009    23      11.83424612
2009    24      11.01948788
2009    25      10.85199925
2009    26      10.1290325
2009    27      7.24497162
2009    28      14.90781988
2009    29      19.28574562
2009    30      22.003081
2009    31      20.51252038
