####################################################################################################
# Month: 01Jan                                                                                     #
# Station: YBG                                                                                     #
# Frequency: 345 GHz                                                                               #
# Columns are: year    day     tau     Tb (K)                                                      #
####################################################################################################
2009    1       0.23217419      56.8834225
2009    2       0.13882612      38.02722125
2009    3       0.26101666      62.847395
2009    4       0.41397061      90.23853625
2009    5       0.26674666      64.04534
2009    6       0.2158751       54.27464125
2009    7       0.14190673      39.328045
2009    8       0.23520446      58.3984925
2009    9       0.13193844      37.2187675
2009    10      0.24354399      59.7820425
2009    11      0.1345109       37.78746625
2009    12      0.16617346      44.5630975
2009    13      0.20086438      51.92024375
2009    14      0.20988571      53.62941625
2009    15      0.21208495      54.6356425
2009    16      0.25901249      63.789685
2009    17      0.30348428      72.0837725
2009    18      0.19259119      50.52281625
2009    19      0.20857935      53.8827025
2009    20      0.23576943      58.57171
2009    21      0.17221054      46.05207625
2009    22      0.27932119      68.22307375
2009    23      0.33312424      78.068885
2009    24      0.42154014      92.71222875
2009    25      0.31841995      74.61933375
2009    26      0.32814116      75.71547125
2009    27      0.16962154      45.6065225
2009    28      0.16372538      44.2559425
2009    29      0.15570539      42.92383375
2009    30      0.17117068      45.6564725
2009    31      0.23724798      58.7743075
2010    1       0.11918658      34.22343375
2010    2       0.11935656      34.77492875
2010    3       0.19961546      52.07536125
2010    4       0.26159825      64.7199275
2010    5       0.17373053      46.5424325
2010    6       0.1430611       39.84755
2010    7       0.14228449      39.9052375
2010    8       0.10370311      31.31686625
2010    9       0.10051368      30.51383625
2010    10      0.118202        34.5700075
2010    11      0.10363323      31.21651375
2010    12      0.08732135      27.44004875
2010    13      0.11561314      33.15163125
2010    14      0.26297974      63.37192625
2010    15      0.22262845      56.323
2010    16      0.14576066      40.559445
2010    17      0.19485582      50.590415
2010    18      0.14990801      41.158455
2010    19      0.15276042      41.3897975
2010    20      0.16958004      45.1592325
2010    21      0.28874404      67.93398125
2010    22      0.37711095      82.39149875
2010    23      0.33682718      76.34096
2010    24      0.2522107       61.20421625
2010    25      0.28399449      66.668795
2010    26      0.25948292      61.99948125
2010    27      0.18842992      48.90945375
2010    28      0.22572536      56.59716375
2010    29      0.2109809       53.83780875
2010    30      0.14779031      40.4074375
2010    31      0.1651741       44.18967125
2011    1       0.23393931      56.838005
2011    2       0.10168494      30.492805
2011    3       0.10689658      31.9516975
2011    4       0.17199482      46.10329375
2011    5       0.1557103       42.59746375
2011    6       0.12342671      35.2977125
2011    7       0.17839609      47.13111375
2011    8       0.20253604      51.68855
2011    9       0.19519345      49.946265
2011    10      0.16401185      43.4075325
2011    11      0.14516578      39.7862525
2011    12      0.15501421      42.464155
2011    13      0.12067886      34.8980975
2011    14      0.16702836      44.66137125
2011    15      0.19317032      49.568315
2011    16      0.28976745      67.24288125
2011    17      0.21062691      52.91006375
2011    18      0.26503948      63.85953375
2011    19      0.19544852      49.69033375
2011    20      0.16489065      43.7893475
2011    21      0.23399035      58.43521125
2011    22      0.26906401      64.59746875
2011    23      0.21563323      54.3043775
2011    24      0.15024772      40.76077875
2011    25      0.10965333      32.36363
2011    26      0.23992763      57.7728425
2011    27      0.18313125      47.189795
2011    28      0.20924866      52.46628625
2011    29      0.27951984      66.29955875
2011    30      0.36030114      80.94010125
2011    31      0.23524732      57.32204625
2012    1       0.43033259      92.44573
2012    2       0.42085655      90.3738475
2012    3       0.25931392      62.49148375
2012    4       0.23492776      57.44018875
2012    5       0.2095891       52.8505125
2012    6       0.13811183      38.4153175
2012    7       0.15246171      41.14564125
2012    8       0.23102522      56.85854625
2012    9       0.36601626      81.51522
2012    10      0.19701234      50.64500375
2012    11      0.16274785      42.9762375
2012    12      0.17697176      45.78858625
2012    13      0.13300609      36.349285
2012    14      0.13654143      37.461275
2012    15      0.20757201      52.59491625
2012    16      0.28695681      68.1779075
2012    17      0.19859854      51.02057
2012    18      0.12193135      34.87506375
2012    19      0.12832956      36.08630875
2012    20      0.23693694      58.18094125
2012    21      0.13059717      36.917805
2012    22      0.18585865      48.73249375
2012    23      0.19423609      50.91070875
2012    24      0.09441092      29.35839875
2012    25      0.10764258      32.24052875
2012    26      0.09787152      30.06581375
2012    27      0.11709532      34.0009325
2012    28      0.11818269      34.25606
2012    29      0.13692696      38.498175
2012    30      0.11306115      33.427155
2012    31      0.09755879      29.9564125
2013    1       0.17922703      47.60199875
2013    2       0.14151919      39.48768875
2013    3       0.12892557      36.77982375
2013    4       0.13290942      37.77517
2013    5       0.10567073      31.51993
2013    6       0.1137671       33.10011125
2013    7       0.12463079      35.376525
2013    8       0.1193276       34.47453375
2013    9       0.16128626      43.4418225
2013    10      0.22591588      56.14597625
2013    11      0.11375475      33.02882125
2013    12      0.16650385      44.6555325
2013    13      0.18695709      49.38232375
2013    14      0.16666608      44.7991
2013    15      0.14871315      41.22442125
2013    16      0.10229104      30.79450625
2013    17      0.22929092      57.0564675
2013    18      0.27275732      65.89908375
2013    19      0.34788971      78.47956
2013    20      0.13046205      36.44136625
2013    21      0.13294005      36.95527625
2013    22      0.13876219      38.359995
2013    23      0.14514679      39.84495
2013    24      0.11603311      33.4773425
2013    25      0.11667588      33.60224625
2013    26      0.12892166      36.45763
2013    27      0.12218617      34.76838625
2013    28      0.17783062      45.84756625
2013    29      0.37722161      82.42624375
2013    30      0.22905745      55.92786375
2013    31      0.33234343      75.19951875
2014    1       0.24632014      61.23577625
2014    2       0.1590498       43.44475125
2014    3       0.13933738      39.39819
2014    4       0.15058459      41.8326875
2014    5       0.21138938      53.443605
2014    6       0.14637609      40.30050125
2014    7       0.18310145      47.80150625
2014    8       0.21678195      54.86141375
2014    9       0.24104029      59.58403625
2014    10      0.18174383      47.641655
2014    11      0.24300206      58.73642625
2014    12      0.16638632      43.6916775
2014    13      0.36301682      81.9613425
2014    14      0.3385038       78.48747
2014    15      0.22656904      56.67448
2014    16      0.28842728      68.11433
2014    17      0.22021062      55.48225375
2014    18      0.29211674      68.97940375
2014    19      0.29305308      68.31476
2014    20      0.14677588      40.577305
2014    21      0.23551606      58.58138375
2014    22      0.449913        96.61451625
2014    23      0.3544731       81.00243875
2014    24      0.26663718      63.974195
2014    25      0.20029932      51.274215
2014    26      0.28034846      66.8867875
2014    27      0.20316636      51.87303125
2014    28      0.14597951      39.88943875
2014    29      0.21323821      53.5858375
2014    30      0.16765228      44.5605875
2014    31      0.1703946       45.6133975
2015    1       0.48296506      102.10469625
2015    2       0.65861844      127.9982125
2015    3       0.59723674      118.9456675
2015    4       0.39128128      85.9356525
2015    5       0.22008072      54.5379875
2015    6       0.38185866      84.63521
2015    7       0.402622        86.91719375
2015    8       0.31994826      72.62661
2015    9       0.12645408      35.41683125
2015    10      0.15969924      42.59817375
2015    11      0.21102885      53.2369775
2015    12      0.25402954      62.292125
2015    13      0.21330385      54.25643875
2015    14      0.18798449      49.175815
2015    15      0.18367588      47.61510375
2015    16      0.23288339      57.50058125
2015    17      0.27660989      64.9015575
2015    18      0.19282616      49.23655375
2015    19      0.22321342      55.41154875
2015    20      0.15206318      41.2205525
2015    21      0.18125984      47.6931575
2015    22      0.24156219      59.88839625
2015    23      0.37377644      83.56685125
2015    24      0.16495264      44.5570325
2015    25      0.13768488      38.46208125
2015    26      0.34729775      79.58413625
2015    27      0.29890424      70.66989375
2015    28      0.15052714      41.30758125
2015    29      0.23032188      56.83209625
2015    30      0.18041026      46.4572925
2015    31      0.16489952      43.30165875
2016    1       0.11931576      34.26234625
2016    5       0.41953822      88.922505
2016    6       0.23522996      58.2695725
2016    7       0.20210476      51.5409175
2016    8       0.30061373      68.4279225
2016    9       0.22959599      55.6277975
2016    10      0.12414125      35.22582125
2016    11      0.1496579       41.1613575
2016    12      0.21813838      55.3465675
2016    13      0.2187476       55.33999625
2016    14      0.16469932      43.8857325
2016    15      0.29794828      69.7158275
2016    16      0.16170035      43.00657
2016    17      0.13484328      37.42745375
2016    18      0.14301221      39.76407625
2016    19      0.29059662      66.1096625
2016    20      0.42348256      91.0085725
2016    21      0.17772757      45.8439975
2016    22      0.11298342      32.8587825
2016    23      0.11328804      32.9840725
2016    24      0.19765957      48.90999
2016    25      0.30378235      69.14226375
2016    26      0.18937789      48.10235875
2016    27      0.34373584      76.51261875
2016    28      0.18108675      47.127845
2016    29      0.1909175       49.90139375
2016    30      0.22512702      57.21583
2016    31      0.20062471      52.41110625
2017    1       0.49125187      102.60304125
2017    2       0.43246841      93.051805
2017    3       0.34221236      77.9353075
2017    4       0.18565081      48.49554875
2017    5       0.30246086      70.7885925
2017    6       0.24314325      60.3216025
2017    7       0.20046039      52.11115
2017    8       0.1926505       50.2663125
2017    9       0.22806791      56.86616
2017    10      0.2609451       62.69730125
2017    11      0.25207425      61.1674625
2017    12      0.15091792      41.15300875
2017    13      0.13805236      38.3145775
2017    14      0.13083399      37.06060375
2017    15      0.2436795       60.49495375
2017    16      0.20260278      52.1834725
2017    17      0.24836411      61.60386625
2017    18      0.20651811      53.3597175
2017    19      0.20184143      52.35226625
2017    20      0.20710602      53.35379375
2017    21      0.27545892      66.74175875
2017    22      0.22297659      56.70811625
2017    23      0.19603486      50.70768125
2017    24      0.13998547      39.309025
2017    25      0.2370282       59.77384375
2017    26      0.245084        61.19159
2017    27      0.44545031      96.29796625
2017    28      0.2478295       59.62317375
2017    29      0.28016319      65.69029125
2017    30      0.38274655      85.0316925
2017    31      0.3260211       73.97262375
2018    1       0.26499825      64.66697125
2018    2       0.23518672      58.534705
2018    3       0.1987953       50.43163125
2018    4       0.17951188      47.65633875
2018    5       0.21798932      54.7978675
2018    6       0.18322862      47.809085
2018    7       0.15881529      43.01365375
2018    8       0.13985629      39.6593925
2018    9       0.13100748      37.9610825
2018    10      0.1578792       43.73771625
2018    11      0.25389981      63.32846375
2018    12      0.50113389      107.736805
2018    13      0.3461085       80.022145
2018    14      0.12818324      37.32567875
2018    15      0.11768398      34.381785
2018    16      0.12676962      36.64712625
2018    17      0.13786886      39.2879925
2018    18      0.18245014      48.6992575
2018    19      0.14996464      42.11978125
2018    20      0.12087708      35.32730125
2018    21      0.10759348      32.46109875
2018    22      0.13675981      39.42250875
2018    23      0.17855784      48.46310875
2018    24      0.27486735      65.03094625
2018    25      0.22137079      55.8756825
2018    26      0.17696275      46.57352
2018    27      0.14208014      39.31700875
2018    28      0.16012823      43.8854425
2018    29      0.17300401      46.84285375
2018    30      0.17315646      46.85057875
2018    31      0.21663691      55.90949
