####################################################################################################
# Month: 01Jan                                                                                     #
# Station: BAR                                                                                     #
# Columns are: year    day     RH (percent)                                                        #
####################################################################################################
9       1       0.40236662
9       2       0.4420745
9       3       0.13506225
9       4       0.14211862
9       5       0.52579562
9       6       0.45870788
9       7       0.22295875
9       8       0.3143465
9       9       0.06939025
9       10      0.183764
9       11      0.36256462
9       12      0.21750225
9       13      0.11193925
9       14      0.09961825
9       15      0.12324325
9       16      0.11899462
9       17      0.1124855
9       18      0.063712
9       19      0.05062762
9       20      0.28561912
9       21      0.831171
9       22      0.83004925
9       23      0.80258288
9       24      0.76203313
9       25      0.5440295
9       26      0.84431
9       27      0.30038825
9       28      0.33357862
9       29      0.15677262
9       30      0.19102675
9       31      0.14985562
