####################################################################################################
# Month: 01Jan                                                                                     #
# Station: BAR                                                                                     #
# Columns are: year    day     windspeed (m/s)                                                     #
####################################################################################################
2009    1       11.27284938
2009    2       16.91530725
2009    3       15.3015865
2009    4       6.71211
2009    5       16.36795375
2009    6       26.20240238
2009    7       13.81044138
2009    8       11.65342262
2009    9       20.1268105
2009    10      15.45683238
2009    11      19.09406588
2009    12      10.72572075
2009    13      9.5631305
2009    14      15.42928075
2009    15      12.88548988
2009    16      9.71676375
2009    17      8.76729013
2009    18      6.73577012
2009    19      11.36161325
2009    20      8.97199725
2009    21      8.03432625
2009    22      16.56800662
2009    23      12.00632712
2009    24      11.31938062
2009    25      12.36359775
2009    26      8.38515062
2009    27      16.90404538
2009    28      18.66140688
2009    29      13.97910525
2009    30      3.26468888
2009    31      5.7718705
