####################################################################################################
# Month: 12Dec                                                                                     #
# Station: HES                                                                                     #
# Frequency: 345 GHz                                                                               #
# Columns are: year    day     tau     Tb (K)                                                      #
####################################################################################################
2009    1       1.7404725       229.471075
2009    2       0.69174952      143.3205625
2009    3       1.08725127      184.0143625
2009    4       1.9791105       243.5859875
2009    5       2.121958        248.6285
2009    6       5.1373105       281.7286125
2009    7       4.59386038      279.9585875
2009    8       1.742131        234.409525
2009    9       1.25635975      199.7082375
2009    10      0.46339231      108.4288
2009    11      0.74437272      149.6920625
2009    12      1.59361551      215.960175
2009    13      2.767221        268.177825
2009    14      2.79003575      269.347475
2009    15      2.51188938      262.2613375
2009    16      2.00986688      247.37425
2009    17      1.97630962      245.5857625
2009    18      2.48122138      261.929775
2009    19      2.06299988      248.0654875
2009    20      1.724877        232.318025
2009    21      2.82680138      268.4884125
2009    22      2.94437038      268.8723375
2009    23      2.15116162      246.894775
2009    24      2.7787485       264.878375
2009    25      2.90066275      267.5320375
2009    26      1.55693075      222.0537625
2009    27      2.30306337      254.483575
2009    28      2.47712412      260.252125
2009    29      2.76763162      263.030925
2009    30      4.1143965       281.345375
2009    31      5.5835565       284.4384875
2010    1       3.99225663      279.0409125
2010    2       2.820184        264.684875
2010    3       1.95191037      240.43545
2010    4       1.9244475       240.943875
2010    5       2.495654        261.121975
2010    6       3.0088755       270.4311625
2010    7       3.1440565       273.849075
2010    8       3.62392275      280.0396375
2010    9       3.49468538      277.9921375
2010    10      4.09640863      282.4206375
2010    11      3.76161888      279.2718875
2010    12      3.3433295       274.5836625
2010    13      3.86805138      278.290875
2010    14      4.23870262      279.3532875
2010    15      1.40453582      197.23488
2010    16      0.6202811       129.78068625
2010    17      1.00518885      175.6888375
2010    18      1.87775612      238.2232125
2010    19      1.00900241      181.2553375
2010    20      1.11456171      190.682075
2010    21      1.62808562      229.315375
2010    22      1.3979155       213.872325
2010    23      1.45174162      217.0141375
2010    24      1.5880085       226.2654125
2010    25      1.50882525      220.6611875
2010    26      1.89275738      237.9616625
2010    27      3.74330038      281.70605
2010    28      4.06889787      281.355825
2010    29      4.19645375      281.3390375
2010    30      5.492532        286.0868625
2010    31      6.3392695       285.35585
2011    1       1.85112638      236.6319375
2011    2       1.64571412      229.166525
2011    3       1.99290625      243.63695
2011    4       4.69820412      282.09135
2011    5       5.92968112      284.2087875
2011    6       5.68056825      283.0619
2011    7       5.88666325      283.67555
2011    8       4.53489375      282.1905625
2011    9       2.32498862      253.50285
2011    10      1.33181279      207.3705875
2011    11      1.509676        219.102325
2011    12      1.70108662      226.57765
2011    13      1.29998976      199.5480875
2011    14      0.60750234      128.52211625
2011    15      0.54401014      118.9084475
2011    16      1.12063621      190.255725
2011    17      2.89610825      256.2148
2011    18      4.41352763      283.161825
2011    19      3.281644        275.2384375
2011    20      3.68869662      277.4505375
2011    21      4.08622137      279.1601125
2011    22      3.06906237      266.6943625
2011    23      1.99561088      245.3856375
2011    24      2.2311455       254.7092625
2011    25      3.008876        268.44575
2011    26      3.25969538      273.90575
2011    27      2.09730575      244.0242625
2011    28      0.77023992      153.27695
2011    29      1.01123812      182.0462
2011    30      1.42981075      215.461875
2011    31      1.79504912      238.6554875
2012    1       2.34068175      254.4542625
2012    2       1.41187375      202.6232375
2012    3       1.1286986       183.422405
2012    4       2.3961565       254.931475
2012    5       2.5372995       261.39315
2012    6       2.59167875      262.1739
2012    7       2.4433725       259.35915
2012    8       3.24015062      273.7147375
2012    9       3.14012388      272.3850125
2012    10      1.97464138      240.903125
2012    11      1.23860685      188.3929625
2012    12      2.63267375      258.5722375
2012    13      2.48429675      257.9366875
2012    14      1.99227488      245.74525
2012    15      1.6581175       228.6165
2012    16      2.70635725      265.30735
2012    17      4.0693855       280.20285
2012    18      3.75024488      279.403075
2012    19      3.73205         279.3751875
2012    20      3.32362288      275.182825
2012    21      3.43741725      275.0026375
2012    22      4.23946712      282.4018875
2012    23      4.6041075       284.227725
2012    24      4.746434        284.1159625
2012    25      4.27318475      282.423775
2012    26      2.76392588      268.569575
2012    27      2.3232095       257.7624125
2012    28      2.34256125      257.0201
2012    29      3.72859838      281.0376875
2012    30      4.36880462      283.2155625
2012    31      4.38441438      283.2447375
2013    1       3.67124188      267.0849
2013    2       3.57281238      274.0627375
2013    3       2.14551813      250.5359625
2013    4       2.06918587      246.8908375
2013    5       2.13605763      248.8376625
2013    6       3.91984525      277.535975
2013    7       4.913434        282.8472375
2013    8       6.06330625      283.7286125
2013    9       4.6762505       281.4312625
2013    10      2.45405737      258.386825
2013    11      2.025279        246.1961
2013    12      2.06732675      248.3426125
2013    13      1.91327262      236.6979625
2013    14      1.74366725      231.528425
2013    15      1.57323262      223.4778875
2013    16      1.02591936      181.6035625
2013    17      0.77284963      152.9303375
2013    18      1.91356088      236.709725
2013    19      4.16238775      281.1742375
2013    20      5.0856035       284.6243375
2013    21      4.88271812      283.9088
2013    22      6.1637425       284.3992125
2013    23      6.66359288      285.5385875
2013    24      5.78911938      285.7997625
2013    25      4.41786562      283.2880125
2013    26      2.69288988      264.9855375
2013    27      1.53595338      222.6704625
2013    28      2.121212        249.5210875
2013    29      2.36996188      258.6399625
2013    30      1.97307962      244.6799875
2013    31      2.45062625      260.9805125
2014    1       2.43219062      253.6616
2014    2       2.69966925      264.1299
2014    3       2.70995025      264.9136625
2014    4       2.7612565       265.019925
2014    5       2.73863025      264.5155375
2014    6       3.93022175      278.54905
2014    7       4.17886025      280.3178625
2014    8       2.43983275      253.555475
2014    9       1.71094488      232.28155
2014    10      2.199709        245.946225
2014    11      2.86776425      267.5423375
2014    12      1.76542462      234.5019875
2014    13      3.228827        273.2821875
2014    14      3.0304085       261.5025625
2014    15      1.00796828      180.011125
2014    16      2.11059325      240.6104125
2014    17      2.85895912      265.9954
2014    18      2.2859345       254.8250625
2014    19      3.01698225      270.20015
2014    20      2.89101425      268.2442125
2014    21      2.410178        255.0617125
2014    22      1.02866384      180.3649875
2014    23      0.78036934      155.1705625
2014    24      0.91224482      169.233075
2014    25      2.3620815       255.1663875
2014    26      2.50426184      251.9169875
2014    27      0.793023        154.8939875
2014    28      1.93885412      241.7814625
2014    29      1.97624812      246.141825
2014    30      1.66088212      230.4957625
2014    31      2.24318162      254.0397875
2015    1       3.05646662      269.566025
2015    2       2.49149375      260.7986375
2015    3       2.38095075      258.6522125
2015    4       3.286605        275.7951
2015    5       3.93295988      281.8952375
2015    6       5.344629        286.47165
2015    7       5.43479062      285.0550875
2015    8       5.67478212      284.0537375
2015    9       4.63958187      283.83135
2015    10      5.14655137      286.1123625
2015    11      4.10823912      279.208275
2015    12      1.40318158      205.8525
2015    13      1.03820534      183.1750875
2015    14      1.26426215      202.6613625
2015    15      1.36553038      212.09325
2015    16      1.10933687      191.4087125
2015    17      1.66056238      228.56025
2015    18      3.90204075      280.1898
2015    19      4.78411462      284.7501875
2015    20      4.0658195       282.3305125
2015    21      3.18145588      274.2954625
2015    22      2.65380325      265.75455
2015    23      2.92973663      270.2695375
2015    24      3.08046262      271.628625
2015    25      4.67286125      283.1237125
2015    26      4.88733012      284.478825
2015    27      5.25409088      283.764225
2015    28      5.71250838      284.335825
2015    29      5.5869135       284.7949875
2015    30      5.61753763      285.7181375
2015    31      5.70419662      285.72485
2016    1       2.11517625      250.8356625
2016    2       2.5965025       264.169375
2016    3       3.51771575      273.3828
2016    4       3.69208162      279.0468625
2016    5       4.50971725      284.6585
2016    6       3.3902285       275.890275
2016    7       3.99649625      281.5145375
2016    8       4.43257625      282.6518
2016    9       2.42486662      257.92115
2016    10      1.50930112      221.0948375
2016    11      2.147831        250.8211875
2016    12      3.7139135       279.527975
2016    13      3.0371685       268.3483375
2016    14      4.193643        281.0393875
2016    15      3.498904        276.4601875
2016    16      3.732827        281.3342625
2016    17      3.02466588      274.3481875
2016    18      4.09190363      284.0814
2016    19      4.60980125      285.9967625
2016    20      4.51328937      285.8636375
2016    21      2.85349025      270.1566875
2016    22      2.2600625       254.633175
2016    23      2.65451712      263.1757125
2016    24      2.58478638      258.9553375
2016    25      3.7487965       279.7196625
2016    26      3.25028038      274.9314875
2016    27      2.41838862      250.5223625
2016    28      0.63555879      131.81596875
2016    29      1.36568812      206.971775
2016    30      3.5114785       277.828975
2016    31      3.7758455       280.105525
2017    1       2.0839915       242.761925
2017    2       1.854239        238.49055
2017    3       1.50819337      219.784825
2017    4       1.8755105       235.993275
2017    5       2.68841688      260.730425
2017    6       3.248284        268.51085
2017    7       4.59553375      282.74785
2017    8       2.95881625      267.1599625
2017    9       3.29944675      275.0026375
2017    10      3.3767325       276.6237
2017    11      2.26443163      251.8179875
2017    12      2.34229388      251.4101625
2017    13      1.51103338      214.3790875
2017    14      1.26649138      202.5188125
2017    15      3.15212425      272.0951875
2017    16      2.81132175      266.536675
2017    17      3.76662075      275.190425
2017    18      3.00176112      268.559225
2017    19      2.78252625      264.1042125
2017    20      5.92891612      284.8076375
2017    21      5.23207012      282.7670375
2017    22      3.80517788      278.604925
2017    23      2.32602437      256.260875
2017    24      2.20766662      253.6148375
2017    25      1.72951562      233.815775
2017    26      1.99745225      246.94995
2017    27      2.49172488      260.986625
2017    28      1.83197888      237.86555
2017    29      2.330389        255.3518
2017    30      2.39643625      258.19985
2017    31      1.90778712      239.4903
2018    1       3.6274325       277.793525
2018    2       2.02785088      240.2306
2018    3       1.584694        223.0214125
2018    4       1.0929005       189.5621
2018    5       1.3196845       206.6615125
2018    6       1.32399895      205.0856625
2018    7       1.83824812      236.830375
2018    8       0.7998566       155.7808375
2018    9       0.94202702      174.1149125
2018    10      0.92398026      172.0200625
2018    11      1.20858602      198.164075
2018    12      1.584537        225.4614875
2018    13      1.815754        238.0968625
2018    14      2.07156525      246.200225
2018    15      3.54831512      274.8972375
2018    16      4.449753        283.396775
2018    17      4.25182238      281.8710125
2018    18      4.04596937      279.8684625
2018    19      1.858947        240.4793875
2018    20      2.14759738      251.1535
2018    21      2.47488625      258.47625
2018    22      4.792972        284.5907
2018    23      5.3010635       286.938625
2018    24      3.77857038      279.3550625
2018    25      2.1387085       251.006975
2018    26      3.283213        269.9477625
2018    27      4.33003562      283.5605
2018    28      4.99276075      284.680975
2018    29      4.96320162      284.200975
2018    30      5.287149        285.7237125
2018    31      4.418594        284.5010875
