####################################################################################################
# Month: 04Apr                                                                                     #
# Station: JCMT                                                                                    #
# Columns are: year    day     segment         windspeed (m/s)                                     #
####################################################################################################
2009    1       0       1.736279
2009    1       1       1.34486
2009    1       2       0.831531
2009    1       3       1.678826
2009    1       4       1.719883
2009    1       5       1.962806
2009    1       6       3.044102
2009    1       7       5.471102
2009    2       0       6.812036
2009    2       1       6.016288
2009    2       2       6.572533
2009    2       3       7.081729
2009    2       4       7.811043
2009    2       5       6.976083
2009    2       6       5.388401
2009    2       7       5.071789
2009    3       0       6.595684
2009    3       1       7.521041
2009    3       2       6.558782
2009    3       3       5.651863
2009    3       4       4.699026
2009    3       5       3.644193
2009    3       6       1.560505
2009    3       7       2.993893
2009    4       0       4.223395
2009    4       1       3.714077
2009    4       2       3.451785
2009    4       3       3.388966
2009    4       4       3.02203
2009    4       5       1.639427
2009    4       6       0.743597
2009    4       7       1.688585
2009    5       0       1.935955
2009    5       1       1.420285
2009    5       2       1.888101
2009    5       3       2.750815
2009    5       4       2.273556
2009    5       5       3.117674
2009    5       6       4.46519
2009    5       7       4.746919
2009    6       0       4.174555
2009    6       1       3.985089
2009    6       2       2.955173
2009    6       3       2.578475
2009    6       4       6.610403
2009    6       5       7.989305
2009    6       6       7.831303
2009    6       7       7.418294
2009    7       0       7.236623
2009    7       1       7.10688
2009    7       2       6.583002
2009    7       3       5.833225
2009    7       4       5.849504
2009    7       5       5.487839
2009    7       6       4.773218
2009    7       7       5.10065
2009    8       0       6.030254
2009    8       1       6.503729
2009    8       2       6.956501
2009    8       3       8.112975
2009    8       4       8.636938
2009    8       5       8.847607
2009    8       6       6.972617
2009    8       7       6.26694
2009    9       0       7.014238
2009    9       1       6.523213
2009    9       2       6.192942
2009    9       3       4.665535
2009    9       4       3.404187
2009    9       5       1.824458
2009    9       6       1.118937
2009    9       7       2.023857
2009    10      0       7.333565
2009    10      1       13.136959
2009    10      2       17.342582
2009    10      3       19.749141
2009    10      4       18.171885
2009    10      5       16.214141
2009    10      6       16.967019
2009    10      7       14.552756
2009    11      0       12.301549
2009    11      1       9.852864
2009    11      2       10.579406
2009    11      3       11.686948
2009    11      4       11.475745
2009    11      5       10.270889
2009    11      6       10.456051
2009    11      7       10.824237
2009    12      0       10.824837
2009    12      1       9.682239
2009    12      2       8.114612
2009    12      3       6.849686
2009    12      4       5.160777
2009    12      5       3.827076
2009    12      6       2.799731
2009    12      7       1.912818
2009    13      0       1.498748
2009    13      1       2.031001
2009    13      2       2.2008
2009    13      3       2.627294
2009    13      4       2.221438
2009    13      5       1.007921
2009    13      6       1.064113
2009    13      7       2.428909
2009    14      0       2.764379
2009    14      1       2.784821
2009    14      2       3.350504
2009    14      3       3.173877
2009    14      4       3.131918
2009    14      5       2.376334
2009    14      6       1.541557
2009    14      7       1.90616
2009    15      0       1.86579
2009    15      1       2.974543
2009    15      2       2.627212
2009    15      3       1.778559
2009    15      4       1.171623
2009    15      5       2.150043
2009    15      6       2.702723
2009    15      7       3.81096
2009    16      0       5.318081
2009    16      1       6.986959
2009    16      2       6.560293
2009    16      3       6.336641
2009    16      4       7.630765
2009    16      5       9.224155
2009    16      6       10.888761
2009    16      7       10.630404
2009    17      0       11.027549
2009    17      1       10.894589
2009    17      2       11.037563
2009    17      3       11.262993
2009    17      4       11.271158
2009    17      5       10.920318
2009    17      6       11.2627
2009    17      7       11.40105
2009    18      0       11.29106
2009    18      1       11.290258
2009    18      2       10.722877
2009    18      3       9.986296
2009    18      4       10.464901
2009    18      5       10.567722
2009    18      6       10.571903
2009    18      7       11.833523
2009    19      0       11.444728
2009    19      1       11.859103
2009    19      2       12.692819
2009    19      3       14.336176
2009    19      4       15.283614
2009    19      5       15.405393
2009    19      6       15.935
2009    19      7       16.42738
2009    20      0       16.325743
2009    20      1       16.243978
2009    20      2       16.698934
2009    20      3       19.527434
2009    20      4       21.057623
2009    20      5       20.967867
2009    20      6       20.007543
2009    20      7       19.471561
2009    21      0       19.405258
2009    21      1       19.268513
2009    21      2       19.906008
2009    21      3       19.582963
2009    21      4       20.050911
2009    21      5       20.458603
2009    21      6       19.764724
2009    21      7       18.932678
2009    22      0       18.342663
2009    22      1       17.457439
2009    22      2       16.087859
2009    22      3       14.093993
2009    22      4       12.735278
2009    22      5       11.639504
2009    22      6       11.422937
2009    22      7       12.207294
2009    23      0       12.3584
2009    23      1       11.847571
2009    23      2       11.496814
2009    23      3       12.573032
2009    23      4       12.259247
2009    23      5       12.494793
2009    23      6       13.796037
2009    23      7       14.140192
2009    24      0       12.999268
2009    24      1       11.82501
2009    24      2       10.377226
2009    24      3       10.000199
2009    24      4       11.920281
2009    24      5       13.80666
2009    24      6       15.20776
2009    24      7       12.932952
2009    25      0       11.441923
2009    25      1       13.238417
2009    25      2       12.768418
2009    25      3       13.686344
2009    25      4       15.306403
2009    25      5       16.223645
2009    25      6       17.000203
2009    25      7       16.616935
2009    26      0       16.020956
2009    26      1       15.998774
2009    26      2       15.694671
2009    26      3       13.778155
2009    26      4       11.265154
2009    26      5       11.187269
2009    26      6       11.737194
2009    26      7       11.983256
2009    27      0       10.898911
2009    27      1       8.705838
2009    27      2       8.839818
2009    27      3       10.119975
2009    27      4       10.692958
2009    27      5       11.050113
2009    27      6       12.235404
2009    27      7       10.874405
2009    28      0       11.240195
2009    28      1       12.003433
2009    28      2       12.518492
2009    28      3       13.255538
2009    28      4       16.244983
2009    28      5       19.09592
2009    28      6       18.794068
2009    28      7       16.050743
2009    29      0       14.141116
2009    29      1       15.217582
2009    29      2       13.931363
2009    29      3       15.253496
2009    29      4       14.139044
2009    29      5       15.39686
2009    29      6       15.764589
2009    29      7       12.480913
2009    30      0       12.27146
2009    30      1       12.592022
2009    30      2       13.403038
2009    30      3       9.415911
2009    30      4       10.679194
2009    30      5       10.582432
2009    30      6       9.447242
2009    30      7       8.106441
