####################################################################################################
# Month: 03Mar                                                                                     #
# Station: CNI                                                                                     #
# Columns are: year    day     RH (percent)                                                        #
####################################################################################################
9       1       0.27973625
9       2       0.54571512
9       3       0.15650575
9       4       0.38309475
9       5       0.15030688
9       6       0.02062213
9       7       0.39324238
9       8       0.80074175
9       9       0.46185163
9       10      0.06915388
9       11      0.392123
9       12      0.5604375
9       13      0.11522125
9       14      0.07684862
9       15      0.39628488
9       16      0.13910425
9       17      0.60740663
9       18      0.5899945
9       19      0.39539338
9       20      0.0275895
9       21      0.12036975
9       22      0.11919337
9       23      0.07742
9       24      0.106304
9       25      0.47581412
9       26      0.78035275
9       27      0.80210312
9       28      0.48060788
9       29      0.15446788
9       30      0.10079662
9       31      0.18365938
