####################################################################################################
# Month: 03Mar                                                                                     #
# Station: FUJI                                                                                    #
# Columns are: year    day     windspeed (m/s)                                                     #
####################################################################################################
2009    1       27.32069775
2009    2       21.50051188
2009    3       28.73836162
2009    4       26.51075425
2009    5       24.3370165
2009    6       27.96765937
2009    7       21.98500762
2009    8       13.12584912
2009    9       14.744512
2009    10      23.07436938
2009    11      23.65788488
2009    12      21.34384025
2009    13      29.09338612
2009    14      31.58792962
2009    15      29.5665035
2009    16      30.76024175
2009    17      22.19289938
2009    18      11.02961
2009    19      14.99241212
2009    20      24.55208488
2009    21      21.8373895
2009    22      25.73669688
2009    23      29.43508425
2009    24      22.59947675
2009    25      23.9940975
2009    26      22.73132412
2009    27      31.70736338
2009    28      27.42805038
2009    29      21.13823325
2009    30      16.43984638
2009    31      21.92739388
