####################################################################################################
# Month: 05May                                                                                     #
# Station: HAN                                                                                     #
# Columns are: year    day     segment         RH (percent)                                        #
####################################################################################################
9       1       0       0.385015
9       1       1       0.177006
9       1       2       0.085916
9       1       3       0.06442
9       1       4       0.115294
9       1       5       0.316402
9       1       6       0.465998
9       1       7       0.565957
9       2       0       0.655737
9       2       1       0.336481
9       2       2       0.215246
9       2       3       0.199935
9       2       4       0.214734
9       2       5       0.295432
9       2       6       0.463553
9       2       7       0.616001
9       3       0       0.714281
9       3       1       0.406184
9       3       2       0.237921
9       3       3       0.206034
9       3       4       0.340829
9       3       5       0.468817
9       3       6       0.54499
9       3       7       0.63131
9       4       0       0.724261
9       4       1       0.548538
9       4       2       0.288603
9       4       3       0.21613
9       4       4       0.372481
9       4       5       0.500036
9       4       6       0.622078
9       4       7       0.72336
9       5       0       0.734565
9       5       1       0.477212
9       5       2       0.271884
9       5       3       0.369236
9       5       4       0.510476
9       5       5       0.599789
9       5       6       0.653931
9       5       7       0.833229
9       6       0       0.620143
9       6       1       0.36719
9       6       2       0.203093
9       6       3       0.202983
9       6       4       0.21627
9       6       5       0.259271
9       6       6       0.342257
9       6       7       0.427345
9       7       0       0.485301
9       7       1       0.30013
9       7       2       0.222795
9       7       3       0.131331
9       7       4       0.201349
9       7       5       0.435996
9       7       6       0.640423
9       7       7       0.719038
9       8       0       0.681842
9       8       1       0.37286
9       8       2       0.117251
9       8       3       0.124182
9       8       4       0.307619
9       8       5       0.528477
9       8       6       0.647727
9       8       7       0.966771
9       9       0       0.910721
9       9       1       0.576971
9       9       2       0.268706
9       9       3       0.154568
9       9       4       0.188266
9       9       5       0.457279
9       9       6       0.803291
9       9       7       1.000831
9       10      0       0.880919
9       10      1       0.53092
9       10      2       0.394069
9       10      3       0.258194
9       10      4       0.593444
9       10      5       0.936271
9       10      6       0.95055
9       10      7       1.002799
9       11      0       1.082576
9       11      1       0.263066
9       11      2       0.131582
9       11      3       0.150254
9       11      4       0.2056
9       11      5       0.437182
9       11      6       0.486297
9       11      7       0.510616
9       12      0       0.56459
9       12      1       0.409322
9       12      2       0.198163
9       12      3       0.149467
9       12      4       0.152696
9       12      5       0.261829
9       12      6       0.293694
9       12      7       0.327601
9       13      0       0.346606
9       13      1       0.284016
9       13      2       0.184789
9       13      3       0.140291
9       13      4       0.1904
9       13      5       0.376142
9       13      6       0.54298
9       13      7       0.533012
9       14      0       0.614198
9       14      1       0.421007
9       14      2       0.296118
9       14      3       0.177821
9       14      4       0.248412
9       14      5       0.506005
9       14      6       0.656806
9       14      7       0.740823
9       15      0       0.787857
9       15      1       0.472509
9       15      2       0.275489
9       15      3       0.33752
9       15      4       0.368794
9       15      5       0.504211
9       15      6       0.606804
9       15      7       0.64655
9       16      0       0.603728
9       16      1       0.310816
9       16      2       0.140275
9       16      3       0.144102
9       16      4       0.208392
9       16      5       0.344127
9       16      6       0.449891
9       16      7       0.537747
9       17      0       0.620243
9       17      1       0.446394
9       17      2       0.247299
9       17      3       0.169298
9       17      4       0.155665
9       17      5       0.195097
9       17      6       0.240932
9       17      7       0.274543
9       18      0       0.290974
9       18      1       0.202468
9       18      2       0.101081
9       18      3       0.074271
9       18      4       0.097171
9       18      5       0.225562
9       18      6       0.355522
9       18      7       0.426674
9       19      0       0.497893
9       19      1       0.296248
9       19      2       0.137512
9       19      3       0.104401
9       19      4       0.185618
9       19      5       0.378954
9       19      6       0.557077
9       19      7       0.593272
9       20      0       0.692585
9       20      1       0.570907
9       20      2       0.331772
9       20      3       0.342735
9       20      4       0.57353
9       20      5       0.591999
9       20      6       0.609751
9       20      7       0.723483
9       21      0       0.811134
9       21      1       0.599505
9       21      2       0.353408
9       21      3       0.205366
9       21      4       0.223504
9       21      5       0.362414
9       21      6       0.468321
9       21      7       0.52662
9       22      0       0.609066
9       22      1       0.530275
9       22      2       0.37323
9       22      3       0.24905
9       22      4       0.355997
9       22      5       0.490401
9       22      6       0.652257
9       22      7       0.738197
9       23      0       0.789282
9       23      1       0.601221
9       23      2       0.380795
9       23      3       0.281336
9       23      4       0.295927
9       23      5       0.39231
9       23      6       0.522291
9       23      7       0.641179
9       24      0       0.720148
9       24      1       0.559373
9       24      2       0.293791
9       24      3       0.223323
9       24      4       0.511049
9       24      5       0.295027
9       24      6       0.436075
9       24      7       0.928503
9       25      0       0.903735
9       25      1       0.718715
9       25      2       0.383923
9       25      3       0.069783
9       25      4       0.196912
9       25      5       0.472614
9       25      6       0.787718
9       25      7       0.801773
9       26      0       0.865682
9       26      1       0.498052
9       26      2       0.213786
9       26      3       0.100415
9       26      4       0.077454
9       26      5       0.072679
9       26      6       0.059778
9       26      7       0.242482
9       27      0       0.291092
9       27      1       0.284865
9       27      2       0.243285
9       27      3       0.218304
9       27      4       0.308519
9       27      5       0.398859
9       27      6       0.445681
9       27      7       0.471454
9       28      0       0.46894
9       28      1       0.397401
9       28      2       0.309864
9       28      3       0.265362
9       28      4       0.226658
9       28      5       0.215385
9       28      6       0.250805
9       28      7       0.332789
9       29      0       0.278341
9       29      1       0.332482
9       29      2       0.329788
9       29      3       0.256818
9       29      4       0.228985
9       29      5       0.225665
9       29      6       0.266412
9       29      7       0.372235
9       30      0       0.475708
9       30      1       0.447975
9       30      2       0.408008
9       30      3       0.339512
9       30      4       0.305242
9       30      5       0.334442
9       30      6       0.369631
9       30      7       0.374166
9       31      0       0.403886
9       31      1       0.286721
9       31      2       0.167038
9       31      3       0.114998
9       31      4       0.096148
9       31      5       0.100513
9       31      6       0.130315
9       31      7       0.165351
