####################################################################################################
# Month: 05May                                                                                     #
# Station: HAN                                                                                     #
# Columns are: year    day     segment         windspeed (m/s)                                     #
####################################################################################################
2009    1       0       1.310235
2009    1       1       0.567426
2009    1       2       2.2919
2009    1       3       4.178889
2009    1       4       6.073666
2009    1       5       5.835506
2009    1       6       3.906035
2009    1       7       2.916921
2009    2       0       2.208826
2009    2       1       3.422697
2009    2       2       5.134455
2009    2       3       6.782846
2009    2       4       5.303375
2009    2       5       4.377044
2009    2       6       4.573682
2009    2       7       4.175292
2009    3       0       3.009291
2009    3       1       3.201628
2009    3       2       5.230189
2009    3       3       6.810806
2009    3       4       6.681327
2009    3       5       4.153906
2009    3       6       3.359898
2009    3       7       3.038395
2009    4       0       2.910701
2009    4       1       3.782297
2009    4       2       5.539392
2009    4       3       8.74446
2009    4       4       8.551691
2009    4       5       6.288786
2009    4       6       5.127368
2009    4       7       4.119168
2009    5       0       3.462086
2009    5       1       5.280859
2009    5       2       8.124839
2009    5       3       10.53383
2009    5       4       10.904694
2009    5       5       6.776066
2009    5       6       7.036896
2009    5       7       6.633944
2009    6       0       5.878297
2009    6       1       7.258994
2009    6       2       9.066375
2009    6       3       10.10146
2009    6       4       8.321089
2009    6       5       5.24783
2009    6       6       4.253579
2009    6       7       3.395004
2009    7       0       1.269789
2009    7       1       2.395066
2009    7       2       5.118681
2009    7       3       7.055838
2009    7       4       6.817506
2009    7       5       5.191541
2009    7       6       5.595244
2009    7       7       5.015148
2009    8       0       3.530651
2009    8       1       1.893574
2009    8       2       5.704603
2009    8       3       11.515884
2009    8       4       10.679855
2009    8       5       7.010562
2009    8       6       5.792065
2009    8       7       7.655524
2009    9       0       6.822016
2009    9       1       5.554572
2009    9       2       8.151478
2009    9       3       11.040964
2009    9       4       10.220912
2009    9       5       8.017863
2009    9       6       9.347225
2009    9       7       5.652342
2009    10      0       3.134644
2009    10      1       4.315663
2009    10      2       10.320328
2009    10      3       13.452129
2009    10      4       7.642634
2009    10      5       1.866369
2009    10      6       8.271125
2009    10      7       12.431348
2009    11      0       8.32551
2009    11      1       5.8874
2009    11      2       6.903625
2009    11      3       8.782814
2009    11      4       7.287061
2009    11      5       6.187736
2009    11      6       4.349702
2009    11      7       5.152075
2009    12      0       5.978912
2009    12      1       3.329454
2009    12      2       4.081616
2009    12      3       9.444465
2009    12      4       11.257637
2009    12      5       8.513484
2009    12      6       6.343018
2009    12      7       5.003877
2009    13      0       4.592503
2009    13      1       4.931898
2009    13      2       5.323554
2009    13      3       8.042466
2009    13      4       9.35384
2009    13      5       7.541584
2009    13      6       7.646301
2009    13      7       6.24867
2009    14      0       5.385507
2009    14      1       3.687577
2009    14      2       6.457731
2009    14      3       11.405441
2009    14      4       11.584171
2009    14      5       8.125984
2009    14      6       6.439152
2009    14      7       6.723615
2009    15      0       6.927569
2009    15      1       8.209566
2009    15      2       10.943436
2009    15      3       12.750669
2009    15      4       11.874203
2009    15      5       9.462516
2009    15      6       7.685087
2009    15      7       7.024615
2009    16      0       6.023749
2009    16      1       6.721308
2009    16      2       9.646037
2009    16      3       12.856939
2009    16      4       11.846557
2009    16      5       8.54996
2009    16      6       6.591861
2009    16      7       5.647655
2009    17      0       4.705451
2009    17      1       5.167333
2009    17      2       7.288559
2009    17      3       8.550776
2009    17      4       7.268121
2009    17      5       5.278726
2009    17      6       4.385428
2009    17      7       2.689394
2009    18      0       2.106273
2009    18      1       1.63855
2009    18      2       2.005463
2009    18      3       5.330088
2009    18      4       5.379273
2009    18      5       6.474343
2009    18      6       5.27598
2009    18      7       3.418332
2009    19      0       2.349397
2009    19      1       2.602766
2009    19      2       4.554738
2009    19      3       7.103092
2009    19      4       8.863647
2009    19      5       8.106101
2009    19      6       6.464773
2009    19      7       5.416832
2009    20      0       5.549056
2009    20      1       5.123684
2009    20      2       5.943804
2009    20      3       8.244723
2009    20      4       8.555239
2009    20      5       6.28179
2009    20      6       4.514902
2009    20      7       4.45459
2009    21      0       3.572915
2009    21      1       3.044892
2009    21      2       5.128209
2009    21      3       7.161779
2009    21      4       7.821689
2009    21      5       4.962695
2009    21      6       4.502528
2009    21      7       4.037108
2009    22      0       3.345389
2009    22      1       2.852741
2009    22      2       6.443844
2009    22      3       10.617698
2009    22      4       10.149505
2009    22      5       7.447549
2009    22      6       5.375751
2009    22      7       4.021754
2009    23      0       3.634229
2009    23      1       3.733081
2009    23      2       5.757372
2009    23      3       8.501373
2009    23      4       7.674393
2009    23      5       5.787118
2009    23      6       4.735643
2009    23      7       3.751493
2009    24      0       2.616988
2009    24      1       2.298006
2009    24      2       4.851805
2009    24      3       7.492501
2009    24      4       8.664336
2009    24      5       6.112005
2009    24      6       4.46132
2009    24      7       3.938466
2009    25      0       4.418786
2009    25      1       4.162998
2009    25      2       6.158862
2009    25      3       8.576167
2009    25      4       8.200231
2009    25      5       7.712368
2009    25      6       6.412244
2009    25      7       4.930297
2009    26      0       5.307698
2009    26      1       6.193624
2009    26      2       4.474375
2009    26      3       4.198887
2009    26      4       4.441868
2009    26      5       4.989911
2009    26      6       8.190084
2009    26      7       7.289933
2009    27      0       4.694677
2009    27      1       3.612888
2009    27      2       1.532709
2009    27      3       3.875914
2009    27      4       4.235756
2009    27      5       3.766529
2009    27      6       3.53117
2009    27      7       3.140636
2009    28      0       3.42156
2009    28      1       3.438904
2009    28      2       1.410524
2009    28      3       3.620454
2009    28      4       4.179465
2009    28      5       4.354061
2009    28      6       5.69269
2009    28      7       7.921354
2009    29      0       7.264351
2009    29      1       7.506829
2009    29      2       3.480482
2009    29      3       2.402698
2009    29      4       4.572927
2009    29      5       5.441398
2009    29      6       5.740934
2009    29      7       6.813521
2009    30      0       5.772525
2009    30      1       4.67776
2009    30      2       2.886734
2009    30      3       4.360614
2009    30      4       5.541178
2009    30      5       5.00131
2009    30      6       4.535226
2009    30      7       3.925559
2009    31      0       3.148182
2009    31      1       3.503854
2009    31      2       1.561177
2009    31      3       2.344077
2009    31      4       2.834733
2009    31      5       1.716664
2009    31      6       2.738909
2009    31      7       3.657818
