####################################################################################################
# Month: 04Apr                                                                                     #
# Station: BMAC                                                                                    #
# Columns are: year    day     segment         windspeed (m/s)                                     #
####################################################################################################
2009    1       0       8.620473
2009    1       1       8.580933
2009    1       2       6.559051
2009    1       3       6.664985
2009    1       4       7.666518
2009    1       5       8.830967
2009    1       6       8.700008
2009    1       7       7.339049
2009    2       0       6.903754
2009    2       1       6.504979
2009    2       2       7.266497
2009    2       3       5.795184
2009    2       4       4.515346
2009    2       5       2.875961
2009    2       6       6.202537
2009    2       7       5.757761
2009    3       0       5.490649
2009    3       1       5.280694
2009    3       2       4.393685
2009    3       3       2.759881
2009    3       4       2.7017
2009    3       5       2.85278
2009    3       6       3.701714
2009    3       7       4.313234
2009    4       0       3.681168
2009    4       1       3.454918
2009    4       2       2.288852
2009    4       3       2.941151
2009    4       4       4.55086
2009    4       5       3.958548
2009    4       6       4.053756
2009    4       7       2.991847
2009    5       0       2.229649
2009    5       1       4.141109
2009    5       2       4.263906
2009    5       3       4.400673
2009    5       4       5.094258
2009    5       5       5.407647
2009    5       6       6.976552
2009    5       7       8.240807
2009    6       0       8.944452
2009    6       1       10.682044
2009    6       2       12.927423
2009    6       3       11.275286
2009    6       4       9.315545
2009    6       5       6.978234
2009    6       6       4.420775
2009    6       7       7.038631
2009    7       0       7.608426
2009    7       1       7.963582
2009    7       2       8.274645
2009    7       3       8.251158
2009    7       4       7.134591
2009    7       5       7.569678
2009    7       6       7.442612
2009    7       7       7.684461
2009    8       0       9.129108
2009    8       1       8.883074
2009    8       2       8.1349
2009    8       3       8.239215
2009    8       4       7.379147
2009    8       5       6.733444
2009    8       6       5.237269
2009    8       7       3.718589
2009    9       0       1.631109
2009    9       1       1.339728
2009    9       2       2.753866
2009    9       3       3.777286
2009    9       4       2.979822
2009    9       5       3.732428
2009    9       6       6.992421
2009    9       7       7.751283
2009    10      0       6.438182
2009    10      1       6.688992
2009    10      2       8.36887
2009    10      3       8.355347
2009    10      4       6.339525
2009    10      5       6.721309
2009    10      6       7.384798
2009    10      7       8.327765
2009    11      0       8.86189
2009    11      1       11.057823
2009    11      2       12.562494
2009    11      3       12.356061
2009    11      4       11.915442
2009    11      5       11.370843
2009    11      6       10.955744
2009    11      7       10.143753
2009    12      0       10.718559
2009    12      1       11.902341
2009    12      2       15.224086
2009    12      3       16.543339
2009    12      4       15.20028
2009    12      5       12.6526
2009    12      6       15.097878
2009    12      7       15.478245
2009    13      0       12.472706
2009    13      1       8.729644
2009    13      2       9.119365
2009    13      3       8.792909
2009    13      4       6.276531
2009    13      5       7.253249
2009    13      6       8.292368
2009    13      7       5.960114
2009    14      0       3.712034
2009    14      1       4.019926
2009    14      2       3.80923
2009    14      3       1.662803
2009    14      4       3.234763
2009    14      5       4.703886
2009    14      6       3.740985
2009    14      7       4.445791
2009    15      0       6.243164
2009    15      1       6.176068
2009    15      2       5.880697
2009    15      3       5.402393
2009    15      4       4.789457
2009    15      5       4.20605
2009    15      6       5.229232
2009    15      7       6.047787
2009    16      0       5.687889
2009    16      1       6.031433
2009    16      2       7.67638
2009    16      3       6.789687
2009    16      4       3.465451
2009    16      5       1.508987
2009    16      6       0.304214
2009    16      7       1.37203
2009    17      0       3.225843
2009    17      1       4.625214
2009    17      2       4.424004
2009    17      3       4.727608
2009    17      4       5.679872
2009    17      5       6.117755
2009    17      6       6.394363
2009    17      7       6.880806
2009    18      0       8.653203
2009    18      1       10.902281
2009    18      2       14.440665
2009    18      3       16.201927
2009    18      4       14.108802
2009    18      5       13.067654
2009    18      6       13.484096
2009    18      7       13.880569
2009    19      0       15.484667
2009    19      1       16.692962
2009    19      2       18.96446
2009    19      3       13.427135
2009    19      4       12.574312
2009    19      5       12.18115
2009    19      6       12.338248
2009    19      7       12.301807
2009    20      0       14.657375
2009    20      1       14.491451
2009    20      2       10.434825
2009    20      3       7.242087
2009    20      4       4.815919
2009    20      5       3.710505
2009    20      6       3.589587
2009    20      7       2.674402
2009    21      0       4.300637
2009    21      1       4.344557
2009    21      2       3.747921
2009    21      3       3.656228
2009    21      4       6.332877
2009    21      5       7.294555
2009    21      6       6.854951
2009    21      7       8.090546
2009    22      0       9.991003
2009    22      1       9.475986
2009    22      2       8.419093
2009    22      3       9.236435
2009    22      4       9.748988
2009    22      5       8.846582
2009    22      6       8.301657
2009    22      7       7.747391
2009    23      0       4.595802
2009    23      1       5.737365
2009    23      2       8.150948
2009    23      3       12.507147
2009    23      4       12.187395
2009    23      5       11.443082
2009    23      6       11.463454
2009    23      7       13.260172
2009    24      0       11.477518
2009    24      1       9.373165
2009    24      2       6.751908
2009    24      3       8.06366
2009    24      4       8.545734
2009    24      5       7.055938
2009    24      6       10.725841
2009    24      7       15.008695
2009    25      0       15.961866
2009    25      1       21.735564
2009    25      2       23.478246
2009    25      3       21.623955
2009    25      4       14.59661
2009    25      5       11.042564
2009    25      6       10.741503
2009    25      7       11.793622
2009    26      0       10.680973
2009    26      1       7.664681
2009    26      2       4.263628
2009    26      3       3.593146
2009    26      4       6.485351
2009    26      5       7.975138
2009    26      6       9.184247
2009    26      7       9.155704
2009    27      0       7.785812
2009    27      1       7.879335
2009    27      2       7.575298
2009    27      3       7.579048
2009    27      4       6.668701
2009    27      5       7.546078
2009    27      6       8.93187
2009    27      7       8.687633
2009    28      0       8.496925
2009    28      1       8.357943
2009    28      2       9.067399
2009    28      3       10.227724
2009    28      4       9.92689
2009    28      5       9.752682
2009    28      6       10.591724
2009    28      7       12.190644
2009    29      0       14.454758
2009    29      1       14.523191
2009    29      2       13.088946
2009    29      3       12.803088
2009    29      4       14.779185
2009    29      5       14.660776
2009    29      6       16.809748
2009    29      7       16.53761
2009    30      0       20.237797
2009    30      1       20.012989
2009    30      2       17.179418
2009    30      3       24.118346
2009    30      4       20.051719
2009    30      5       14.92316
2009    30      6       12.178866
2009    30      7       14.741756
