####################################################################################################
# Month: 09Sep                                                                                     #
# Station: LAS                                                                                     #
# Columns are: year    day     RH (percent)                                                        #
####################################################################################################
9       1       0.23572475
9       2       0.47572638
9       3       0.27075025
9       4       0.079714
9       5       0.16125525
9       6       0.28624312
9       7       0.3004185
9       8       0.21551875
9       9       0.15987112
9       10      0.151544
9       11      0.21600662
9       12      0.12022162
9       13      0.08817725
9       14      0.097278
9       15      0.14385262
9       16      0.2751775
9       17      0.32917712
9       18      0.09639338
9       19      0.08509425
9       20      0.07964188
9       21      0.14104575
9       22      0.14850488
9       23      0.07072338
9       24      0.07396875
9       25      0.1203355
9       26      0.15521025
9       27      0.29046463
9       28      0.1359555
9       29      0.044012
9       30      0.103931
