####################################################################################################
# Month: 04Apr                                                                                     #
# Station: FLWO                                                                                    #
# Columns are: year    day     windspeed (m/s)                                                     #
####################################################################################################
2009    1       10.79685362
2009    2       7.8534165
2009    3       10.283532
2009    4       18.0792655
2009    5       8.16059238
2009    6       6.61785662
2009    7       5.59103462
2009    8       18.89027925
2009    9       13.66029412
2009    10      14.55296612
2009    11      16.391383
2009    12      9.36048575
2009    13      4.52541075
2009    14      8.79377038
2009    15      17.15229888
2009    16      13.05217112
2009    17      10.03599625
2009    18      6.80008288
2009    19      2.86710762
2009    20      7.63857413
2009    21      4.31610088
2009    22      6.72194688
2009    23      6.87801438
2009    24      6.70591025
2009    25      11.59078962
2009    26      10.926533
2009    27      8.60252988
2009    28      9.7329935
2009    29      8.82841338
2009    30      4.86391312
