####################################################################################################
# Month: 10Oct                                                                                     #
# Station: SUF                                                                                     #
# Columns are: year    day     RH (percent)                                                        #
####################################################################################################
9       1       0.37005212
9       2       0.55191675
9       3       0.46316738
9       4       0.4739485
9       5       0.55996238
9       6       0.5247005
9       7       0.65357613
9       8       0.512605
9       9       0.41595912
9       10      0.21136925
9       11      0.15694825
9       12      0.13247612
9       13      0.10905188
9       14      0.05672425
9       15      0.09427575
9       16      0.13172137
9       17      0.14625288
9       18      0.17268162
9       19      0.206653
9       20      0.2054825
9       21      0.27925588
9       22      0.36790088
9       23      0.42036362
