####################################################################################################
# Month: 12Dec                                                                                     #
# Station: OVRO                                                                                    #
# Frequency: 230 GHz                                                                               #
# Columns are: year    day     tau     Tb (K)                                                      #
####################################################################################################
2009    1       0.2818865       69.86625625
2009    2       0.23884638      60.7584075
2009    3       0.15261082      41.92033
2009    4       0.1564155       42.781205
2009    5       0.30482665      72.59629875
2009    6       0.20365886      52.78202625
2009    7       0.4083306       89.7604975
2009    8       0.21454598      53.4894575
2009    9       0.16158846      43.34995875
2009    10      0.38315204      83.713475
2009    11      0.72084684      138.5444125
2009    12      0.68638128      134.5074
2009    13      0.58405742      118.83357875
2009    14      0.40838976      91.3571575
2009    15      0.3097754       73.57229875
2009    16      0.41898098      93.4455325
2009    17      0.44794812      100.30004125
2009    18      0.38122249      88.1542325
2009    19      0.22378979      57.57448375
2009    20      0.30991206      74.30655875
2009    21      0.35624876      83.4446625
2009    22      0.46642739      100.393825
2009    23      0.213922        54.353965
2009    24      0.21824484      57.0655625
2009    25      0.2225971       57.18823
2009    26      0.30894941      74.32372125
2009    27      0.43955719      96.39841
2009    28      0.39939446      89.60365875
2009    29      0.45780986      99.05779875
2009    30      0.55683497      114.340805
2009    31      0.50880135      108.2678625
2010    1       0.46156216      102.16226125
2010    2       0.62222614      127.29955
2010    3       0.6028884       123.531895
2010    4       0.81471766      150.70375
2010    5       0.5875138       121.5365
2010    6       0.58131675      115.5732475
2010    7       0.32927302      79.60981
2010    8       0.28766851      71.10993
2010    9       1.03967132      176.590675
2010    10      0.78964365      149.8692125
2010    11      0.70104812      139.06535
2010    12      0.3215887       79.507885
2010    13      0.10734702      31.9767425
2010    14      0.40718471      91.24981125
2010    15      0.68839955      133.412675
2010    16      0.36272374      83.74329
2010    17      0.52224975      105.79535375
2010    18      0.80240436      150.99185
2010    19      0.97959672      170.31945
2010    20      0.6778071       132.1540625
2010    21      0.52254438      109.88123125
2010    22      0.81002054      148.270525
2010    23      0.51212148      107.84722875
2010    24      0.26779716      66.6935225
2010    25      0.26725711      67.75217625
2010    26      0.46695205      97.529155
2010    27      0.2917319       70.381665
2010    28      0.56034511      114.85951625
2010    29      0.693047        134.45864
2010    30      0.2953358       68.192755
2010    31      0.16924494      43.9632775
2011    1       0.33486279      76.9892
2011    2       0.26541139      64.9710925
2011    3       0.15208719      41.11105
2011    4       0.25167524      62.277395
2011    5       0.19530381      50.4238775
2011    6       0.17729952      47.57422125
2011    7       0.37510731      87.0207325
2011    8       0.32173279      76.715995
2011    9       0.16886337      44.5945425
2011    10      0.11533298      33.44498125
2011    11      0.19227938      49.9030225
2011    12      0.3327629       77.109255
2011    13      0.49203036      103.94414375
2011    14      0.30062344      71.15158375
2011    15      0.359237        81.05106875
2011    16      0.36531135      83.04847875
2011    17      0.18470235      49.5398475
2011    18      0.43967682      97.6022675
2011    19      0.35176998      82.1326525
2011    20      0.26067966      64.8119025
2011    21      0.34620609      80.09862
2011    22      0.08900923      26.85028625
2011    23      0.11819328      33.5241425
2011    24      0.16284572      43.444215
2011    25      0.14980611      41.57454875
2011    26      0.19865581      52.073745
2011    27      0.15560088      43.16338
2011    28      0.27827172      66.4982675
2011    29      0.6549657       132.13194375
2011    30      0.30873026      75.12958375
2011    31      0.14773597      39.9833275
2012    1       0.77490095      148.0904
2012    2       0.97892593      171.1079625
2012    3       0.5828611       119.92054625
2012    4       0.46053086      101.71057875
2012    5       0.76304186      141.93529625
2012    6       0.84238576      153.678325
2012    7       0.32351429      77.0892725
2012    8       0.20293455      52.4298625
2012    9       0.41915066      94.946145
2012    10      0.41120471      94.1659375
2012    11      0.2920313       72.13466625
2012    12      0.35667218      82.62368
2012    13      0.49382839      103.80961125
2012    14      0.32933799      76.70856
2012    15      0.37291798      83.3020975
2012    16      0.45823078      98.970725
2012    17      0.44907466      100.739005
2012    18      0.45858029      100.02971625
2012    19      0.20986999      52.206165
2012    20      0.16531392      44.72489
2012    21      0.15908473      43.3538325
2012    22      0.35574435      79.61144
2012    23      0.49420854      105.68880125
2012    24      0.46045438      97.82353125
2012    25      0.36203362      81.78294125
2012    26      0.57237585      116.7612275
2012    27      0.45546059      97.58067
2012    28      0.25537801      62.173405
2012    29      0.41980091      91.73742375
2012    30      0.41784014      91.01462625
2012    31      0.19766936      50.32923875
2013    1       0.28701365      70.88311
2013    2       0.28252818      70.1103125
2013    3       0.59324619      119.96043875
2013    4       0.27019296      63.71406
2013    5       0.16418201      43.25571
2013    6       0.21033875      53.21042375
2013    7       0.3122529       72.87697625
2013    8       0.16516521      43.64685875
2013    9       0.12000998      33.80833
2013    10      0.14299615      39.76439125
2013    11      0.22706158      57.76393625
2013    12      0.17516362      47.25090375
2013    13      0.1950049       51.37447
2013    14      0.19453106      51.8424725
2013    15      0.2566212       65.58994875
2013    16      0.22716286      59.737805
2013    17      0.28067392      69.74984
2013    18      0.52983571      110.6107875
2013    19      0.58053582      118.3063775
2013    20      0.3512713       81.12616875
2013    21      0.45090056      100.42225
2013    22      0.3219877       75.98863875
2013    23      0.46962628      104.3541075
2013    24      0.35644482      84.0019175
2013    25      0.12469296      35.81877875
2013    26      0.13229896      37.32535375
2013    27      0.10863123      32.15557375
2013    28      0.18042149      47.94097375
2013    29      0.13875204      38.91958375
2013    30      0.28736785      71.44838875
2013    31      0.34704224      81.86978875
2014    1       0.60681996      123.686005
2014    2       0.72040865      133.39656375
2014    3       0.87320828      157.42885
2014    4       0.83334104      154.8067
2014    5       0.73809224      142.44735
2014    6       0.79327395      147.6531875
2014    7       0.4196721       97.08550375
2014    8       0.33765844      81.08015625
2014    9       0.42998221      97.74727125
2014    10      0.50052779      109.751945
2014    11      0.47798901      104.75804
2014    12      0.66390149      129.44652
2014    13      0.57011376      115.82537625
2014    14      0.33950541      78.77242875
2014    15      0.41681206      93.60862375
2014    16      0.51292065      108.642875
2014    17      0.6176375       124.0811
2014    18      0.42345632      94.01686
2014    19      0.39052586      88.598835
2014    20      0.80417591      149.7294375
2014    21      0.63576791      128.68570125
2014    22      0.32117404      78.79719125
2014    23      0.3494886       83.98930875
2014    24      0.35948751      85.282075
2014    25      0.41197518      90.21514125
2014    26      0.19310066      49.59023875
2014    27      0.14909014      40.50638625
2014    28      0.35218589      81.230775
2014    29      0.14264687      38.99189375
2014    30      0.28535381      66.85665375
2014    31      0.1401622       37.633165
2015    1       0.29973341      72.65948625
2015    2       0.42531161      94.740055
2015    3       0.66833408      130.532535
2015    4       0.3231876       76.5958125
2015    5       0.17189566      45.9028625
2015    6       0.23834584      60.2432
2015    7       0.46282694      103.67439625
2015    8       0.58177855      122.46859125
2015    9       0.24084461      61.87406375
2015    10      0.37970958      84.8035425
2015    11      0.60277539      121.492625
2015    12      0.34635862      80.1743275
2015    13      0.46882415      103.76026
2015    14      0.4340239       93.72181375
2015    15      0.2198878       54.940345
2015    16      0.15600119      41.653915
2015    17      0.4102643       91.255395
2015    18      0.36689145      83.7497975
2015    19      0.32716656      77.379245
2015    20      0.47096726      100.89201625
2015    21      0.66818689      132.566575
2015    22      0.7896341       149.3770125
2015    23      0.4482309       97.90507875
2015    24      0.2820736       67.181515
2015    25      0.33546685      76.176035
2015    26      0.18272132      46.07192
2015    27      0.13547033      37.34381125
2015    28      0.34262859      78.848155
2015    29      0.31897103      73.87889125
2015    30      0.24211035      60.75669625
2015    31      0.2364074       59.9715675
2016    1       0.41431178      93.5894525
2016    2       0.25471482      62.537265
2016    3       0.28873451      70.36746375
2016    4       0.45306184      100.189735
2016    5       0.390562        89.8573225
2016    6       0.36815194      84.4347125
2016    7       0.31035849      74.49
2016    8       0.56196359      117.6942775
2016    9       0.90201018      164.63525
2016    10      0.76227616      147.41515
2016    11      0.67107         132.16103625
2016    12      0.4271982       95.02974875
2016    13      0.77133941      146.833925
2016    14      0.65390208      132.3678625
2016    15      0.64997341      128.4652575
2016    16      0.74923451      138.4162875
2016    17      0.20586051      52.27992
2016    18      0.1851315       48.90686625
2016    19      0.12751885      36.28096875
2016    20      0.2144197       55.48850875
2016    21      0.30511469      73.75158125
2016    22      0.51153498      109.6506525
2016    23      0.44740199      99.579035
2016    24      0.57354368      113.34909375
2016    25      0.26935298      64.810705
2016    26      0.29885739      72.48047625
2016    27      0.35186512      83.6557525
2016    28      0.34563835      82.46288125
2016    29      0.24838454      63.9352325
2016    30      0.43603654      96.54653125
2016    31      0.58436028      120.3658875
2017    1       0.38544144      90.36061875
2017    2       0.32359944      79.3205125
2017    3       0.24437124      62.36286125
2017    4       0.20758964      53.51847875
2017    5       0.16135886      43.8206525
2017    6       0.23183304      59.88712625
2017    7       0.19643053      52.28874125
2017    8       0.21296894      56.525495
2017    9       0.17162726      47.42026125
2017    10      0.1076837       32.37663
2017    11      0.1019731       30.84757625
2017    12      0.0950775       29.11674875
2017    13      0.14495215      41.4297075
2017    14      0.24198472      62.25295875
2017    15      0.23573459      60.6227725
2017    16      0.47612928      101.7105475
2017    17      0.25524281      63.71559375
2017    18      0.31172888      75.5026075
2017    19      0.37640242      88.480055
2017    20      0.34051338      81.3301675
2017    21      0.21870208      55.2149375
2017    22      0.19839935      51.428025
2017    23      0.33783899      79.23464125
2017    24      0.36286264      84.3247275
2017    25      0.67607026      133.6356875
2017    26      0.64317715      127.272215
2017    27      0.24255615      62.99489
2017    28      0.30637454      75.3714725
2017    29      0.25457921      65.337195
2017    30      0.19271295      52.18889875
2017    31      0.20532544      53.87723125
2018    1       0.42012565      94.47507125
2018    2       0.31902958      75.21788125
2018    3       0.28105394      68.26125125
2018    4       0.48412261      104.2064975
2018    5       0.4646728       100.75949
2018    6       0.55095764      112.9685825
2018    7       0.69330078      134.7270975
2018    8       0.37738499      88.61107125
2018    9       0.29796621      73.74403125
2018    10      0.3633686       85.49615875
2018    11      0.32275751      77.72425625
2018    12      0.29666013      72.92359
2018    13      0.3229268       76.86469
2018    14      0.34714338      81.66105
2018    15      0.29740841      72.45002375
2018    16      0.34200068      81.7964675
2018    17      0.54109293      114.4115325
2018    18      0.50049908      109.51211375
2018    19      0.33867955      83.44744875
2018    20      0.30533575      77.16291125
2018    21      0.50758652      107.60308625
2018    22      0.43589236      99.2369125
2018    23      0.56118792      117.98999375
2018    24      0.65857086      133.5157125
2018    25      0.5994599       122.61753375
2018    26      0.35137898      81.65509875
2018    27      0.29679376      71.1862125
2018    28      0.26696511      64.61464125
2018    29      0.25967165      63.9237175
2018    30      0.41111557      94.3359475
2018    31      0.310408        73.918415
