####################################################################################################
# Month: 05May                                                                                     #
# Station: ALMA                                                                                    #
# Frequency: 230 GHz                                                                               #
# Columns are: year    day     tau     Tb (K)                                                      #
####################################################################################################
2009    1       0.04492222      15.8354025
2009    2       0.0446217       15.73369875
2009    3       0.03676997      13.84446
2009    4       0.02761188      11.453436
2009    5       0.03480119      13.32072375
2009    6       0.04392128      15.5356975
2009    7       0.03053847      12.14074125
2009    8       0.02041864      9.440476
2009    9       0.02531885      10.75484862
2009    10      0.01828497      8.8661335
2009    11      0.01858687      8.95977138
2009    12      0.01960222      9.25153562
2009    13      0.02222438      9.92266912
2009    14      0.02724737      11.3122055
2009    15      0.02875591      11.72846
2009    16      0.04385937      15.6054325
2009    17      0.03168075      12.4517205
2009    18      0.03616641      13.6314125
2009    19      0.05709902      18.70532375
2009    20      0.11832134      32.65218625
2009    21      0.05005683      17.004335
2009    22      0.02149078      9.80636375
2009    23      0.01692032      8.5141735
2009    24      0.0228586       10.11072487
2009    25      0.02794066      11.43014375
2009    26      0.02694963      11.1849225
2009    27      0.03528116      13.44564125
2009    28      0.03062511      12.06071725
2009    29      0.03450095      13.1293925
2009    30      0.01603392      8.2056365
2009    31      0.03550683      13.19594125
2010    1       0.28424335      67.177855
2010    2       0.0514208       17.1952725
2010    3       0.02607598      11.00155
2010    4       0.02368028      10.3800425
2010    5       0.02008356      9.46285038
2010    6       0.0298363       11.96531625
2010    7       0.02763296      11.38845875
2010    8       0.02223555      9.99381425
2010    9       0.02278197      10.04968975
2010    10      0.02258985      9.9933855
2010    11      0.0198168       9.2831735
2010    12      0.03319911      12.505622
2010    13      0.11437938      31.42988
2010    14      0.1249498       34.082555
2010    15      0.0785207       23.5373775
2010    16      0.0659132       20.43099
2010    17      0.0226324       9.95128125
2010    18      0.01868031      9.01551638
2010    19      0.04926945      16.44679763
2010    20      0.05806697      18.7597625
2010    21      0.0559945       18.50171
2010    22      0.07438126      22.87022375
2010    23      0.07172276      22.0467875
2010    24      0.01937988      9.1684215
2010    25      0.01665129      8.3867615
2010    26      0.03156751      12.17918475
2010    27      0.09249297      26.801035
2010    28      0.08028609      24.20394
2010    29      0.03143552      12.230972
2010    30      0.01874851      9.00404612
2010    31      0.02009236      9.337428
2011    1       0.01384062      7.6469125
2011    2       0.01419221      7.73186688
2011    3       0.0139016       7.638369
2011    4       0.02113777      9.61988613
2011    5       0.05369826      17.74802375
2011    6       0.09092537      26.54318625
2011    7       0.13419258      36.25377
2011    8       0.08673362      25.76855
2011    9       0.11181322      31.52827375
2011    10      0.1525113       40.022745
2011    11      0.15997681      41.87178375
2011    12      0.04099318      14.85694
2011    13      0.0278864       11.41695362
2011    14      0.03693672      13.758455
2011    15      0.02556571      10.83599012
2011    16      0.02238633      10.020256
2011    17      0.02180581      9.85557475
2011    18      0.0165934       8.400088
2011    19      0.01494492      7.95045025
2011    20      0.01602255      8.22208688
2011    21      0.02377154      10.34868762
2011    22      0.03170976      12.44941625
2011    23      0.10204516      29.15806375
2011    24      0.12857639      34.74050875
2011    25      0.02742252      11.15968825
2011    26      0.02502397      10.54679275
2011    27      0.03322413      12.6048375
2011    28      0.03067378      12.08272
2011    29      0.04046702      14.48921125
2011    30      0.06398317      20.28763375
2011    31      0.0717999       22.144605
2012    1       0.02246698      10.01617938
2012    2       0.03308551      12.69398625
2012    3       0.05830769      19.1916175
2012    4       0.06175509      19.8404225
2012    5       0.04828409      16.66749875
2012    6       0.0408891       14.9016725
2012    7       0.05470629      18.3764525
2012    8       0.07104797      22.34786375
2012    9       0.04010225      14.72783
2012    10      0.03456311      13.18693
2012    11      0.04837521      16.579245
2012    12      0.03367866      12.84194625
2012    13      0.03556716      13.3615975
2012    14      0.02231842      9.96579762
2012    15      0.02964005      11.84589375
2012    16      0.02689566      11.20750175
2012    17      0.02043877      9.462429
2012    18      0.0199308       9.29379388
2012    19      0.01585563      8.17283838
2012    20      0.01647059      8.3796625
2012    21      0.02092897      9.56031863
2012    22      0.02850158      11.45695912
2012    23      0.02243904      9.9224065
2012    24      0.03625902      13.54808
2012    25      0.04411359      15.490635
2012    26      0.06421523      20.291435
2012    27      0.04717056      16.23438375
2012    28      0.01932354      9.16673262
2012    29      0.02076323      9.52235962
2012    30      0.02535811      10.78802875
2012    31      0.02437773      10.4999325
2013    1       0.09318164      27.45809125
2013    2       0.06272938      19.9215075
2013    3       0.02580891      10.92186262
2013    4       0.01993099      9.33766525
2013    5       0.01807585      8.82585625
2013    6       0.01663141      8.38956862
2013    7       0.0191384       9.09960063
2013    8       0.01770086      8.71775738
2013    9       0.02676087      11.08663188
2013    10      0.03971839      14.3953375
2013    11      0.04339796      15.34453125
2013    12      0.02848466      11.46776475
2013    13      0.03782866      13.97394375
2013    14      0.02963414      11.90867
2013    15      0.0388373       14.14882875
2013    16      0.15141182      39.59988625
2013    17      0.28246101      66.72894125
2013    18      0.1337101       35.9871825
2013    19      0.08753514      25.6619825
2013    20      0.05570374      18.42331625
2013    21      0.05361516      17.94132
2013    22      0.03040985      11.96154
2013    23      0.05725488      18.40901125
2013    24      0.08572156      25.38405625
2013    25      0.04273799      15.0996125
2013    26      0.02358267      10.26509875
2013    27      0.01865078      8.899757
2013    28      0.02331424      10.17959362
2013    29      0.01747314      8.61052662
2013    30      0.02559697      10.8031925
2013    31      0.03507473      13.33183125
2014    1       0.03054951      12.07663775
2014    2       0.03371766      12.98263375
2014    3       0.03662561      13.54703125
2014    4       0.07580508      22.73246125
2014    5       0.07420657      22.81885125
2014    6       0.0257035       10.86981088
2014    7       0.03059616      12.17580375
2014    8       0.03378135      13.06880875
2014    9       0.05248376      17.78773
2014    10      0.0676957       21.5037
2014    11      0.04769511      16.4766275
2014    12      0.05476215      18.20161625
2014    13      0.04169156      14.94005625
2014    14      0.01952839      9.23565688
2014    15      0.02039907      9.44079462
2014    16      0.01672347      8.44078737
2014    17      0.01686119      8.4537505
2014    18      0.02571426      10.83424638
2014    19      0.02725651      11.23668625
2014    20      0.02256795      10.00891125
2014    21      0.02530292      10.767004
2014    22      0.10188412      28.5974925
2014    23      0.04433083      15.22174388
2014    24      0.05300735      17.35242412
2014    25      0.0344052       12.83720163
2014    26      0.02886967      11.67584375
2014    27      0.02525147      10.6656625
2014    28      0.02075677      9.51777
2014    29      0.02906464      11.79423625
2014    30      0.0324484       12.6374775
2014    31      0.02722923      11.17905388
2015    1       0.04447426      15.68463375
2015    2       0.01982531      9.321617
2015    3       0.02934884      11.8418275
2015    4       0.02697215      11.16268
2015    5       0.03707932      13.81231625
2015    6       0.0706419       22.04063375
2015    7       0.12528319      34.36852375
2015    8       0.01756836      8.69160513
2015    9       0.02056931      9.504774
2015    10      0.02730694      11.228956
2015    11      0.02707239      11.23741725
2015    12      0.02365442      10.22631413
2015    13      0.02464493      10.4840025
2015    14      0.02309447      10.11364213
2015    15      0.02989609      11.847871
2015    16      0.02637046      10.9247965
2015    17      0.020249        9.4509865
2015    18      0.01510153      8.03072225
2015    19      0.01804756      8.85642375
2015    20      0.01474356      7.91474875
2015    21      0.0149822       8.00901775
2015    22      0.01942707      9.29570062
2015    23      0.02688086      11.22430088
2015    24      0.03608335      13.59034875
2015    25      0.07004851      21.55059
2015    26      0.17288108      44.177115
2015    27      0.02438076      10.47863038
2015    28      0.02645208      10.99156925
2015    29      0.0257486       10.78631625
2015    30      0.02832162      11.42725125
2015    31      0.03871586      14.04735125
2016    1       0.04706444      16.29262875
2016    2       0.04096927      14.68718125
2016    3       0.07572125      23.23083625
2016    4       0.07063647      22.07962
2016    5       0.0923982       26.96642375
2016    6       0.09010315      26.4172425
2016    7       0.07701389      23.349615
2016    8       0.07945526      23.55849
2016    9       0.10532266      29.54528375
2016    10      0.07362929      22.1338725
2016    11      0.08277527      24.52220375
2016    12      0.04887799      16.706675
2016    13      0.0360014       13.5912975
2016    14      0.03845012      14.13312875
2016    15      0.04351451      15.3316425
2016    16      0.04898845      16.70531
2016    17      0.0425464       15.01044375
2016    18      0.02331857      10.19468912
2016    19      0.02508249      10.61944125
2016    20      0.05845453      19.04804625
2016    21      0.07370863      22.53579625
2016    22      0.06058386      19.4465925
2016    23      0.04106726      14.72928875
2016    24      0.05286406      17.7474575
2016    25      0.04772395      16.42836375
2016    26      0.04351666      15.3543625
2016    27      0.07643004      22.80510375
2016    28      0.05559848      18.20021625
2016    29      0.09867756      28.2442875
2016    30      0.09074004      26.2497025
2016    31      0.03427368      12.85886625
2017    1       0.02289974      10.10198987
2017    2       0.03388981      12.99005875
2017    3       0.02093986      9.58354825
2017    4       0.02367444      10.30581775
2017    5       0.02015452      9.42905438
2017    6       0.02138104      9.77037
2017    7       0.02857105      11.684555
2017    8       0.02342293      10.25271337
2017    9       0.03526796      13.26354875
2017    10      0.08438735      25.20315375
2017    11      0.06594239      20.868675
2017    12      0.06502328      20.67707875
2017    13      0.03007117      12.03577262
2017    14      0.03286773      12.81698625
2017    15      0.04112712      14.90998375
2017    16      0.02613459      11.00235975
2017    17      0.03625236      13.5629125
2017    18      0.03141127      12.28564338
2017    19      0.0204292       9.39745538
2017    20      0.02429884      10.39173137
2017    21      0.021184        9.50180688
2017    22      0.16283972      41.9395325
2017    23      0.07908859      23.356065
2017    24      0.07318203      22.30697
2017    25      0.15749705      41.6843225
2017    26      0.10893959      30.77140625
2017    27      0.03010953      11.91519437
2017    28      0.03302837      12.601845
2017    29      0.03513146      13.1322985
2017    30      0.04540757      15.5491405
2017    31      0.02146504      9.771688
2018    1       0.05431915      17.9732375
2018    2       0.06925995      21.6034075
2018    3       0.03352388      12.8675465
2018    4       0.01696414      8.53096175
2018    5       0.02268811      10.01905088
2018    6       0.04763379      16.21106375
2018    7       0.04357838      15.3532775
2018    8       0.03651142      13.619175
2018    9       0.04012169      14.40530375
2018    10      0.02104358      9.63037462
2018    11      0.0232086       10.24748712
2018    12      0.0225733       10.12064225
2018    13      0.02200383      9.94528425
2018    14      0.03846315      14.22855125
2018    15      0.03803689      14.0692925
2018    16      0.02606745      10.95701262
2018    17      0.02728357      11.35316875
2018    18      0.02933435      11.8112725
2018    19      0.01872962      8.93156563
2018    20      0.02056039      9.45569875
2018    21      0.02915179      11.65671488
2018    22      0.03272474      12.63843125
2018    23      0.02124548      9.654355
2018    24      0.01878587      9.00722875
2018    25      0.01790097      8.73165588
2018    26      0.02218636      9.88655812
2018    27      0.02133464      9.68467088
2018    28      0.02293982      10.11335362
2018    29      0.02492995      10.5878345
2018    30      0.02380056      10.345252
2018    31      0.02910998      11.66352625
