####################################################################################################
# Month: 05May                                                                                     #
# Station: BGK                                                                                     #
# Columns are: year    day     RH (percent)                                                        #
####################################################################################################
9       1       0.729445
9       2       0.9623375
9       3       0.96877862
9       4       0.9695975
9       5       0.97003088
9       6       0.95853962
9       7       0.94940125
9       8       0.98915688
9       9       0.82061712
9       10      0.97332762
9       11      0.99419725
9       12      0.83144112
9       13      0.76972462
9       14      0.61394312
9       15      0.74725038
9       16      0.63320975
9       17      0.52594225
9       18      0.58849875
9       19      0.60824325
9       20      0.63906525
9       21      0.86259825
9       22      0.84752988
9       23      0.8141945
9       24      0.81341825
9       25      0.9975935
9       26      0.99315262
9       27      0.95792238
9       28      0.87163012
9       29      0.98725212
9       30      0.993907
9       31      0.95833512
