####################################################################################################
# Month: 01Jan                                                                                     #
# Station: ERB                                                                                     #
# Columns are: year    day     segment         windspeed (m/s)                                     #
####################################################################################################
2009    1       0       20.359829
2009    1       1       15.418086
2009    1       2       11.663936
2009    1       3       8.543834
2009    1       4       5.743253
2009    1       5       3.519563
2009    1       6       3.908477
2009    1       7       3.830694
2009    2       0       2.973737
2009    2       1       2.397223
2009    2       2       1.8379
2009    2       3       0.894364
2009    2       4       2.073276
2009    2       5       3.38148
2009    2       6       5.742037
2009    2       7       8.49559
2009    3       0       9.743201
2009    3       1       10.232283
2009    3       2       10.684125
2009    3       3       8.890512
2009    3       4       6.25553
2009    3       5       6.517533
2009    3       6       8.300663
2009    3       7       8.768874
2009    4       0       8.023705
2009    4       1       9.059826
2009    4       2       8.911567
2009    4       3       7.641067
2009    4       4       6.673801
2009    4       5       5.593126
2009    4       6       5.477916
2009    4       7       6.475679
2009    5       0       7.026237
2009    5       1       6.773337
2009    5       2       7.277427
2009    5       3       7.931488
2009    5       4       7.538094
2009    5       5       7.344166
2009    5       6       7.878926
2009    5       7       9.445281
2009    6       0       10.523109
2009    6       1       10.054376
2009    6       2       5.998976
2009    6       3       5.749281
2009    6       4       5.781738
2009    6       5       5.988899
2009    6       6       7.18624
2009    6       7       8.496813
2009    7       0       8.277525
2009    7       1       7.605661
2009    7       2       7.41313
2009    7       3       8.67248
2009    7       4       6.095805
2009    7       5       7.331993
2009    7       6       9.29277
2009    7       7       10.170508
2009    8       0       10.973759
2009    8       1       11.579822
2009    8       2       11.217823
2009    8       3       8.008969
2009    8       4       5.364066
2009    8       5       5.249751
2009    8       6       6.923009
2009    8       7       7.964217
2009    9       0       6.941777
2009    9       1       7.399933
2009    9       2       9.015924
2009    9       3       8.326837
2009    9       4       7.690669
2009    9       5       7.951835
2009    9       6       6.079395
2009    9       7       3.272081
2009    10      0       1.231628
2009    10      1       0.768302
2009    10      2       0.388665
2009    10      3       0.403457
2009    10      4       1.578469
2009    10      5       1.643838
2009    10      6       1.311003
2009    10      7       4.838955
2009    11      0       6.56466
2009    11      1       7.045886
2009    11      2       6.620441
2009    11      3       4.355342
2009    11      4       2.774221
2009    11      5       3.209672
2009    11      6       3.711718
2009    11      7       9.313681
2009    12      0       8.630772
2009    12      1       8.899388
2009    12      2       10.074162
2009    12      3       11.147833
2009    12      4       8.127221
2009    12      5       8.922705
2009    12      6       8.501109
2009    12      7       6.79759
2009    13      0       6.989375
2009    13      1       6.925301
2009    13      2       5.158814
2009    13      3       4.569859
2009    13      4       5.307984
2009    13      5       6.881143
2009    13      6       6.864264
2009    13      7       6.237929
2009    14      0       5.062709
2009    14      1       5.03587
2009    14      2       4.766625
2009    14      3       2.560678
2009    14      4       2.466802
2009    14      5       2.057244
2009    14      6       0.590479
2009    14      7       4.172054
2009    15      0       5.43756
2009    15      1       5.690607
2009    15      2       5.805006
2009    15      3       6.437702
2009    15      4       5.923937
2009    15      5       5.048614
2009    15      6       4.02408
2009    15      7       5.427371
2009    16      0       6.000843
2009    16      1       5.63915
2009    16      2       3.92721
2009    16      3       2.487218
2009    16      4       3.187054
2009    16      5       3.172652
2009    16      6       2.43879
2009    16      7       3.487574
2009    17      0       5.294918
2009    17      1       7.220156
2009    17      2       7.694095
2009    17      3       7.531809
2009    17      4       7.044001
2009    17      5       6.150126
2009    17      6       8.426935
2009    17      7       9.90141
2009    18      0       9.378705
2009    18      1       7.574413
2009    18      2       5.973462
2009    18      3       4.552952
2009    18      4       2.897209
2009    18      5       2.092559
2009    18      6       1.731276
2009    18      7       3.360553
2009    19      0       5.482125
2009    19      1       6.075757
2009    19      2       5.996716
2009    19      3       4.779055
2009    19      4       4.021449
2009    19      5       4.000974
2009    19      6       4.515141
2009    19      7       4.219462
2009    20      0       2.977135
2009    20      1       3.785278
2009    20      2       4.480525
2009    20      3       3.113741
2009    20      4       2.279106
2009    20      5       2.668458
2009    20      6       3.845304
2009    20      7       4.641076
2009    21      0       4.859323
2009    21      1       4.8254
2009    21      2       3.920803
2009    21      3       3.332524
2009    21      4       3.700253
2009    21      5       3.974527
2009    21      6       2.768184
2009    21      7       3.299482
2009    22      0       6.11242
2009    22      1       9.785819
2009    22      2       11.897466
2009    22      3       12.019813
2009    22      4       11.14877
2009    22      5       11.310743
2009    22      6       12.000166
2009    22      7       11.663721
2009    23      0       8.449199
2009    23      1       7.994441
2009    23      2       6.171659
2009    23      3       4.65836
2009    23      4       2.120719
2009    23      5       1.363016
2009    23      6       1.738157
2009    23      7       0.997978
2009    24      0       2.233576
2009    24      1       1.868785
2009    24      2       3.599068
2009    24      3       5.071779
2009    24      4       5.330828
2009    24      5       8.190769
2009    24      6       9.979913
2009    24      7       11.68466
2009    25      0       10.979017
2009    25      1       9.349782
2009    25      2       7.906556
2009    25      3       6.861237
2009    25      4       5.572829
2009    25      5       5.973106
2009    25      6       7.008994
2009    25      7       8.16619
2009    26      0       10.021764
2009    26      1       11.142015
2009    26      2       11.480437
2009    26      3       10.991002
2009    26      4       8.964938
2009    26      5       8.050813
2009    26      6       9.426418
2009    26      7       10.656921
2009    27      0       11.236911
2009    27      1       10.229395
2009    27      2       10.328358
2009    27      3       9.842545
2009    27      4       7.253004
2009    27      5       4.235797
2009    27      6       4.204513
2009    27      7       5.508293
2009    28      0       5.632252
2009    28      1       3.810352
2009    28      2       1.334259
2009    28      3       1.828675
2009    28      4       3.763714
2009    28      5       5.202033
2009    28      6       8.146899
2009    28      7       9.817142
2009    29      0       7.943013
2009    29      1       6.089318
2009    29      2       7.027863
2009    29      3       7.691264
2009    29      4       7.511042
2009    29      5       8.483872
2009    29      6       10.520284
2009    29      7       8.969491
2009    30      0       10.399743
2009    30      1       11.107073
2009    30      2       14.166934
2009    30      3       13.276891
2009    30      4       9.368256
2009    30      5       6.886885
2009    30      6       7.583302
2009    30      7       7.42324
2009    31      0       6.262577
2009    31      1       5.697203
2009    31      2       5.446193
2009    31      3       7.218905
2009    31      4       7.816307
2009    31      5       6.943395
2009    31      6       6.208768
2009    31      7       5.875677
