####################################################################################################
# Month: 07Jul                                                                                     #
# Station: BAR                                                                                     #
# Columns are: year    day     windspeed (m/s)                                                     #
####################################################################################################
2009    1       5.97355588
2009    2       6.63387062
2009    3       8.64766888
2009    4       6.23173687
2009    5       6.26528738
2009    6       7.08916538
2009    7       8.478452
2009    8       13.73338275
2009    9       11.233161
2009    10      11.37093088
2009    11      8.11494388
2009    12      9.10367475
2009    13      9.58551425
2009    14      6.13303512
2009    15      4.1158045
2009    16      3.67634738
2009    17      4.13346237
2009    18      5.1730205
2009    19      6.32227512
2009    20      5.73715625
2009    21      4.242564
2009    22      2.41365713
2009    23      5.06783363
2009    24      5.07898062
2009    25      2.82328925
2009    26      2.31224812
2009    27      2.95684688
2009    28      2.72345712
2009    29      2.98217087
2009    30      3.62277275
2009    31      3.50489338
