####################################################################################################
# Month: 08Aug                                                                                     #
# Station: RPU                                                                                     #
# Columns are: year    day     segment         windspeed (m/s)                                     #
####################################################################################################
2009    1       0       21.832786
2009    1       1       24.367209
2009    1       2       19.484479
2009    1       3       12.916661
2009    1       4       12.884112
2009    1       5       12.301685
2009    1       6       11.160344
2009    1       7       10.640579
2009    2       0       14.51437
2009    2       1       18.211026
2009    2       2       21.150357
2009    2       3       24.74586
2009    2       4       24.173261
2009    2       5       22.595206
2009    2       6       20.883544
2009    2       7       19.283991
2009    3       0       18.105437
2009    3       1       17.134997
2009    3       2       16.120209
2009    3       3       14.729123
2009    3       4       14.42753
2009    3       5       14.306241
2009    3       6       15.84175
2009    3       7       18.74148
2009    4       0       21.999968
2009    4       1       21.373856
2009    4       2       22.851162
2009    4       3       20.453417
2009    4       4       20.017995
2009    4       5       18.506273
2009    4       6       17.614467
2009    4       7       14.168676
2009    5       0       13.362745
2009    5       1       11.646561
2009    5       2       11.713585
2009    5       3       9.462925
2009    5       4       8.612433
2009    5       5       8.940282
2009    5       6       8.6131
2009    5       7       8.495582
2009    6       0       9.238767
2009    6       1       8.853706
2009    6       2       8.87223
2009    6       3       8.619017
2009    6       4       8.133319
2009    6       5       9.607241
2009    6       6       10.214902
2009    6       7       9.119589
2009    7       0       7.117891
2009    7       1       5.822638
2009    7       2       6.458105
2009    7       3       6.128862
2009    7       4       5.137599
2009    7       5       5.060048
2009    7       6       5.982176
2009    7       7       6.845225
2009    8       0       5.91322
2009    8       1       4.792215
2009    8       2       3.769766
2009    8       3       3.186072
2009    8       4       2.93883
2009    8       5       3.680572
2009    8       6       4.506861
2009    8       7       5.381903
2009    9       0       6.573844
2009    9       1       7.368643
2009    9       2       8.137381
2009    9       3       8.079386
2009    9       4       9.903893
2009    9       5       10.828936
2009    9       6       9.581571
2009    9       7       10.921219
2009    10      0       11.390224
2009    10      1       10.061715
2009    10      2       9.487864
2009    10      3       9.626478
2009    10      4       9.03365
2009    10      5       8.043443
2009    10      6       6.799231
2009    10      7       7.096087
2009    11      0       8.261965
2009    11      1       7.7874
2009    11      2       7.631064
2009    11      3       7.704981
2009    11      4       7.25069
2009    11      5       7.49626
2009    11      6       7.895991
2009    11      7       8.575958
2009    12      0       9.835705
2009    12      1       10.365009
2009    12      2       9.094997
2009    12      3       7.675899
2009    12      4       6.648943
2009    12      5       5.341495
2009    12      6       3.551791
2009    12      7       2.987124
2009    13      0       4.54562
2009    13      1       5.101508
2009    13      2       4.982602
2009    13      3       6.053549
2009    13      4       3.822741
2009    13      5       5.21437
2009    13      6       7.938565
2009    13      7       11.273757
2009    14      0       12.760437
2009    14      1       14.214026
2009    14      2       18.577711
2009    14      3       19.644161
2009    14      4       18.911363
2009    14      5       20.751727
2009    14      6       21.065
2009    14      7       21.084001
2009    15      0       16.944431
2009    15      1       12.526949
2009    15      2       9.184974
2009    15      3       6.626751
2009    15      4       2.236804
2009    15      5       1.485471
2009    15      6       7.768204
2009    15      7       11.225123
2009    16      0       15.082343
2009    16      1       13.306623
2009    16      2       15.368003
2009    16      3       15.366399
2009    16      4       17.551068
2009    16      5       19.634878
2009    16      6       18.399935
2009    16      7       18.035758
2009    17      0       19.528712
2009    17      1       18.638361
2009    17      2       15.986787
2009    17      3       12.956684
2009    17      4       11.214461
2009    17      5       10.26235
2009    17      6       11.464459
2009    17      7       15.809135
2009    18      0       13.325958
2009    18      1       12.498271
2009    18      2       13.359478
2009    18      3       12.230566
2009    18      4       12.947131
2009    18      5       11.513139
2009    18      6       5.727426
2009    18      7       1.395018
2009    19      0       5.630002
2009    19      1       9.249006
2009    19      2       9.471873
2009    19      3       9.72041
2009    19      4       7.880408
2009    19      5       5.497253
2009    19      6       4.952613
2009    19      7       4.239669
2009    20      0       2.680376
2009    20      1       0.402362
2009    20      2       1.754233
2009    20      3       3.757078
2009    20      4       3.506419
2009    20      5       2.946019
2009    20      6       3.192943
2009    20      7       2.819807
2009    21      0       2.266885
2009    21      1       1.658864
2009    21      2       1.839536
2009    21      3       3.873762
2009    21      4       4.120637
2009    21      5       2.56543
2009    21      6       0.516208
2009    21      7       1.347135
2009    22      0       2.954649
2009    22      1       3.637098
2009    22      2       4.304303
2009    22      3       5.421815
2009    22      4       6.516549
2009    22      5       8.412992
2009    22      6       10.301456
2009    22      7       10.721432
2009    23      0       9.218841
2009    23      1       7.356574
2009    23      2       6.907359
2009    23      3       6.871972
2009    23      4       7.845449
2009    23      5       7.25791
2009    23      6       4.692713
2009    23      7       3.490338
2009    24      0       2.722592
2009    24      1       1.562851
2009    24      2       0.251854
2009    24      3       0.271157
2009    24      4       3.080345
2009    24      5       6.302871
2009    24      6       7.936074
2009    24      7       10.483386
2009    25      0       13.173519
2009    25      1       16.573628
2009    25      2       18.651652
2009    25      3       21.594103
2009    25      4       25.082471
2009    25      5       31.523809
2009    25      6       29.268762
2009    25      7       25.212511
2009    26      0       21.940374
2009    26      1       20.150294
2009    26      2       19.26858
2009    26      3       24.51339
2009    26      4       26.506886
2009    26      5       27.963164
2009    26      6       27.668298
2009    26      7       27.704988
2009    27      0       25.520316
2009    27      1       27.600119
2009    27      2       28.668928
2009    27      3       28.486406
2009    27      4       28.212518
2009    27      5       23.923796
2009    27      6       19.19798
2009    27      7       17.624865
2009    28      0       20.117656
2009    28      1       22.61072
2009    28      2       22.497358
2009    28      3       21.222312
2009    28      4       18.659125
2009    28      5       17.276039
2009    28      6       15.111636
2009    28      7       13.146864
2009    29      0       12.227377
2009    29      1       10.640984
2009    29      2       10.099647
2009    29      3       8.31926
2009    29      4       8.044592
2009    29      5       8.807874
2009    29      6       9.972243
2009    29      7       15.72781
2009    30      0       21.130439
2009    30      1       25.262445
2009    30      2       27.012328
2009    30      3       34.446354
2009    30      4       38.990648
2009    30      5       31.738507
2009    30      6       34.031071
2009    30      7       31.526267
2009    31      0       26.526275
2009    31      1       19.565392
2009    31      2       19.956453
2009    31      3       18.712287
2009    31      4       17.16467
2009    31      5       17.95717
2009    31      6       18.00726
2009    31      7       19.703995
