####################################################################################################
# Month: 04Apr                                                                                     #
# Station: BRZ                                                                                     #
# Frequency: 230 GHz                                                                               #
# Columns are: year    day     tau     Tb (K)                                                      #
####################################################################################################
2009    1       1.45541261      210.1119
2009    2       1.09712131      180.8229875
2009    3       0.81538849      154.3990625
2009    4       0.92855025      165.8849625
2009    5       0.77268185      148.2914875
2009    6       0.72932426      143.3130375
2009    7       1.16615656      188.3636375
2009    8       1.4818685       211.8750875
2009    9       1.04965561      176.346825
2009    10      0.78678642      149.9044
2009    11      0.6779516       135.341735
2009    12      0.9184724       168.2432875
2009    13      0.54462199      116.5789325
2009    14      0.69019964      138.714075
2009    15      1.1354355       183.9948
2009    16      0.76016671      146.7089125
2009    17      0.3796112       88.73988
2009    18      0.09886892      30.08218875
2009    19      0.05465157      19.04076625
2009    20      0.06308084      21.2581775
2009    21      0.09460313      29.12223875
2009    22      0.35061647      81.40580625
2009    23      0.39187749      89.84187375
2009    24      0.51957331      110.78340625
2009    25      0.67263554      135.596645
2009    26      0.49167169      108.7127475
2009    27      0.1795886       48.2544725
2009    28      0.12722282      37.1826775
2009    29      0.14150607      40.24335125
2009    30      0.23653014      61.39192375
2010    1       1.25038662      195.881525
2010    2       1.29055918      197.0401875
2010    3       1.09945269      182.899475
2010    4       1.40503812      206.480425
2010    5       1.377882        205.3697125
2010    6       1.34725775      204.8994
2010    7       0.55895439      97.1410925
2010    8       0.07955642      25.4115775
2010    9       0.10185236      30.9173575
2010    10      0.17881771      48.73687
2010    11      0.23018187      59.795345
2010    12      0.30304098      74.4470325
2010    13      0.2859101       71.61910125
2010    14      0.3696587       88.06220875
2010    15      0.24882183      63.771535
2010    16      0.33966698      79.8396875
2010    17      0.27677695      69.90247125
2010    18      0.52083891      113.36085875
2010    19      0.39364099      91.62847875
2010    20      0.09724604      29.46904625
2010    21      0.11882687      34.83742875
2010    22      0.15917392      44.7416675
2010    23      0.14388224      41.4397075
2010    24      0.27466481      70.415905
2010    25      0.24470032      63.57786875
2010    26      0.31611922      77.66186
2010    27      0.33376364      82.49160125
2010    28      0.50208912      108.97000875
2010    29      0.87213582      160.3366125
2010    30      0.84758298      157.1674375
2011    1       0.92511535      161.6252875
2011    2       0.52684355      114.57477625
2011    3       1.05952261      177.7822375
2011    4       1.4416005       208.1126125
2011    5       1.36105038      203.455625
2011    6       1.1157855       183.2675375
2011    7       0.31247291      76.59489
2011    8       0.47913832      105.5526275
2011    9       0.59267104      122.312965
2011    10      0.66489881      133.4433625
2011    11      0.69269554      137.0120875
2011    12      0.72808292      142.8845375
2011    13      0.35953874      82.3129375
2011    14      0.22076489      56.6880125
2011    15      0.15026979      41.72050125
2011    16      0.19955266      52.6164625
2011    17      0.24553652      63.0091625
2011    18      0.40485356      93.49767625
2011    19      0.53437961      107.0427625
2011    20      0.47491855      101.889045
2011    21      0.49238956      109.2160575
2011    22      0.48793111      108.90258
2011    23      0.47232806      106.70759625
2011    24      0.3220358       78.17640625
2011    25      0.49088574      109.31723125
2011    26      0.66957168      131.6626125
2011    27      0.77817986      147.920925
2011    28      0.7865215       149.342875
2011    29      0.53790044      113.4567825
2011    30      0.46978188      105.9050025
2012    1       0.83291226      153.84775
2012    2       0.87850346      160.3866125
2012    3       0.58397336      122.7952375
2012    4       0.7198513       141.754125
2012    5       0.47619671      105.818505
2012    6       0.60622431      121.37376375
2012    7       0.89752664      163.069325
2012    8       0.63408716      130.0861875
2012    9       0.77182538      147.3726625
2012    10      0.7702386       147.489975
2012    11      0.81597884      152.9049375
2012    12      0.83938296      156.5942625
2012    13      0.62589802      129.9898
2012    14      0.46322261      104.48928875
2012    15      0.41572768      96.72055375
2012    16      1.01226479      171.7301875
2012    17      0.90258006      162.37070625
2012    18      0.1199669       35.03180125
2012    19      0.08177246      26.03601875
2012    20      0.07363137      23.589035
2012    21      0.47200426      100.38427875
2012    22      0.97968906      170.3256625
2012    23      1.5082325       214.4554625
2012    24      0.5774733       116.6015675
2012    25      0.27685011      67.1256825
2012    26      0.84697124      156.8379125
2012    27      0.990266        173.5784625
2012    28      0.9203864       167.557975
2012    29      0.67271352      137.1769
2012    30      0.70137812      139.6421375
2013    1       0.75201511      144.7945
2013    2       0.77350301      144.776775
2013    3       1.2773242       194.945325
2013    4       1.14276325      186.82875
2013    5       0.99471452      173.4485875
2013    6       0.8130049       150.3221
2013    7       1.20647842      191.1086125
2013    8       1.0855523       179.5832125
2013    9       1.6731565       222.66645
2013    10      1.471238        210.3681875
2013    11      1.19677625      192.003125
2013    12      1.03257228      178.6779625
2013    13      1.23697164      192.57345
2013    14      1.14697228      187.28455
2013    15      1.12748739      180.98455
2013    16      0.39405098      90.612805
2013    17      0.1566739       42.8482725
2013    18      0.09933298      30.46837375
2013    19      0.09447361      29.208335
2013    20      0.12299042      36.27992375
2013    21      0.10705177      32.3828225
2013    22      0.07301172      23.75695125
2013    23      0.09008303      27.54402125
2013    24      0.11348318      32.45045625
2013    25      0.08683064      26.45015375
2013    26      0.07230393      23.15257875
2013    27      0.07065844      22.87238125
2013    28      0.17534085      47.41245625
2013    29      0.13435202      38.03959
2013    30      0.32761768      79.02545375
2014    1       1.21353025      192.5145375
2014    2       1.06461442      180.30295
2014    3       1.08340641      181.80955
2014    4       1.0212733       176.606775
2014    5       0.38387862      84.95056625
2014    6       0.1479004       41.97324125
2014    7       0.19941095      52.9298025
2014    8       0.29564048      71.92655375
2014    9       0.45403595      103.4765875
2014    10      0.91806751      164.7339875
2014    11      0.73015786      143.583425
2014    12      0.44905148      102.90081875
2014    13      0.35457684      86.20943
2014    14      0.52804045      116.5017
2014    15      1.1394155       188.7335875
2014    16      0.69960998      139.969775
2014    17      1.11858826      187.5895625
2014    18      1.15905677      189.819725
2014    19      0.83201494      156.536625
2014    20      0.75847981      146.411725
2014    21      1.10345806      184.251475
2014    22      0.65669552      129.99697125
2014    23      0.78894596      149.8138625
2014    24      1.06817091      178.7788375
2014    25      0.77143493      145.494175
2014    26      0.26742518      67.65494625
2014    27      0.17422562      47.336795
2014    28      0.14715484      41.45749375
2014    29      0.04123296      15.253885
2014    30      0.06746904      21.99252875
2015    1       1.17187256      186.590925
2015    2       1.48591988      213.078575
2015    3       0.7101941       141.031275
2015    4       0.44174797      99.5522725
2015    5       0.92840164      165.1130625
2015    6       1.03856249      175.27605
2015    7       0.88215511      162.6117625
2015    8       1.19210376      193.0147375
2015    9       0.58469674      123.31909875
2015    10      0.3151963       76.835485
2015    11      0.28489617      71.0903825
2015    12      0.34315695      81.3974425
2015    13      0.31906204      77.14572125
2015    14      0.3776179       84.6248775
2015    15      0.50225059      108.23945625
2015    16      0.72258066      142.3109375
2015    17      0.85109392      158.8621125
2015    18      0.74781086      143.70565625
2015    19      0.66593129      129.39154625
2015    20      1.19791925      193.2737625
2015    21      1.12376912      187.7148
2015    22      1.35297999      202.1678875
2015    23      1.09820137      184.6844875
2015    24      1.05556394      181.2832375
2015    25      1.00846556      174.0955125
2015    26      0.26079972      63.9852125
2015    27      0.31180814      72.12607375
2015    28      0.58257196      121.9205525
2015    29      0.5576695       115.2646425
2015    30      0.67573178      135.00105
2016    1       0.63154235      129.4851875
2016    2       0.72006292      142.371
2016    3       0.34043121      81.8849275
2016    4       0.31659049      75.53600125
2016    5       0.37119842      88.36741
2016    6       0.27230826      70.158605
2016    7       0.1908925       52.05306875
2016    8       0.21911234      57.85967875
2016    9       0.28233732      69.50036125
2016    10      0.25833379      65.3973575
2016    11      0.16226579      45.27679125
2016    12      0.20520732      52.81879125
2016    13      0.36735471      88.5637525
2016    14      0.19828144      53.84793
2016    15      0.20777769      54.79165625
2016    16      0.20237414      54.16519125
2016    17      0.32360166      78.40119875
2016    18      0.40857179      91.69248375
2016    19      0.47599276      106.7228175
2016    20      0.343768        82.64773625
2016    21      1.01419631      176.68535
2016    22      0.45963849      104.65209625
2016    23      0.33374605      81.8856675
2016    24      0.12138676      35.33060875
2016    25      0.19839112      53.47267625
2016    26      0.2085814       56.24688875
2016    27      0.46696351      100.0647525
2016    28      1.417682        208.2001625
2016    29      1.03153356      176.09815
2016    30      0.90126564      161.5237875
2017    1       0.32170651      77.54773375
2017    2       0.29447596      72.8055575
2017    3       0.27987361      70.2902675
2017    4       0.27121704      68.8124125
2017    5       0.22666358      59.24287
2017    6       0.29049102      72.53541125
2017    7       0.43614655      100.86021125
2017    8       0.49689254      110.7978675
2017    9       0.57804173      122.882025
2017    10      0.73132275      144.5898875
2017    11      0.48283752      106.27657625
2017    12      0.47496846      104.17808125
2017    13      0.90991478      161.706525
2017    14      0.80194364      153.1273375
2017    15      0.39224932      90.54616
2017    16      0.2104367       55.2484675
2017    17      0.46844721      104.2161925
2017    18      0.75121998      146.2914375
2017    19      0.48133342      108.03528
2017    20      0.21281781      56.10041875
2017    21      0.12657529      36.2858725
2017    22      0.62758848      123.40349
2017    23      0.94751556      169.1437375
2017    24      0.89807764      164.3971875
2017    25      0.6072474       128.7582
2017    26      0.52488406      116.2983625
2017    27      0.77603708      146.2476375
2017    28      1.43395262      210.6875375
2017    29      0.99035062      173.2705875
2017    30      0.67867725      137.3238125
2018    1       0.3092819       75.573145
2018    2       0.66031984      132.3396625
2018    3       1.07857348      183.7757375
2018    4       1.2532703       197.359225
2018    5       1.33601341      200.8404
2018    6       1.16294188      186.6190875
2018    7       1.13953457      186.7853
2018    8       0.9410892       167.36185
2018    9       0.56011061      116.41408125
2018    10      0.24145336      62.59314875
2018    11      0.35484086      82.4657
2018    12      0.92594524      160.42626375
2018    13      0.83862845      155.9562875
2018    14      0.76497288      145.332475
2018    15      0.94252732      165.7731125
2018    16      1.41508225      207.2589625
2018    17      0.68317241      135.0110375
2018    18      0.55053375      117.426775
2018    19      0.30801112      75.62282125
2018    20      0.25630136      66.28969125
2018    21      0.33212462      78.80343
2018    22      0.72699068      142.0021375
2018    23      0.61678559      128.010775
2018    24      0.72090741      141.194025
2018    25      0.54846606      116.67498125
2018    26      0.3469293       83.16125125
2018    27      0.42241226      91.22726875
2018    28      0.39708959      87.39547625
2018    29      0.10329991      30.57384
2018    30      0.07790711      24.803615
