####################################################################################################
# Month: 04Apr                                                                                     #
# Station: NOB                                                                                     #
# Columns are: year    day     RH (percent)                                                        #
####################################################################################################
9       1       0.88180275
9       2       0.472739
9       3       0.30266062
9       4       0.843659
9       5       0.65695325
9       6       0.4793725
9       7       0.46288438
9       8       0.37185275
9       9       0.40187962
9       10      0.29008262
9       11      0.40079925
9       12      0.56968537
9       13      0.69000138
9       14      0.89500275
9       15      0.59524862
9       16      0.83607875
9       17      0.49579762
9       18      0.27012575
9       19      0.58322338
9       20      0.6628335
9       21      0.85294138
9       22      0.81360012
9       23      0.797235
9       24      0.819462
9       25      0.98659275
9       26      0.87067988
9       27      0.63883238
9       28      0.49960788
9       29      0.53496262
9       30      0.44198662
