####################################################################################################
# Month: 04Apr                                                                                     #
# Station: NOB                                                                                     #
# Columns are: year    day     windspeed (m/s)                                                     #
####################################################################################################
2009    1       11.110686
2009    2       10.19009462
2009    3       4.938192
2009    4       10.51106612
2009    5       3.93051
2009    6       5.48882225
2009    7       2.47960338
2009    8       4.51605512
2009    9       2.98058475
2009    10      4.50954612
2009    11      2.48719975
2009    12      3.40387075
2009    13      6.10498038
2009    14      10.945348
2009    15      10.4953615
2009    16      6.9589325
2009    17      6.48534725
2009    18      7.823631
2009    19      2.99199988
2009    20      11.01970262
2009    21      14.04869688
2009    22      14.10157325
2009    23      6.41154
2009    24      7.61357162
2009    25      12.45419062
2009    26      18.90242438
2009    27      9.72808412
2009    28      5.46279788
2009    29      3.17261238
2009    30      4.07873387
