####################################################################################################
# Month: 10Oct                                                                                     #
# Station: KVNYS                                                                                   #
# Columns are: year    day     RH (percent)                                                        #
####################################################################################################
9       1       0.70408062
9       2       0.45117312
9       3       0.564332
9       4       0.47333162
9       5       0.67352788
9       6       0.51237763
9       7       0.700091
9       8       0.49705188
9       9       0.70054362
9       10      0.461462
9       11      0.62180475
9       12      0.582212
9       13      0.766355
9       14      0.46566812
9       15      0.56829788
9       16      0.71066662
9       17      0.66553625
9       18      0.60596262
9       19      0.68260938
9       20      0.62551112
9       21      0.33677512
9       22      0.49511912
9       23      0.8130765
