####################################################################################################
# Month: 06Jun                                                                                     #
# Station: DomeC                                                                                   #
# Columns are: year    day     windspeed (m/s)                                                     #
####################################################################################################
2009    1       13.86066838
2009    2       3.5717955
2009    3       7.96549713
2009    4       5.8882155
2009    5       9.14175912
2009    6       6.06658425
2009    7       3.63962388
2009    8       7.714934
2009    9       10.46787225
2009    10      5.58336575
2009    11      8.71556075
2009    12      13.06427588
2009    13      10.50039325
2009    14      11.58078412
2009    15      4.49116825
2009    16      6.16227975
2009    17      13.94136112
2009    18      19.772887
2009    19      20.97708062
2009    20      10.93327775
2009    21      6.889047
2009    22      10.8417175
2009    23      3.74948138
2009    24      7.61817988
2009    25      6.693926
2009    26      8.633958
2009    27      12.55864962
2009    28      13.10129325
2009    29      14.09559325
2009    30      14.3687385
