####################################################################################################
# Month: 06Jun                                                                                     #
# Station: DomeC                                                                                   #
# Columns are: year    day     segment         RH (percent)                                        #
####################################################################################################
9       1       0       0.947298
9       1       1       0.954938
9       1       2       0.975165
9       1       3       0.976917
9       1       4       0.966036
9       1       5       0.964812
9       1       6       0.948982
9       1       7       0.94201
9       2       0       0.965207
9       2       1       0.965216
9       2       2       0.967029
9       2       3       0.992097
9       2       4       0.951855
9       2       5       0.930371
9       2       6       0.867141
9       2       7       0.842688
9       3       0       0.990411
9       3       1       1.084868
9       3       2       1.107516
9       3       3       1.00427
9       3       4       0.985441
9       3       5       0.951142
9       3       6       0.917835
9       3       7       0.859746
9       4       0       0.807274
9       4       1       0.753709
9       4       2       0.695144
9       4       3       0.681835
9       4       4       0.676921
9       4       5       0.689402
9       4       6       0.758349
9       4       7       0.802492
9       5       0       0.852567
9       5       1       0.931297
9       5       2       0.929287
9       5       3       0.994904
9       5       4       0.99453
9       5       5       0.988792
9       5       6       0.982166
9       5       7       1.014875
9       6       0       0.980521
9       6       1       0.955119
9       6       2       0.909342
9       6       3       0.895372
9       6       4       0.916332
9       6       5       0.928208
9       6       6       0.981845
9       6       7       0.992593
9       7       0       0.960468
9       7       1       0.950822
9       7       2       0.955455
9       7       3       0.950314
9       7       4       0.915833
9       7       5       0.89782
9       7       6       0.961772
9       7       7       0.965809
9       8       0       0.933412
9       8       1       0.935976
9       8       2       0.982658
9       8       3       0.985245
9       8       4       0.987697
9       8       5       1.046523
9       8       6       1.003927
9       8       7       1.058619
9       9       0       0.429364
9       9       1       0.884259
9       9       2       0.931953
9       9       3       0.489515
9       9       4       0.398621
9       9       5       0.342555
9       9       6       0.361449
9       9       7       0.343216
9       10      0       0.300656
9       10      1       0.311771
9       10      2       0.580264
9       10      3       0.882439
9       10      4       0.942266
9       10      5       0.983873
9       10      6       0.949335
9       10      7       0.872767
9       11      0       0.763366
9       11      1       0.681968
9       11      2       0.571641
9       11      3       0.501548
9       11      4       0.523598
9       11      5       0.526527
9       11      6       0.709422
9       11      7       0.79028
9       12      0       0.667269
9       12      1       0.680153
9       12      2       0.724969
9       12      3       0.670034
9       12      4       0.398203
9       12      5       0.822293
9       12      6       0.838979
9       12      7       0.765363
9       13      0       0.688765
9       13      1       0.602795
9       13      2       0.509396
9       13      3       0.429828
9       13      4       0.418751
9       13      5       0.448236
9       13      6       0.604429
9       13      7       0.949243
9       14      0       0.973346
9       14      1       0.93664
9       14      2       0.939671
9       14      3       0.909139
9       14      4       0.924297
9       14      5       0.937706
9       14      6       0.943661
9       14      7       0.951741
9       15      0       0.971495
9       15      1       0.967758
9       15      2       0.984754
9       15      3       1.02554
9       15      4       1.019362
9       15      5       0.993831
9       15      6       1.047803
9       15      7       0.984966
9       16      0       0.957767
9       16      1       0.93561
9       16      2       0.923859
9       16      3       0.833879
9       16      4       0.871962
9       16      5       0.853448
9       16      6       0.826689
9       16      7       0.794621
9       17      0       0.81085
9       17      1       0.839617
9       17      2       0.823926
9       17      3       0.550056
9       17      4       0.290946
9       17      5       0.995355
9       17      6       0.986535
9       17      7       1.009785
9       18      0       1.031191
9       18      1       1.156506
9       18      2       0.918895
9       18      3       0.619401
9       18      4       0.638383
9       18      5       0.705729
9       18      6       0.966709
9       18      7       0.974449
9       19      0       0.965461
9       19      1       0.960554
9       19      2       0.94209
9       19      3       0.941197
9       19      4       0.976959
9       19      5       0.988641
9       19      6       0.945226
9       19      7       0.993864
9       20      0       1.121792
9       20      1       0.95885
9       20      2       0.956356
9       20      3       0.980625
9       20      4       0.973887
9       20      5       0.97624
9       20      6       0.965584
9       20      7       0.952662
9       21      0       0.996835
9       21      1       0.98621
9       21      2       0.982846
9       21      3       1.01662
9       21      4       0.838717
9       21      5       0.725598
9       21      6       0.765423
9       21      7       0.758174
9       22      0       0.724302
9       22      1       0.730183
9       22      2       0.738181
9       22      3       0.737662
9       22      4       0.95538
9       22      5       0.596971
9       22      6       1.005242
9       22      7       0.603996
9       23      0       1.006013
9       23      1       1.009895
9       23      2       1.011369
9       23      3       1.008105
9       23      4       0.946361
9       23      5       0.968585
9       23      6       0.942421
9       23      7       0.91525
9       24      0       0.946744
9       24      1       0.961872
9       24      2       0.988509
9       24      3       0.991632
9       24      4       0.982898
9       24      5       0.972795
9       24      6       0.938925
9       24      7       0.921247
9       25      0       0.891247
9       25      1       0.821133
9       25      2       0.826822
9       25      3       0.866428
9       25      4       0.878375
9       25      5       0.786274
9       25      6       0.717899
9       25      7       0.696542
9       26      0       0.728701
9       26      1       0.748812
9       26      2       0.725949
9       26      3       0.73915
9       26      4       0.649314
9       26      5       0.699554
9       26      6       0.799229
9       26      7       0.798254
9       27      0       0.742907
9       27      1       0.644404
9       27      2       0.449964
9       27      3       0.496956
9       27      4       0.819417
9       27      5       0.945395
9       27      6       0.985873
9       27      7       1.001997
9       28      0       1.024218
9       28      1       1.014296
9       28      2       1.012084
9       28      3       1.02637
9       28      4       1.004252
9       28      5       1.004023
9       28      6       1.002172
9       28      7       0.996979
9       29      0       1.000735
9       29      1       1.010114
9       29      2       1.0148
9       29      3       1.010121
9       29      4       1.002532
9       29      5       1.004536
9       29      6       0.956229
9       29      7       0.958409
9       30      0       0.970173
9       30      1       0.964821
9       30      2       0.972122
9       30      3       0.977909
9       30      4       0.959592
9       30      5       0.942533
9       30      6       0.892726
9       30      7       0.944575
