####################################################################################################
# Month: 10Oct                                                                                     #
# Station: KEN                                                                                     #
# Columns are: year    day     segment         RH (percent)                                        #
####################################################################################################
9       1       0       0.84238
9       1       1       0.906138
9       1       2       0.862876
9       1       3       1.055958
9       1       4       0.947196
9       1       5       1.005159
9       1       6       0.998095
9       1       7       0.970964
9       2       0       0.8762
9       2       1       0.907553
9       2       2       1.000628
9       2       3       1.036836
9       2       4       0.998397
9       2       5       0.999543
9       2       6       0.993522
9       2       7       0.993903
9       3       0       0.935197
9       3       1       0.965273
9       3       2       0.854658
9       3       3       1.016227
9       3       4       1.026186
9       3       5       1.014478
9       3       6       0.997203
9       3       7       0.960608
9       4       0       0.881617
9       4       1       0.865189
9       4       2       0.863064
9       4       3       0.952004
9       4       4       0.986348
9       4       5       0.989826
9       4       6       0.97918
9       4       7       0.870618
9       5       0       0.889099
9       5       1       0.927285
9       5       2       0.903668
9       5       3       1.051927
9       5       4       0.958275
9       5       5       1.00319
9       5       6       0.962906
9       5       7       0.778273
9       6       0       0.753144
9       6       1       0.763354
9       6       2       0.847589
9       6       3       1.034288
9       6       4       0.968555
9       6       5       0.991618
9       6       6       0.976717
9       6       7       0.944735
9       7       0       0.878013
9       7       1       0.920569
9       7       2       0.930755
9       7       3       1.004425
9       7       4       1.003591
9       7       5       0.997586
9       7       6       0.990973
9       7       7       0.957798
9       8       0       0.95271
9       8       1       0.788395
9       8       2       0.786615
9       8       3       1.01189
9       8       4       1.045893
9       8       5       1.023667
9       8       6       0.949701
9       8       7       0.723398
9       9       0       0.672942
9       9       1       0.696317
9       9       2       0.709477
9       9       3       0.908917
9       9       4       1.021375
9       9       5       1.005655
9       9       6       0.975739
9       9       7       0.834123
9       10      0       0.773598
9       10      1       0.839738
9       10      2       0.856127
9       10      3       0.846155
9       10      4       0.861747
9       10      5       0.918477
9       10      6       0.90786
9       10      7       0.848758
9       11      0       0.914053
9       11      1       0.773562
9       11      2       0.713992
9       11      3       0.688184
9       11      4       0.719707
9       11      5       0.766968
9       11      6       0.711424
9       11      7       0.693825
9       12      0       0.705116
9       12      1       0.669885
9       12      2       0.612703
9       12      3       0.652009
9       12      4       0.650184
9       12      5       0.688368
9       12      6       0.710269
9       12      7       0.692065
9       13      0       0.868278
9       13      1       0.6267
9       13      2       0.577744
9       13      3       0.790911
9       13      4       0.792711
9       13      5       0.846052
9       13      6       0.814069
9       13      7       0.759391
9       14      0       0.766842
9       14      1       0.714888
9       14      2       0.623195
9       14      3       0.840845
9       14      4       0.917822
9       14      5       1.02654
9       14      6       0.978063
9       14      7       0.959169
9       15      0       0.910441
9       15      1       0.869214
9       15      2       0.8211
9       15      3       0.924226
9       15      4       0.983937
9       15      5       0.986796
9       15      6       0.91129
9       15      7       0.860598
9       16      0       0.98295
9       16      1       0.921865
9       16      2       0.894949
9       16      3       0.945261
9       16      4       0.990482
9       16      5       0.98717
9       16      6       0.982842
9       16      7       0.930574
9       17      0       0.880605
9       17      1       0.859401
9       17      2       0.715315
9       17      3       0.83778
9       17      4       0.919762
9       17      5       0.934298
9       17      6       0.778303
9       17      7       0.714833
9       18      0       0.71137
9       18      1       0.762443
9       18      2       0.767908
9       18      3       0.795071
9       18      4       0.828448
9       18      5       0.759821
9       18      6       0.711941
9       18      7       0.679309
9       19      0       0.633065
9       19      1       0.528979
9       19      2       0.382688
9       19      3       0.514978
9       19      4       0.748498
9       19      5       0.786194
9       19      6       0.723057
9       19      7       0.720981
9       20      0       0.790743
9       20      1       0.77549
9       20      2       0.672526
9       20      3       0.723549
9       20      4       0.772583
9       20      5       0.753476
9       20      6       0.721422
9       20      7       0.719866
9       21      0       0.76384
9       21      1       0.784636
9       21      2       0.77727
9       21      3       0.858559
9       21      4       0.908658
9       21      5       0.854964
9       21      6       0.710926
9       21      7       0.70819
9       22      0       0.714009
9       22      1       0.74689
9       22      2       0.819154
9       22      3       0.848915
9       22      4       1.063791
9       22      5       0.891625
9       22      6       0.78602
9       22      7       0.701668
9       23      0       0.72589
9       23      1       0.738756
9       23      2       0.712
9       23      3       0.77764
9       23      4       0.875704
9       23      5       0.752711
9       23      6       0.62165
9       23      7       0.654018
