####################################################################################################
# Month: 04Apr                                                                                     #
# Station: SMT                                                                                     #
# Columns are: year    day     RH (percent)                                                        #
####################################################################################################
9       1       0.31641625
9       2       0.43464875
9       3       0.30711075
9       4       0.28842113
9       5       0.03887512
9       6       0.13994312
9       7       0.263385
9       8       0.38756762
9       9       0.13415788
9       10      0.20599112
9       11      0.68014688
9       12      0.6419945
9       13      0.16722138
9       14      0.29850488
9       15      0.47063475
9       16      0.31081938
9       17      0.527529
9       18      0.313072
9       19      0.38472662
9       20      0.29117987
9       21      0.21210225
9       22      0.23077425
9       23      0.308544
9       24      0.26614288
9       25      0.47233588
9       26      0.22897675
9       27      0.17730413
9       28      0.12679713
9       29      0.29957013
9       30      0.08757412
