####################################################################################################
# Month: 10Oct                                                                                     #
# Station: IRAM                                                                                    #
# Columns are: year    day     RH (percent)                                                        #
####################################################################################################
9       1       0.707922
9       2       0.71369612
9       3       0.37153112
9       4       0.35712038
9       5       0.49928925
9       6       0.6450905
9       7       0.75621775
9       8       0.590627
9       9       0.07200212
9       10      0.30939775
9       11      0.51197362
9       12      0.21217025
9       13      0.21677838
9       14      0.1526455
9       15      0.14185263
9       16      0.11907862
9       17      0.11006438
9       18      0.11896512
9       19      0.10856188
9       20      0.3527275
9       21      0.587778
9       22      0.45541812
9       23      0.46304688
