####################################################################################################
# Month: 10Oct                                                                                     #
# Station: SPT                                                                                     #
# Columns are: year    day     RH (percent)                                                        #
####################################################################################################
9       1       0.99761925
9       2       0.84830975
9       3       0.9490745
9       4       0.925921
9       5       0.93494862
9       6       0.97396462
9       7       0.94500175
9       8       0.949396
9       9       0.95743075
9       10      0.95802612
9       11      0.647019
9       12      0.41194838
9       13      0.56300512
9       14      0.955573
9       15      0.977452
9       16      0.94742488
9       17      0.84723688
9       18      0.98959938
9       19      1.00012562
9       20      0.94209588
9       21      0.7478245
9       22      0.94795663
9       23      0.95503412
