####################################################################################################
# Month: 04Apr                                                                                     #
# Station: PIKE                                                                                    #
# Columns are: year    day     RH (percent)                                                        #
####################################################################################################
9       1       0.7144515
9       2       0.59763087
9       3       0.50939738
9       4       0.80236575
9       5       0.81025325
9       6       0.1860015
9       7       0.09276762
9       8       0.20447588
9       9       0.51875675
9       10      0.62561388
9       11      0.77524188
9       12      0.73676588
9       13      0.55356038
9       14      0.69288625
9       15      0.67400575
9       16      0.66283975
9       17      0.77723075
9       18      0.90778712
9       19      0.48713575
9       20      0.553136
9       21      0.57824725
9       22      0.587829
9       23      0.63304662
9       24      0.49958775
9       25      0.6080585
9       26      0.53946937
9       27      0.68033275
9       28      0.4848235
9       29      0.32886638
9       30      0.307656
