####################################################################################################
# Month: 02Feb                                                                                     #
# Station: NOEMA                                                                                   #
# Columns are: year    day     RH (percent)                                                        #
####################################################################################################
9       1       0.88185112
9       2       0.924113
9       3       0.94283175
9       4       0.7168995
9       5       0.78502625
9       6       0.99264338
9       7       0.84121588
9       8       0.54142625
9       9       0.662834
9       10      0.77379163
9       11      0.5048775
9       12      0.42916788
9       13      0.313959
9       14      0.25082238
9       15      0.12367387
9       16      0.592798
9       17      0.55930688
9       18      0.34781588
9       19      0.27056275
9       20      0.19859275
9       21      0.3453305
9       22      0.58093588
9       23      0.33785038
9       24      0.22160238
9       25      0.1651135
9       26      0.30304975
9       27      0.46304625
9       28      0.41730325
