####################################################################################################
# Month: 01Jan                                                                                     #
# Station: SAL                                                                                     #
# Columns are: year    day     segment         RH (percent)                                        #
####################################################################################################
9       1       0       0.416348
9       1       1       0.334384
9       1       2       0.410111
9       1       3       0.568738
9       1       4       0.475575
9       1       5       0.40703
9       1       6       0.46898
9       1       7       0.406192
9       2       0       0.413826
9       2       1       0.401326
9       2       2       0.373835
9       2       3       0.312955
9       2       4       0.252756
9       2       5       0.29967
9       2       6       0.485179
9       2       7       0.472662
9       3       0       0.470215
9       3       1       0.425914
9       3       2       0.573099
9       3       3       0.402171
9       3       4       0.337386
9       3       5       0.365352
9       3       6       0.459244
9       3       7       0.652064
9       4       0       0.625294
9       4       1       0.534023
9       4       2       0.550053
9       4       3       0.41458
9       4       4       0.269408
9       4       5       0.219164
9       4       6       0.248946
9       4       7       0.463252
9       5       0       0.446582
9       5       1       0.407279
9       5       2       0.48606
9       5       3       0.35135
9       5       4       0.234391
9       5       5       0.223361
9       5       6       0.265724
9       5       7       0.265354
9       6       0       0.294708
9       6       1       0.248049
9       6       2       0.3077
9       6       3       0.235655
9       6       4       0.475206
9       6       5       0.153541
9       6       6       0.196795
9       6       7       0.301617
9       7       0       0.303038
9       7       1       0.218262
9       7       2       0.203674
9       7       3       0.237703
9       7       4       0.191471
9       7       5       0.224506
9       7       6       0.261761
9       7       7       0.245063
9       8       0       0.17615
9       8       1       0.123862
9       8       2       0.111154
9       8       3       0.192103
9       8       4       0.173613
9       8       5       0.177327
9       8       6       0.261068
9       8       7       0.255501
9       9       0       0.233265
9       9       1       0.141149
9       9       2       0.153363
9       9       3       0.331741
9       9       4       0.369179
9       9       5       0.439855
9       9       6       0.50847
9       9       7       0.417773
9       10      0       0.489492
9       10      1       0.505629
9       10      2       0.542626
9       10      3       0.60302
9       10      4       0.335003
9       10      5       0.260318
9       10      6       0.35698
9       10      7       0.43428
9       11      0       0.373963
9       11      1       0.325414
9       11      2       0.324292
9       11      3       0.496538
9       11      4       0.484339
9       11      5       0.467497
9       11      6       0.412248
9       11      7       0.480074
9       12      0       0.513892
9       12      1       0.541996
9       12      2       0.539972
9       12      3       0.507907
9       12      4       0.351421
9       12      5       0.285566
9       12      6       0.307468
9       12      7       0.403713
9       13      0       0.37224
9       13      1       0.362691
9       13      2       0.417322
9       13      3       0.381948
9       13      4       0.311639
9       13      5       0.366495
9       13      6       0.458771
9       13      7       0.307014
9       14      0       0.17801
9       14      1       0.120487
9       14      2       0.117973
9       14      3       0.441265
9       14      4       0.279259
9       14      5       0.253686
9       14      6       0.377712
9       14      7       0.257665
9       15      0       0.207583
9       15      1       0.173913
9       15      2       0.164941
9       15      3       0.260435
9       15      4       0.186841
9       15      5       0.161586
9       15      6       0.160549
9       15      7       0.153228
9       16      0       0.125944
9       16      1       0.111564
9       16      2       0.109758
9       16      3       0.148614
9       16      4       0.125393
9       16      5       0.149893
9       16      6       0.291028
9       16      7       0.375758
9       17      0       0.320759
9       17      1       0.317316
9       17      2       0.218097
9       17      3       0.299479
9       17      4       0.223052
9       17      5       0.233869
9       17      6       0.38384
9       17      7       0.364394
9       18      0       0.301923
9       18      1       0.279903
9       18      2       0.248732
9       18      3       0.286318
9       18      4       0.176272
9       18      5       0.119985
9       18      6       0.247813
9       18      7       0.257349
9       19      0       0.21896
9       19      1       0.156419
9       19      2       0.11024
9       19      3       0.230268
9       19      4       0.20897
9       19      5       0.164007
9       19      6       0.231972
9       19      7       0.219443
9       20      0       0.155424
9       20      1       0.16069
9       20      2       0.182093
9       20      3       0.223868
9       20      4       0.177932
9       20      5       0.175819
9       20      6       0.180171
9       20      7       0.259161
9       21      0       0.324596
9       21      1       0.22525
9       21      2       0.165223
9       21      3       0.193617
9       21      4       0.24268
9       21      5       0.330374
9       21      6       0.233269
9       21      7       0.033427
9       22      0       0.133701
9       22      1       0.26726
9       22      2       0.462052
9       22      3       0.714923
9       22      4       0.59063
9       22      5       0.590935
9       22      6       0.768183
9       22      7       0.835975
9       23      0       0.661766
9       23      1       0.645124
9       23      2       0.641422
9       23      3       0.432937
9       23      4       0.2679
9       23      5       0.196113
9       23      6       0.221664
9       23      7       0.400279
9       24      0       0.392329
9       24      1       0.341519
9       24      2       0.369148
9       24      3       0.305141
9       24      4       0.217788
9       24      5       0.206719
9       24      6       0.276202
9       24      7       0.399339
9       25      0       1.155279
9       25      1       0.435556
9       25      2       0.439987
9       25      3       0.36431
9       25      4       0.264188
9       25      5       0.23661
9       25      6       0.276483
9       25      7       0.350683
9       26      0       0.307095
9       26      1       0.258479
9       26      2       0.353502
9       26      3       0.523705
9       26      4       0.479058
9       26      5       0.456965
9       26      6       0.364146
9       26      7       0.312424
9       27      0       0.301354
9       27      1       0.167914
9       27      2       0.137708
9       27      3       0.174129
9       27      4       0.132015
9       27      5       0.138206
9       27      6       0.404806
9       27      7       0.32195
9       28      0       0.227152
9       28      1       0.263814
9       28      2       0.443984
9       28      3       0.455321
9       28      4       0.276095
9       28      5       0.220045
9       28      6       0.253195
9       28      7       0.327538
9       29      0       0.350965
9       29      1       0.332063
9       29      2       0.288285
9       29      3       0.359419
9       29      4       0.224689
9       29      5       0.195689
9       29      6       0.211442
9       29      7       0.215443
9       30      0       0.191321
9       30      1       0.195989
9       30      2       0.216284
9       30      3       0.327179
9       30      4       0.237044
9       30      5       0.238414
9       30      6       0.359727
9       30      7       0.418069
9       31      0       0.364804
9       31      1       0.344596
9       31      2       0.297365
9       31      3       0.31709
9       31      4       0.187938
9       31      5       0.136334
9       31      6       0.170898
9       31      7       0.28638
