####################################################################################################
# Month: 06Jun                                                                                     #
# Station: HES                                                                                     #
# Columns are: year    day     windspeed (m/s)                                                     #
####################################################################################################
2009    1       5.36388113
2009    2       5.4609985
2009    3       5.69148788
2009    4       4.2455415
2009    5       5.62610737
2009    6       8.65804088
2009    7       6.846092
2009    8       10.284083
2009    9       9.80986
2009    10      4.94946688
2009    11      8.14067963
2009    12      14.2076805
2009    13      16.1994065
2009    14      12.34483612
2009    15      14.79762488
2009    16      10.63420838
2009    17      9.46029175
2009    18      9.01450125
2009    19      13.21887075
2009    20      13.73303962
2009    21      14.092595
2009    22      13.27977688
2009    23      6.10716125
2009    24      2.55855513
2009    25      4.67109325
2009    26      5.38125988
2009    27      4.65801925
2009    28      4.4467225
2009    29      4.50981638
2009    30      5.22379312
