####################################################################################################
# Month: 06Jun                                                                                     #
# Station: HES                                                                                     #
# Columns are: year    day     segment         RH (percent)                                        #
####################################################################################################
9       1       0       0.359975
9       1       1       0.359295
9       1       2       0.381238
9       1       3       0.414287
9       1       4       0.336785
9       1       5       0.301709
9       1       6       1.103581
9       1       7       0.311013
9       2       0       0.262492
9       2       1       0.240674
9       2       2       0.251133
9       2       3       0.265638
9       2       4       0.238032
9       2       5       0.236085
9       2       6       0.263416
9       2       7       0.285656
9       3       0       0.286462
9       3       1       0.296912
9       3       2       0.319791
9       3       3       0.322314
9       3       4       0.264887
9       3       5       0.236635
9       3       6       0.248401
9       3       7       0.252415
9       4       0       0.273357
9       4       1       0.290727
9       4       2       0.30217
9       4       3       0.305591
9       4       4       0.241615
9       4       5       0.216901
9       4       6       0.228494
9       4       7       0.237964
9       5       0       0.255665
9       5       1       0.272375
9       5       2       0.299335
9       5       3       0.321523
9       5       4       0.275206
9       5       5       0.272056
9       5       6       0.314314
9       5       7       0.29712
9       6       0       0.267879
9       6       1       0.263324
9       6       2       0.287625
9       6       3       0.328411
9       6       4       0.289555
9       6       5       0.272938
9       6       6       0.296291
9       6       7       0.292934
9       7       0       0.308079
9       7       1       0.322487
9       7       2       0.335063
9       7       3       0.340839
9       7       4       0.274996
9       7       5       0.256049
9       7       6       0.264308
9       7       7       0.326164
9       8       0       0.410666
9       8       1       0.502166
9       8       2       0.554275
9       8       3       0.619371
9       8       4       0.538132
9       8       5       0.463818
9       8       6       0.553681
9       8       7       0.649265
9       9       0       0.690189
9       9       1       0.685531
9       9       2       0.633246
9       9       3       0.727117
9       9       4       0.669785
9       9       5       0.582634
9       9       6       0.642938
9       9       7       0.673062
9       10      0       0.677059
9       10      1       0.645761
9       10      2       0.609823
9       10      3       0.651277
9       10      4       1.233572
9       10      5       0.429022
9       10      6       0.456592
9       10      7       0.47362
9       11      0       0.428636
9       11      1       0.385273
9       11      2       0.35369
9       11      3       0.29269
9       11      4       0.215411
9       11      5       0.19856
9       11      6       0.222774
9       11      7       0.244121
9       12      0       0.25357
9       12      1       0.275556
9       12      2       0.304761
9       12      3       0.334561
9       12      4       0.350605
9       12      5       0.355909
9       12      6       0.406589
9       12      7       0.431057
9       13      0       0.491557
9       13      1       0.484
9       13      2       0.474817
9       13      3       0.417902
9       13      4       0.384794
9       13      5       0.347933
9       13      6       0.332609
9       13      7       0.349215
9       14      0       0.36955
9       14      1       0.378576
9       14      2       0.37839
9       14      3       0.410906
9       14      4       0.349106
9       14      5       0.327069
9       14      6       0.383246
9       14      7       0.42723
9       15      0       0.437833
9       15      1       0.436038
9       15      2       0.427476
9       15      3       0.515132
9       15      4       0.495943
9       15      5       0.50507
9       15      6       0.534791
9       15      7       0.521745
9       16      0       0.423006
9       16      1       0.226999
9       16      2       0.132423
9       16      3       0.165499
9       16      4       0.149688
9       16      5       0.132016
9       16      6       0.116978
9       16      7       0.102562
9       17      0       0.133731
9       17      1       0.163109
9       17      2       0.192865
9       17      3       0.24362
9       17      4       0.24568
9       17      5       0.226348
9       17      6       0.26913
9       17      7       0.298819
9       18      0       0.299601
9       18      1       0.298139
9       18      2       0.299581
9       18      3       0.383762
9       18      4       0.405796
9       18      5       0.402143
9       18      6       0.438809
9       18      7       0.456397
9       19      0       0.486826
9       19      1       0.520549
9       19      2       0.523897
9       19      3       0.508719
9       19      4       0.456045
9       19      5       0.438281
9       19      6       0.476703
9       19      7       0.477534
9       20      0       0.445978
9       20      1       0.429054
9       20      2       0.448262
9       20      3       0.448859
9       20      4       0.399342
9       20      5       0.36983
9       20      6       0.374827
9       20      7       0.390082
9       21      0       0.387152
9       21      1       0.388635
9       21      2       0.392268
9       21      3       0.398348
9       21      4       0.38638
9       21      5       0.378827
9       21      6       0.303089
9       21      7       0.259933
9       22      0       0.328678
9       22      1       0.366964
9       22      2       0.410573
9       22      3       0.565738
9       22      4       0.658816
9       22      5       0.836937
9       22      6       0.88498
9       22      7       0.621776
9       23      0       0.308695
9       23      1       0.103963
9       23      2       0.120982
9       23      3       0.195357
9       23      4       0.231014
9       23      5       0.299611
9       23      6       0.281373
9       23      7       0.143709
9       24      0       0.115017
9       24      1       0.095507
9       24      2       0.08528
9       24      3       0.116852
9       24      4       0.097188
9       24      5       0.082041
9       24      6       0.08265
9       24      7       0.081772
9       25      0       0.075059
9       25      1       0.068496
9       25      2       0.069345
9       25      3       0.066382
9       25      4       0.057389
9       25      5       0.055003
9       25      6       0.06015
9       25      7       0.079415
9       26      0       0.088147
9       26      1       0.102193
9       26      2       0.103084
9       26      3       0.100108
9       26      4       0.131694
9       26      5       0.131189
9       26      6       0.144597
9       26      7       0.131597
9       27      0       0.120509
9       27      1       0.091577
9       27      2       0.045494
9       27      3       0.041257
9       27      4       0.091546
9       27      5       0.091938
9       27      6       0.107619
9       27      7       0.119767
9       28      0       0.11706
9       28      1       0.115068
9       28      2       0.120559
9       28      3       0.132535
9       28      4       0.101044
9       28      5       0.087056
9       28      6       0.099952
9       28      7       0.111279
9       29      0       0.117424
9       29      1       0.127469
9       29      2       0.14
9       29      3       0.16465
9       29      4       0.153483
9       29      5       0.152298
9       29      6       0.173316
9       29      7       0.19642
9       30      0       0.211597
9       30      1       0.229209
9       30      2       0.245167
9       30      3       0.265239
9       30      4       0.219457
9       30      5       0.200253
9       30      6       0.230017
9       30      7       0.288769
