####################################################################################################
# Month: 03Mar                                                                                     #
# Station: APEX                                                                                    #
# Columns are: year    day     windspeed (m/s)                                                     #
####################################################################################################
2009    1       11.1289
2009    2       7.19768762
2009    3       3.96063362
2009    4       1.88534725
2009    5       2.72590962
2009    6       2.24581312
2009    7       3.6013985
2009    8       3.85301738
2009    9       4.12161812
2009    10      9.719269
2009    11      6.58643412
2009    12      1.79794625
2009    13      2.51048637
2009    14      9.40616712
2009    15      6.12362563
2009    16      5.16807937
2009    17      5.52693788
2009    18      7.40085975
2009    19      5.42483612
2009    20      3.71652288
2009    21      2.82930863
2009    22      3.53812675
2009    23      5.11542362
2009    24      6.92520288
2009    25      9.94981725
2009    26      10.66851812
2009    27      10.987014
2009    28      5.3037255
2009    29      4.62752512
2009    30      1.53279488
2009    31      2.24464812
