####################################################################################################
# Month: 09Sep                                                                                     #
# Station: IRAM                                                                                    #
# Columns are: year    day     windspeed (m/s)                                                     #
####################################################################################################
2009    1       11.94448262
2009    2       11.0335025
2009    3       4.85993688
2009    4       3.84525725
2009    5       5.83468212
2009    6       6.85460462
2009    7       2.2274085
2009    8       4.2462755
2009    9       4.63160275
2009    10      6.38375425
2009    11      7.2812565
2009    12      7.11042112
2009    13      6.25425762
2009    14      4.9406215
2009    15      4.43346812
2009    16      10.77438
2009    17      14.53905512
2009    18      13.98006525
2009    19      9.51326375
2009    20      7.12256125
2009    21      5.3431705
2009    22      8.2054465
2009    23      7.76765888
2009    24      2.74797225
2009    25      1.60630762
2009    26      4.63838637
2009    27      8.21683575
2009    28      7.207075
2009    29      4.26183825
2009    30      6.020909
