####################################################################################################
# Month: 06Jun                                                                                     #
# Station: CNI                                                                                     #
# Columns are: year    day     windspeed (m/s)                                                     #
####################################################################################################
2009    1       4.61847675
2009    2       11.76938788
2009    3       11.89949338
2009    4       7.645184
2009    5       4.8257675
2009    6       3.01777588
2009    7       3.92198025
2009    8       7.45864312
2009    9       6.74914012
2009    10      4.14033887
2009    11      5.51340538
2009    12      7.76071762
2009    13      2.69389575
2009    14      9.09914238
2009    15      10.289225
2009    16      10.4530355
2009    17      7.66064725
2009    18      10.23437788
2009    19      14.43097163
2009    20      15.29828562
2009    21      11.83926175
2009    22      7.36460388
2009    23      8.75583988
2009    24      10.907225
2009    25      14.33658288
2009    26      16.87254937
2009    27      13.0382735
2009    28      9.76307675
2009    29      5.79995713
2009    30      4.86100338
