####################################################################################################
# Month: 06Jun                                                                                     #
# Station: CNI                                                                                     #
# Columns are: year    day     segment         RH (percent)                                        #
####################################################################################################
9       1       0       0.106941
9       1       1       0.089127
9       1       2       0.080078
9       1       3       0.071245
9       1       4       0.069553
9       1       5       0.073135
9       1       6       0.08341
9       1       7       0.087135
9       2       0       0.067907
9       2       1       0.058217
9       2       2       0.070556
9       2       3       0.138633
9       2       4       0.138877
9       2       5       0.11374
9       2       6       0.125431
9       2       7       0.14842
9       3       0       0.175276
9       3       1       0.219695
9       3       2       0.302774
9       3       3       0.42098
9       3       4       0.455979
9       3       5       0.489817
9       3       6       0.488493
9       3       7       0.493146
9       4       0       0.193506
9       4       1       0.399678
9       4       2       0.552272
9       4       3       0.477129
9       4       4       0.481123
9       4       5       0.506711
9       4       6       0.473568
9       4       7       0.431098
9       5       0       0.403793
9       5       1       0.306941
9       5       2       0.118117
9       5       3       0.056041
9       5       4       0.046239
9       5       5       0.050461
9       5       6       0.059414
9       5       7       0.065824
9       6       0       0.070745
9       6       1       0.068395
9       6       2       0.069071
9       6       3       0.078486
9       6       4       0.090203
9       6       5       0.121877
9       6       6       0.171408
9       6       7       0.188567
9       7       0       0.208901
9       7       1       0.23025
9       7       2       0.182573
9       7       3       0.132269
9       7       4       0.110211
9       7       5       0.098367
9       7       6       0.092386
9       7       7       0.094894
9       8       0       0.089698
9       8       1       0.079072
9       8       2       0.046689
9       8       3       0.027376
9       8       4       0.028638
9       8       5       0.033006
9       8       6       0.042229
9       8       7       0.049764
9       9       0       0.054791
9       9       1       0.054779
9       9       2       0.057156
9       9       3       0.058569
9       9       4       0.064329
9       9       5       0.067309
9       9       6       0.099789
9       9       7       0.083323
9       10      0       0.083399
9       10      1       0.087773
9       10      2       0.080766
9       10      3       0.063461
9       10      4       0.079296
9       10      5       0.130015
9       10      6       0.213119
9       10      7       0.317146
9       11      0       0.375768
9       11      1       0.387005
9       11      2       0.428574
9       11      3       0.431492
9       11      4       0.37917
9       11      5       0.283498
9       11      6       0.19412
9       11      7       0.145508
9       12      0       0.182371
9       12      1       0.206128
9       12      2       0.183569
9       12      3       0.161239
9       12      4       0.195708
9       12      5       0.272672
9       12      6       0.368804
9       12      7       0.427161
9       13      0       0.37151
9       13      1       0.265074
9       13      2       0.223013
9       13      3       0.206898
9       13      4       0.212647
9       13      5       0.229742
9       13      6       0.233677
9       13      7       0.260429
9       14      0       0.250371
9       14      1       0.213234
9       14      2       0.175692
9       14      3       0.167617
9       14      4       0.161995
9       14      5       0.250514
9       14      6       0.290279
9       14      7       0.195499
9       15      0       0.147048
9       15      1       0.17099
9       15      2       0.182081
9       15      3       0.150032
9       15      4       0.137031
9       15      5       0.117936
9       15      6       0.083476
9       15      7       0.06238
9       16      0       0.067549
9       16      1       0.089196
9       16      2       0.107345
9       16      3       0.220527
9       16      4       0.365173
9       16      5       0.404112
9       16      6       0.446558
9       16      7       0.341336
9       17      0       0.179239
9       17      1       0.31405
9       17      2       0.38527
9       17      3       0.4216
9       17      4       0.603392
9       17      5       0.761028
9       17      6       0.749192
9       17      7       0.705068
9       18      0       0.728427
9       18      1       0.754546
9       18      2       0.649673
9       18      3       0.533845
9       18      4       0.478386
9       18      5       0.525949
9       18      6       0.567662
9       18      7       0.535137
9       19      0       0.398706
9       19      1       0.308359
9       19      2       0.283729
9       19      3       0.242913
9       19      4       0.202079
9       19      5       0.193988
9       19      6       0.186466
9       19      7       0.186123
9       20      0       0.185602
9       20      1       0.16825
9       20      2       0.164579
9       20      3       0.169323
9       20      4       0.196018
9       20      5       0.174089
9       20      6       0.166557
9       20      7       0.210464
9       21      0       0.320971
9       21      1       0.415368
9       21      2       0.366337
9       21      3       0.27649
9       21      4       0.220067
9       21      5       0.160546
9       21      6       0.148803
9       21      7       0.192875
9       22      0       0.167615
9       22      1       0.119646
9       22      2       0.120916
9       22      3       0.113575
9       22      4       0.095739
9       22      5       0.098933
9       22      6       0.116999
9       22      7       0.127671
9       23      0       0.113603
9       23      1       0.104581
9       23      2       0.145216
9       23      3       0.218161
9       23      4       0.271265
9       23      5       0.277878
9       23      6       0.25861
9       23      7       0.145641
9       24      0       0.117424
9       24      1       0.128001
9       24      2       0.141454
9       24      3       -0.071029
9       24      4       0.183837
9       24      5       0.173391
9       24      6       0.188212
9       24      7       0.19317
9       25      0       0.194556
9       25      1       0.264594
9       25      2       0.323769
9       25      3       0.290339
9       25      4       0.254877
9       25      5       0.252878
9       25      6       0.23876
9       25      7       0.176514
9       26      0       0.13384
9       26      1       0.11702
9       26      2       0.115955
9       26      3       0.113478
9       26      4       0.12169
9       26      5       0.142894
9       26      6       0.140638
9       26      7       0.135078
9       27      0       0.139024
9       27      1       0.182724
9       27      2       0.209002
9       27      3       0.211703
9       27      4       0.263998
9       27      5       0.313923
9       27      6       0.385278
9       27      7       0.389899
9       28      0       0.363872
9       28      1       0.34408
9       28      2       0.295501
9       28      3       0.320022
9       28      4       0.404927
9       28      5       0.521309
9       28      6       0.570275
9       28      7       0.51641
9       29      0       0.44419
9       29      1       0.342141
9       29      2       0.196164
9       29      3       0.103148
9       29      4       0.113726
9       29      5       0.146013
9       29      6       0.194356
9       29      7       0.29417
9       30      0       0.342095
9       30      1       0.318692
9       30      2       0.276574
9       30      3       0.244802
9       30      4       0.216685
9       30      5       0.192517
9       30      6       0.17797
9       30      7       0.16126
