####################################################################################################
# Month: 09Sep                                                                                     #
# Station: KVNYS                                                                                   #
# Columns are: year    day     segment         RH (percent)                                        #
####################################################################################################
9       1       0       0.510772
9       1       1       0.643025
9       1       2       0.58386
9       1       3       0.59002
9       1       4       0.605396
9       1       5       0.607678
9       1       6       0.626747
9       1       7       0.581794
9       2       0       0.549057
9       2       1       0.678941
9       2       2       0.592583
9       2       3       0.568836
9       2       4       0.610551
9       2       5       0.641673
9       2       6       0.675637
9       2       7       0.711592
9       3       0       0.709537
9       3       1       0.702207
9       3       2       0.632703
9       3       3       0.645889
9       3       4       0.681122
9       3       5       0.72054
9       3       6       0.731568
9       3       7       0.737332
9       4       0       0.758798
9       4       1       0.745468
9       4       2       0.63921
9       4       3       0.590323
9       4       4       0.576506
9       4       5       0.571401
9       4       6       0.621523
9       4       7       0.655917
9       5       0       0.694758
9       5       1       0.750415
9       5       2       0.725055
9       5       3       0.728021
9       5       4       0.72656
9       5       5       0.72759
9       5       6       0.739362
9       5       7       0.730618
9       6       0       0.754824
9       6       1       0.75253
9       6       2       0.776544
9       6       3       0.82964
9       6       4       0.84753
9       6       5       0.888861
9       6       6       0.900742
9       6       7       0.908476
9       7       0       0.96104
9       7       1       0.853118
9       7       2       0.823109
9       7       3       0.875879
9       7       4       0.810331
9       7       5       0.776751
9       7       6       0.677208
9       7       7       0.775121
9       8       0       0.84635
9       8       1       0.808388
9       8       2       0.692586
9       8       3       0.653136
9       8       4       0.693448
9       8       5       0.730324
9       8       6       0.722543
9       8       7       0.718205
9       9       0       0.73358
9       9       1       0.6648
9       9       2       0.581536
9       9       3       0.579557
9       9       4       0.523291
9       9       5       0.445226
9       9       6       0.448199
9       9       7       0.421063
9       10      0       0.421204
9       10      1       0.487452
9       10      2       0.496919
9       10      3       0.484047
9       10      4       0.445102
9       10      5       0.428683
9       10      6       0.391746
9       10      7       0.352412
9       11      0       0.334353
9       11      1       0.345813
9       11      2       0.476229
9       11      3       0.523462
9       11      4       0.658452
9       11      5       0.761631
9       11      6       0.883011
9       11      7       0.940585
9       12      0       0.961864
9       12      1       0.845466
9       12      2       0.736585
9       12      3       0.699425
9       12      4       0.717032
9       12      5       0.609962
9       12      6       0.569489
9       12      7       0.593286
9       13      0       0.630041
9       13      1       0.715001
9       13      2       0.658579
9       13      3       0.643881
9       13      4       0.660985
9       13      5       0.664967
9       13      6       0.704864
9       13      7       0.738543
9       14      0       0.717257
9       14      1       0.802014
9       14      2       0.771838
9       14      3       0.765385
9       14      4       0.742633
9       14      5       0.692531
9       14      6       0.734606
9       14      7       0.821776
9       15      0       0.860504
9       15      1       0.861705
9       15      2       0.816307
9       15      3       0.817808
9       15      4       0.674179
9       15      5       0.485577
9       15      6       0.377421
9       15      7       0.322866
9       16      0       0.345873
9       16      1       0.454329
9       16      2       0.446178
9       16      3       0.457117
9       16      4       0.445465
9       16      5       0.44513
9       16      6       0.482681
9       16      7       0.517809
9       17      0       0.488215
9       17      1       0.350434
9       17      2       0.556685
9       17      3       0.578496
9       17      4       0.58303
9       17      5       0.586638
9       17      6       0.611294
9       17      7       0.647882
9       18      0       0.462172
9       18      1       0.462559
9       18      2       0.443358
9       18      3       0.450489
9       18      4       0.578601
9       18      5       0.485729
9       18      6       0.560794
9       18      7       0.62789
9       19      0       0.678225
9       19      1       0.748288
9       19      2       0.669536
9       19      3       0.654341
9       19      4       0.656513
9       19      5       0.540846
9       19      6       0.502318
9       19      7       0.565743
9       20      0       0.61364
9       20      1       0.705681
9       20      2       0.669399
9       20      3       0.654168
9       20      4       0.671494
9       20      5       0.708438
9       20      6       0.792057
9       20      7       0.922746
9       21      0       0.942697
9       21      1       0.959297
9       21      2       0.954402
9       21      3       0.797537
9       21      4       0.565715
9       21      5       0.50184
9       21      6       0.577217
9       21      7       0.562698
9       22      0       0.479291
9       22      1       0.559115
9       22      2       0.478024
9       22      3       0.449928
9       22      4       0.474469
9       22      5       0.501976
9       22      6       0.614054
9       22      7       0.69852
9       23      0       0.673336
9       23      1       0.62812
9       23      2       0.550647
9       23      3       0.543794
9       23      4       0.512038
9       23      5       0.464833
9       23      6       0.420155
9       23      7       0.388133
9       24      0       0.321794
9       24      1       0.358844
9       24      2       0.412563
9       24      3       0.367409
9       24      4       0.388951
9       24      5       0.459645
9       24      6       0.522257
9       24      7       0.55894
9       25      0       -0.901422
9       25      1       0.696643
9       25      2       0.702988
9       25      3       0.657224
9       25      4       0.652401
9       25      5       0.671913
9       25      6       0.643072
9       25      7       0.632032
9       26      0       0.656701
9       26      1       0.785197
9       26      2       0.840323
9       26      3       0.811481
9       26      4       0.761852
9       26      5       0.76158
9       26      6       0.727641
9       26      7       0.72282
9       27      0       0.749198
9       27      1       0.619348
9       27      2       0.871798
9       27      3       0.885857
9       27      4       0.888161
9       27      5       0.875414
9       27      6       1.140333
9       27      7       0.754216
9       28      0       0.793493
9       28      1       0.927842
9       28      2       0.832075
9       28      3       0.744316
9       28      4       0.616986
9       28      5       0.537733
9       28      6       0.513527
9       28      7       0.502163
9       29      0       0.529573
9       29      1       0.667831
9       29      2       0.6071
9       29      3       0.636952
9       29      4       0.710808
9       29      5       0.816624
9       29      6       0.897204
9       29      7       0.900588
9       30      0       0.863202
9       30      1       0.828435
9       30      2       0.736475
9       30      3       0.711011
9       30      4       0.624083
9       30      5       0.581978
9       30      6       0.639306
9       30      7       0.695567
