####################################################################################################
# Month: 09Sep                                                                                     #
# Station: BAR                                                                                     #
# Columns are: year    day     segment         RH (percent)                                        #
####################################################################################################
9       1       0       0.668294
9       1       1       0.553317
9       1       2       0.536431
9       1       3       0.469442
9       1       4       0.317806
9       1       5       0.260933
9       1       6       0.329083
9       1       7       0.50805
9       2       0       0.498358
9       2       1       0.44154
9       2       2       0.500367
9       2       3       0.703427
9       2       4       0.774862
9       2       5       0.752911
9       2       6       0.803549
9       2       7       0.85251
9       3       0       0.899215
9       3       1       0.821815
9       3       2       0.797667
9       3       3       0.803295
9       3       4       0.796262
9       3       5       0.754914
9       3       6       0.835884
9       3       7       0.879116
9       4       0       0.913221
9       4       1       0.839509
9       4       2       0.749576
9       4       3       0.771586
9       4       4       0.887012
9       4       5       0.938002
9       4       6       0.940726
9       4       7       0.985823
9       5       0       0.930904
9       5       1       0.538212
9       5       2       0.339414
9       5       3       0.299504
9       5       4       0.241012
9       5       5       0.146091
9       5       6       0.141606
9       5       7       0.340843
9       6       0       0.350567
9       6       1       0.33843
9       6       2       0.351803
9       6       3       0.201664
9       6       4       0.21517
9       6       5       0.287589
9       6       6       0.338079
9       6       7       0.421826
9       7       0       0.449439
9       7       1       0.444822
9       7       2       0.419593
9       7       3       0.391669
9       7       4       0.392873
9       7       5       0.452369
9       7       6       0.473519
9       7       7       0.53957
9       8       0       0.54024
9       8       1       0.548273
9       8       2       0.492967
9       8       3       0.443754
9       8       4       0.407617
9       8       5       0.36775
9       8       6       0.367486
9       8       7       0.458156
9       9       0       0.524438
9       9       1       0.490082
9       9       2       0.460317
9       9       3       0.469057
9       9       4       0.443859
9       9       5       0.373654
9       9       6       0.366944
9       9       7       0.463185
9       10      0       0.511238
9       10      1       0.553775
9       10      2       0.530186
9       10      3       0.399931
9       10      4       0.276972
9       10      5       0.205881
9       10      6       0.206632
9       10      7       0.324384
9       11      0       0.369819
9       11      1       0.348268
9       11      2       0.485328
9       11      3       0.607214
9       11      4       0.627742
9       11      5       0.606185
9       11      6       0.562318
9       11      7       0.526613
9       12      0       0.491874
9       12      1       0.505062
9       12      2       0.539121
9       12      3       0.629497
9       12      4       0.670195
9       12      5       0.693838
9       12      6       0.702051
9       12      7       0.831572
9       13      0       0.864715
9       13      1       0.789573
9       13      2       0.786166
9       13      3       0.994566
9       13      4       0.477834
9       13      5       0.344609
9       13      6       0.480963
9       13      7       0.595782
9       14      0       0.523324
9       14      1       0.363373
9       14      2       0.22546
9       14      3       0.283498
9       14      4       0.406651
9       14      5       0.429853
9       14      6       0.538266
9       14      7       0.688056
9       15      0       0.679441
9       15      1       0.551802
9       15      2       0.203361
9       15      3       0.150302
9       15      4       0.133932
9       15      5       0.126297
9       15      6       0.137761
9       15      7       0.265161
9       16      0       0.37754
9       16      1       0.364257
9       16      2       0.386022
9       16      3       0.232455
9       16      4       0.190445
9       16      5       0.194643
9       16      6       0.205742
9       16      7       0.324448
9       17      0       0.385606
9       17      1       0.370551
9       17      2       0.310713
9       17      3       0.245425
9       17      4       0.199595
9       17      5       0.19092
9       17      6       0.200397
9       17      7       0.406493
9       18      0       0.490924
9       18      1       0.531946
9       18      2       0.529374
9       18      3       0.482808
9       18      4       0.519613
9       18      5       0.572765
9       18      6       0.550851
9       18      7       0.575331
9       19      0       0.605277
9       19      1       0.754648
9       19      2       0.807583
9       19      3       0.796831
9       19      4       0.765954
9       19      5       0.724265
9       19      6       0.748768
9       19      7       0.771162
9       20      0       0.748155
9       20      1       0.619911
9       20      2       0.638173
9       20      3       0.64908
9       20      4       0.531189
9       20      5       0.320886
9       20      6       0.214516
9       20      7       0.264421
9       21      0       0.261385
9       21      1       0.193433
9       21      2       0.095502
9       21      3       0.072472
9       21      4       0.083451
9       21      5       0.111889
9       21      6       0.126679
9       21      7       0.145128
9       22      0       0.128096
9       22      1       0.0961
9       22      2       0.071895
9       22      3       0.070549
9       22      4       0.067035
9       22      5       0.070435
9       22      6       0.108481
9       22      7       0.169996
9       23      0       0.177848
9       23      1       0.251619
9       23      2       0.240513
9       23      3       0.22223
9       23      4       0.229001
9       23      5       0.233093
9       23      6       0.238183
9       23      7       0.268596
9       24      0       0.245277
9       24      1       0.25249
9       24      2       0.346109
9       24      3       0.349343
9       24      4       0.29609
9       24      5       0.196442
9       24      6       0.155432
9       24      7       0.200609
9       25      0       0.198915
9       25      1       0.211573
9       25      2       0.190603
9       25      3       0.245862
9       25      4       0.234014
9       25      5       0.189433
9       25      6       0.158825
9       25      7       0.208646
9       26      0       0.219099
9       26      1       0.232737
9       26      2       0.277224
9       26      3       0.29784
9       26      4       0.313511
9       26      5       0.31167
9       26      6       0.271363
9       26      7       0.25257
9       27      0       0.249959
9       27      1       0.221934
9       27      2       0.178823
9       27      3       0.181253
9       27      4       0.185544
9       27      5       0.150749
9       27      6       0.191564
9       27      7       0.229944
9       28      0       0.24652
9       28      1       0.261235
9       28      2       0.24527
9       28      3       0.236716
9       28      4       0.294054
9       28      5       0.372724
9       28      6       0.404595
9       28      7       0.475144
9       29      0       0.503696
9       29      1       0.524148
9       29      2       0.516663
9       29      3       0.426691
9       29      4       0.44439
9       29      5       0.501865
9       29      6       0.559925
9       29      7       0.804541
9       30      0       0.472552
9       30      1       0.130321
9       30      2       0.02182
9       30      3       0.106651
9       30      4       0.058311
9       30      5       0.114965
9       30      6       0.124439
9       30      7       0.132872
