####################################################################################################
# Month: 07Jul                                                                                     #
# Station: BGK                                                                                     #
# Frequency: 345 GHz                                                                               #
# Columns are: year    day     tau     Tb (K)                                                      #
####################################################################################################
2009    1       5.837085        276.346425
2009    2       5.567992        274.515
2009    3       4.73239775      273.400525
2009    4       4.72667563      275.3548125
2009    5       4.45520362      274.8599375
2009    6       4.022013        270.0624875
2009    7       3.54667588      266.9847625
2009    8       4.014725        268.147025
2009    9       3.461818        264.346575
2009    10      3.69821775      268.3827375
2009    11      3.643008        267.592325
2009    12      2.53758075      251.0392625
2009    13      2.33154775      244.8177125
2009    14      3.54866825      260.850475
2009    15      4.1631725       267.9051875
2009    16      2.19715812      239.8786625
2009    17      1.72106888      218.384875
2009    18      2.38515388      245.4432
2009    19      2.9678885       259.7796375
2009    20      2.32732838      249.1281375
2009    21      2.18300638      242.096525
2009    22      2.38302437      245.201625
2009    23      2.75278975      248.5660625
2009    24      2.80600825      248.373075
2009    25      2.6844745       247.7663375
2009    26      2.76769225      248.82395
2009    27      2.86527838      251.4147875
2009    28      3.73312487      264.205725
2009    29      4.8725345       270.720425
2009    30      4.02516825      267.3428
2009    31      3.99218888      265.5106625
2010    1       3.49917088      262.4711875
2010    2       3.81229112      267.8670875
2010    3       4.96323438      271.534525
2010    4       5.30382638      273.475
2010    5       4.211909        269.4008625
2010    6       4.33046275      268.9942625
2010    7       3.90543363      265.7104
2010    8       4.4435095       268.7493375
2010    9       3.84135875      264.0862
2010    10      2.72514512      252.3529
2010    11      2.94828838      255.65755
2010    12      3.16043475      257.955225
2010    13      2.75420288      252.2355125
2010    14      2.447278        246.626825
2010    15      2.2294995       241.277
2010    16      1.30167549      194.3219125
2010    17      2.38555301      227.5356625
2010    18      3.027685        260.0934625
2010    19      2.52369488      253.4565875
2010    20      1.99964488      236.067575
2010    21      1.5250655       211.8157125
2010    22      4.18112812      265.6016875
2010    23      4.2739555       270.811375
2010    24      4.33153775      273.783975
2010    25      4.273147        273.154875
2010    26      4.6635645       273.5616875
2010    27      4.31752312      273.018875
2010    28      3.89335838      270.94825
2010    29      4.93735412      274.108225
2010    30      5.76857562      275.7275125
2010    31      4.39904888      272.352325
2011    1       2.769874        252.4514625
2011    2       3.83340575      268.1972625
2011    3       3.80657262      266.6279
2011    4       3.43625125      263.17255
2011    5       3.25861912      261.7107375
2011    6       2.96180975      258.516975
2011    7       1.85132338      229.8271625
2011    8       2.43776763      246.9948375
2011    9       2.08545525      237.3991625
2011    10      2.1690435       239.144175
2011    11      3.1971585       256.1498
2011    12      4.54443575      270.1312625
2011    13      4.99670262      272.189375
2011    14      3.55267738      265.308575
2011    15      2.87123212      257.381275
2011    16      3.09247962      260.2997625
2011    17      2.89933075      257.87925
2011    18      2.863198        256.9161875
2011    19      2.71630712      253.09135
2011    20      2.85558638      256.5123125
2011    21      3.94616275      264.6414875
2011    22      3.97318062      268.099775
2011    23      3.566479        267.197725
2011    24      5.07632962      275.0168875
2011    25      4.66849937      271.163875
2011    26      4.70903913      270.769925
2011    27      5.64836562      275.9318
2011    28      5.79301362      273.8775125
2011    29      5.31098988      272.799175
2011    30      4.7996995       271.0641
2011    31      4.08318275      270.6525375
2012    1       2.82959962      255.236125
2012    2       3.286288        260.3999
2012    3       3.66292538      263.2134875
2012    4       3.972441        263.5839125
2012    5       3.48665012      256.646025
2012    6       5.30748988      271.6099375
2012    7       5.426745        273.7648875
2012    8       4.930269        272.05955
2012    9       2.08565988      230.7927
2012    10      1.63378388      217.5398125
2012    11      1.585224        213.9384
2012    12      1.771393        223.9625125
2012    13      2.02078213      229.75795
2012    14      2.88063638      259.3493625
2012    15      2.69723025      255.1356625
2012    16      2.59937675      255.22565
2012    17      3.15714288      262.0722875
2012    18      4.71861725      271.092725
2012    19      3.4968985       263.326525
2012    20      3.12380975      260.0074125
2012    21      3.14493975      259.1355
2012    22      5.1046475       273.3371
2012    23      5.40060712      271.4318875
2012    24      2.49654475      247.3272
2012    25      2.56783688      248.9144875
2012    26      2.6427245       250.86435
2012    27      1.97461338      234.1941375
2012    28      1.66909612      215.0428125
2012    29      4.999535        269.9874125
2012    30      4.94714838      272.0358625
2012    31      2.2533265       244.74975
2013    1       2.86578938      251.2323625
2013    2       3.23612925      255.21545
2013    3       2.58108012      247.2305125
2013    4       2.67261563      248.219375
2013    5       3.70508475      262.17615
2013    6       3.94570825      263.9507625
2013    7       3.26624038      252.214125
2013    8       3.35858988      249.6311625
2013    9       3.28126262      232.8276625
2013    10      6.62211475      277.861125
2013    11      3.31855812      257.94545
2013    12      3.6272575       261.0532375
2013    13      4.150511        266.5887375
2013    14      3.29802675      259.6575375
2013    15      3.81121088      264.4735875
2013    16      4.590414        270.064375
2013    17      3.23859438      259.1527625
2013    18      4.64715225      269.8140625
2013    19      5.04263963      272.55545
2013    20      3.76993412      264.093875
2013    21      5.06402112      274.860525
2013    22      4.31452475      271.8241
2013    23      4.32084037      272.59395
2013    24      3.35575662      269.723775
2013    25      3.075577        267.1611125
2013    26      2.34477262      251.0014375
2013    27      2.9853465       261.1007
2013    28      3.10304975      262.1685625
2013    29      3.15391438      263.454725
2013    30      3.84851438      265.38255
2013    31      1.74529145      209.1570125
2014    1       3.79530225      263.8184625
2014    2       4.73887325      269.736775
2014    3       4.57964013      268.4911875
2014    4       4.5636665       267.6016875
2014    5       4.208073        265.9152125
2014    6       4.26281888      266.8064875
2014    7       3.32895175      258.4464625
2014    8       3.97990762      264.4158625
2014    9       4.44130738      268.066775
2014    10      4.84390488      270.7315125
2014    11      4.64775862      271.653025
2014    12      3.87179862      268.010525
2014    13      4.35134112      269.8856
2014    14      4.97494925      271.7057125
2014    15      4.53337975      270.0099625
2014    16      4.34041487      268.1500375
2014    17      4.41785213      268.720225
2014    18      5.01640575      271.76495
2014    19      5.09489         274.782425
2014    20      5.16496262      275.6616125
2014    21      5.21097875      275.047175
2014    22      4.92144938      275.192775
2014    23      4.89257425      273.23215
2014    24      4.69242375      271.5724375
2014    25      4.71830812      270.698125
2014    26      4.484644        269.9256125
2014    27      3.45830538      264.1028875
2014    28      3.75870725      268.652275
2014    29      3.845695        265.6459375
2014    30      1.73159388      221.05755
2014    31      1.73198812      220.1378375
2015    1       3.52458937      263.978775
2015    2       4.1280165       267.27165
2015    3       3.75479612      266.7899
2015    4       3.17471425      262.8664875
2015    5       3.44250462      267.4468125
2015    6       3.00022113      253.7308
2015    7       2.00377025      235.0249875
2015    8       2.05168888      229.9475625
2015    9       2.2100215       238.0247625
2015    10      3.1721985       255.5415875
2015    11      3.44916588      259.9176
2015    12      4.00612962      266.51285
2015    13      4.43410537      270.572875
2015    14      3.90221712      265.8733125
2015    15      3.94610112      266.515375
2015    16      3.04982625      258.2392
2015    17      2.385172        246.2099375
2015    18      2.38554712      246.5491875
2015    19      3.12389762      256.4652375
2015    20      3.29577638      258.0891875
2015    21      3.34485538      258.1992375
2015    22      3.21592162      257.738425
2015    23      2.92126788      253.18655
2015    24      2.33390362      242.2556
2015    25      2.47227012      245.4165625
2015    26      2.25452875      240.038575
2015    27      2.41938212      244.552025
2015    28      2.47878975      245.7461875
2015    29      2.22782238      239.096725
2015    30      2.18837938      238.5825875
2015    31      3.04552962      251.20125
2016    1       3.88043988      264.0115875
2016    2       4.39526088      267.9866125
2016    3       2.35831175      244.7378875
2016    4       2.39102375      245.2821375
2016    5       2.54623125      249.7313125
2016    6       2.64514787      252.858
2016    7       2.33202238      243.699975
2016    8       3.04305225      254.5223
2016    9       3.81615162      263.3718125
2016    10      4.06370325      265.5198
2016    11      3.13142062      258.551375
2016    12      2.51693912      246.8184125
2016    13      2.67357412      251.9336375
2016    14      3.50797475      264.961625
2016    15      3.74839813      268.2543375
2016    16      3.62368688      268.07095
2016    17      3.2517855       263.858425
2016    18      3.1012465       261.8292875
2016    19      3.06540762      261.9552375
2016    20      3.2974975       264.4011375
2016    21      4.7791805       272.8100875
2016    22      5.49241075      275.5571
2016    23      4.8466695       273.6440875
2016    24      4.62015938      271.3812375
2016    25      4.75596         273.2010875
2016    26      4.48990275      271.2747625
2016    27      4.20762712      270.6348375
2016    28      3.14918488      261.1199
2016    29      2.58299112      250.126825
2016    30      3.02827912      257.8795
2016    31      3.5749425       262.032975
2017    1       3.70982713      264.0586125
2017    2       3.16599475      258.2015875
2017    3       3.71311575      262.9480125
2017    4       4.3149805       267.1577875
2017    5       4.58371712      269.0345125
2017    6       3.9370685       267.399
2017    7       3.98763975      266.4493
2017    8       4.59852075      269.2990375
2017    9       2.240832        237.0081875
2017    10      1.6735535       219.3661375
2017    11      2.39397538      245.183375
2017    12      4.486769        268.6442125
2017    13      5.203749        272.5508
2017    14      4.96789725      272.8145625
2017    15      4.180292        267.9512125
2017    16      4.69364937      268.537175
2017    17      4.20119662      266.7157
2017    18      4.70350188      270.3774125
2017    19      3.95868338      266.260275
2017    20      6.546087        278.0194875
2017    21      5.14541662      275.3487
2017    22      5.72208762      278.0509125
2017    23      6.037725        277.75905
2017    24      4.8550795       277.202175
2017    25      4.67702838      277.213975
2017    26      3.52097675      271.389925
2017    27      3.41768462      269.6783625
2017    28      2.8063115       256.2989375
2017    29      1.94819538      231.0591125
2017    30      2.70665188      255.669825
2017    31      1.97983525      236.091075
2018    1       3.00586138      255.926175
2018    2       5.00803925      271.8585375
2018    3       2.96323538      254.7785125
2018    4       3.16613762      257.305075
2018    5       2.57076988      247.5083375
2018    6       2.45295412      246.4676125
2018    7       4.16094738      266.622625
2018    8       4.502634        268.8301
2018    9       4.26012788      267.48145
2018    10      4.17674925      265.9537125
2018    11      4.671343        270.6032625
2018    12      3.25910087      258.3363
2018    13      4.9318005       272.0267875
2018    14      4.6763245       272.1062375
2018    15      4.95610388      272.1137625
2018    16      2.97997025      243.93905
2018    17      2.06706825      236.087075
2018    18      4.66104925      268.804075
2018    19      3.99876838      267.729
2018    20      4.8251335       271.384525
2018    21      4.99144325      273.2570375
2018    22      4.65040912      270.1763125
2018    23      2.17746         235.44075
2018    24      2.52672875      246.767425
2018    25      3.46374925      261.40825
2018    26      3.59193062      265.9075875
2018    27      5.20620812      273.5966
2018    28      5.3396345       276.63785
2018    29      5.81778713      282.1499
2018    30      4.43480025      272.9724125
2018    31      4.04569075      268.8456125
