####################################################################################################
# Month: 04Apr                                                                                     #
# Station: GARS                                                                                    #
# Frequency: 230 GHz                                                                               #
# Columns are: year    day     tau     Tb (K)                                                      #
####################################################################################################
2009    1       0.90989766      155.25535
2009    2       0.71339298      134.299875
2009    3       0.60606848      121.2748875
2009    4       0.64928747      127.2806875
2009    5       0.67769086      131.233475
2009    6       0.61124193      121.7898
2009    7       0.73675745      135.51689875
2009    8       0.40722719      90.45068375
2009    9       0.72662325      135.7319125
2009    10      1.52291438      207.4708
2009    11      1.0726564       173.556925
2009    12      1.2520055       188.8534375
2009    13      0.91630052      157.5417125
2009    14      1.2197609       183.418075
2009    15      0.80216492      146.2383875
2009    16      0.85432062      152.7895625
2009    17      0.36612775      80.72667
2009    18      0.26355955      63.02725625
2009    19      0.51186695      107.3416425
2009    20      1.32435469      193.4294625
2009    21      1.44542888      200.787625
2009    22      0.9290056       149.7472875
2009    23      0.48155662      99.10460375
2009    24      0.81529681      140.25615
2009    25      0.8884142       141.56107
2009    26      0.47367564      96.889725
2009    27      0.44615828      94.75465875
2009    28      0.43023351      90.90116875
2009    29      0.28720581      66.73532
2009    30      0.49889614      101.91633125
2010    1       1.06318019      170.2849625
2010    2       0.66745484      122.70141
2010    3       0.96366975      150.7789075
2010    4       2.01759087      232.8236875
2010    5       1.3760285       195.0412375
2010    6       1.90118925      225.474625
2010    7       1.35516141      186.4785
2010    8       1.7682247       210.863375
2010    9       1.08784257      165.375075
2010    10      0.94548483      146.8055075
2010    11      2.18713475      239.0989375
2010    12      1.08761859      167.065575
2010    13      1.081146        169.1811
2010    14      1.36030426      196.648475
2010    15      0.99147296      162.7884625
2010    16      1.29098938      191.447275
2010    17      1.2216054       184.764475
2010    18      1.06097505      170.845275
2010    19      0.45234671      94.2175425
2010    20      0.30980781      70.38636625
2010    21      0.29413695      68.1027425
2010    22      0.74684262      129.72212625
2010    23      0.89426605      154.6970625
2010    24      0.43985101      93.82129125
2010    25      0.22053239      53.59225
2010    26      0.41726629      90.06746
2010    27      0.3349467       76.3722075
2010    28      0.85177271      144.73869
2010    29      0.66762111      124.32406125
2010    30      0.40564071      86.5281125
2011    1       0.59685135      119.6308
2011    2       0.44687108      96.49535125
2011    3       0.46143231      98.5781775
2011    4       0.95418671      160.81965
2011    5       0.57399729      115.6914875
2011    6       0.45857861      97.56450375
2011    7       0.52254857      106.8669125
2011    8       0.43162551      92.98244125
2011    9       0.44592906      95.7865375
2011    10      0.55807762      110.43991875
2011    11      0.32380091      72.6275275
2011    12      0.45597612      96.42834
2011    13      0.33058341      73.90662375
2011    14      0.29708758      68.23470375
2011    15      0.25576038      60.8927625
2011    16      0.51156882      105.29313625
2011    17      0.82382499      144.2271125
2011    18      0.51659464      104.50587
2011    19      0.51479674      104.93725625
2011    20      0.51781798      105.1376275
2011    21      0.67376619      128.03035
2011    22      1.22127102      184.9641625
2011    23      1.6387523       211.185225
2011    24      1.22050701      185.434
2011    25      0.64923228      123.86376125
2011    26      0.51423359      105.234655
2011    27      0.4000763       86.52418125
2011    28      0.87037375      150.68095
2011    29      0.65593889      126.359925
2011    30      0.38173832      82.210165
2012    1       0.70788341      132.703475
2012    2       0.8962842       155.3523375
2012    3       0.93060899      159.3594125
2012    4       1.07137456      173.28335
2012    5       0.95695011      162.276325
2012    6       0.5199587       105.16699125
2012    7       0.32673705      73.96425875
2012    8       0.31458026      71.88249875
2012    9       0.35314219      78.4185525
2012    10      0.5702375       112.62331625
2012    11      1.66010875      211.0687875
2012    12      1.506923        206.96095
2012    13      0.97248438      160.652475
2012    14      0.80969479      143.9961
2012    15      1.08935935      171.2323875
2012    16      0.8440857       147.9029
2012    17      0.45149348      94.563415
2012    18      0.47661831      101.50454625
2012    19      0.56658275      116.31
2012    20      0.28912352      66.91539375
2012    21      0.23582622      57.69447
2012    22      0.48052311      103.49804
2012    23      0.67862428      134.6761875
2012    24      0.95468152      159.729125
2012    25      0.4695284       102.98469375
2012    26      0.92300485      158.010875
2012    27      0.65762665      128.8267375
2012    28      0.91734549      153.39050625
2012    29      0.69663352      123.4691925
2012    30      1.62175861      209.5233625
2013    1       2.43270187      248.760975
2013    2       1.25628365      179.33735
2013    3       1.42348775      196.099375
2013    4       0.65358162      127.45805
2013    5       1.05525192      170.4389
2013    6       1.35383456      194.78395
2013    7       1.03999799      166.3017375
2013    8       1.24123301      181.5275125
2013    9       2.19706712      239.0760125
2013    10      2.46885175      247.2762375
2013    11      1.03635561      168.5422
2013    12      0.88697508      157.6392125
2013    13      1.00413868      168.8983125
2013    14      1.74081061      218.1935125
2013    15      0.92090139      153.7133375
2013    16      0.70372368      128.47434375
2013    17      0.67612712      118.52121875
2013    18      2.25344675      241.852675
2013    19      1.25843312      185.2256125
2013    20      1.16821399      176.119725
2013    21      1.15024769      178.0558625
2013    22      0.31403516      72.00416
2013    23      1.01797044      160.032225
2013    24      1.06062135      174.68385
2013    25      1.07485248      174.67845
2013    26      1.01899465      167.2756625
2013    27      1.24455796      183.396475
2013    28      1.01207366      164.5225875
2013    29      1.52248344      202.3093
2013    30      1.4763245       202.960775
2014    1       0.43705005      94.4463975
2014    2       0.55273691      112.7889075
2014    3       0.64664546      123.4998
2014    4       0.37377246      84.06384
2014    5       0.94667911      162.9756
2014    6       0.54828315      112.0325875
2014    7       1.10401709      177.39605
2014    8       1.01149244      157.26969
2014    9       1.56216399      209.494825
2014    10      2.1556665       237.04065
2014    11      1.36154312      196.541375
2014    12      0.5543009       112.68324875
2014    13      0.79205354      141.47845
2014    14      0.61894648      117.622575
2014    15      0.58276152      117.93826875
2014    16      0.88395015      154.4799625
2014    17      0.96410186      158.008725
2014    18      0.40144451      88.30236125
2014    19      0.62362111      118.5601675
2014    20      0.97718161      164.5283375
2014    21      0.7101933       137.640625
2014    22      0.85555506      154.5699375
2014    23      1.39796362      200.2564625
2014    24      1.37440775      199.42265
2014    25      1.371891        195.7684
2014    26      1.8804645       220.2764875
2014    27      0.91794366      153.75645
2014    28      0.54804091      111.24551625
2014    29      0.8833718       154.8495625
2014    30      1.03544214      166.5574875
2015    1       1.20179066      182.7802
2015    2       0.53745363      108.6358925
2015    3       0.42064664      90.40988625
2015    4       0.27161758      64.0812975
2015    5       0.61735319      120.1020775
2015    6       0.5290054       107.98884125
2015    7       0.57117849      110.8198975
2015    8       0.64746774      129.2673
2015    9       1.27525986      163.869095
2015    10      2.45494762      246.6017625
2015    11      1.73115475      217.413575
2015    12      0.34847786      78.96453375
2015    13      0.62029602      122.30067875
2015    14      0.38656658      84.9523175
2015    15      0.66969105      115.99669
2015    16      1.37617161      192.302325
2015    17      0.73584309      136.3288875
2015    18      0.97824605      159.8594125
2015    19      1.66892425      216.6997625
2015    20      0.63923242      123.58124125
2015    21      1.18020811      180.9241625
2015    22      0.69737552      126.768325
2015    23      0.41655569      89.01735375
2015    24      0.6533948       114.3940975
2015    25      0.76615485      135.8321025
2015    26      1.07919519      168.4472375
2015    27      0.67034284      127.5299275
2015    28      1.34437212      194.490175
2015    29      2.02200038      232.27635
2015    30      1.41954542      199.268675
2016    1       0.61517204      120.7144375
2016    2       0.39496519      85.634325
2016    3       0.29800279      68.616975
2016    4       0.4708437       99.9863
2016    5       1.78774589      218.11045
2016    6       1.07035117      167.6170875
2016    7       0.93219536      158.4257125
2016    8       0.78447975      141.855475
2016    9       0.57113806      116.99335
2016    10      1.19833475      182.93345
2016    11      0.53577901      109.10260875
2016    12      0.79717279      140.79680875
2016    13      0.8165085       140.01319125
2016    14      0.80604502      145.1480625
2016    15      0.92879582      158.0715875
2016    16      0.54940207      106.56979125
2016    17      0.27218526      63.12799625
2016    18      0.25875575      60.99166
2016    19      0.39265602      84.82939125
2016    20      0.32480449      72.0796175
2016    21      0.2869518       66.03726125
2016    22      0.31702436      72.11960375
2016    23      0.3673542       81.3677475
2016    24      0.56413776      113.1367725
2016    25      0.69405424      130.57565
2016    26      1.00677242      163.68505
2016    27      0.67645566      125.83275375
2016    28      0.7313872       127.8576075
2016    29      0.83888266      144.4074275
2016    30      0.44315886      94.234115
2017    1       1.60313918      203.70175
2017    2       0.65388435      128.12179
2017    3       0.67145739      129.03383
2017    4       0.64072094      125.50175
2017    5       0.43469178      94.0636225
2017    6       0.2938246       69.750065
2017    7       0.67909635      126.954745
2017    8       1.55212145      208.9292375
2017    9       1.10523054      178.068275
2017    10      0.99399908      165.876175
2017    11      1.04907591      169.309675
2017    12      0.72991115      138.419775
2017    13      0.75139984      138.41175
2017    14      0.85187339      147.5556125
2017    15      0.97513549      159.21884875
2017    16      0.48095919      102.81414875
2017    17      0.67563251      131.394225
2017    18      1.46357312      203.8696625
2017    19      1.13737016      179.59125
2017    20      1.16226371      179.185575
2017    21      0.39388735      86.3384725
2017    22      0.46615665      97.6542525
2017    23      0.38736654      86.913205
2017    24      0.32339006      76.1413025
2017    25      0.54338176      110.7255925
2017    26      0.40611526      90.3255425
2017    27      0.28587946      65.961775
2017    28      0.48335622      99.1091225
2017    29      0.64722619      125.9291
2017    30      0.40428911      88.70689875
2018    1       1.17010965      181.8073125
2018    2       0.66019921      128.6786625
2018    3       0.82429174      146.568425
2018    4       0.90047322      155.89005
2018    5       0.61536909      123.0392375
2018    6       0.69392251      131.929775
2018    7       0.51438183      105.750975
2018    8       0.49939245      103.540105
2018    9       0.8768655       149.9627125
2018    10      1.78126125      219.9318125
2018    11      1.1326514       179.706075
2018    12      0.8581924       152.72595
2018    13      1.17531491      179.1692125
2018    14      2.05472888      232.77995
2018    15      1.54994659      208.711375
2018    16      0.80900348      147.2423125
2018    17      0.73727519      140.415775
2018    18      0.93083186      158.4413875
2018    19      1.01409936      168.0049875
2018    20      1.11393758      177.3534875
2018    21      1.378155        197.187375
2018    22      0.89570364      155.5602125
2018    23      0.4869975       101.877965
2018    24      0.60400629      117.44538125
2018    25      0.63631698      122.18937
2018    26      0.60994818      121.1184
2018    27      0.93925795      158.58335
2018    28      0.97289849      155.98767625
2018    29      0.67559799      128.6422875
2018    30      1.25779281      184.1715625
