####################################################################################################
# Month: 01Jan                                                                                     #
# Station: VLA                                                                                     #
# Frequency: 230 GHz                                                                               #
# Columns are: year    day     tau     Tb (K)                                                      #
####################################################################################################
2009    1       0.16901406      46.16612375
2009    2       0.20170942      53.54432125
2009    3       0.23198976      59.39544625
2009    4       0.49770461      104.81474875
2009    5       0.49992612      106.33542375
2009    6       0.2947426       69.80729
2009    7       0.28637792      70.6205225
2009    8       0.20157428      54.0678825
2009    9       0.25421681      64.80796625
2009    10      0.18320445      48.2731725
2009    11      0.19016532      49.909765
2009    12      0.17214098      46.13671875
2009    13      0.19217809      51.01153
2009    14      0.18041452      48.6273825
2009    15      0.17295406      47.12979875
2009    16      0.18912573      50.65477125
2009    17      0.14989029      41.81414375
2009    18      0.1446105       40.4718975
2009    19      0.09558538      28.9828075
2009    20      0.15750512      43.19567375
2009    21      0.22834906      58.15936625
2009    22      0.77038845      144.343075
2009    23      0.79870795      150.3396875
2009    24      0.56568061      118.769805
2009    25      0.25551172      64.58832125
2009    26      0.24937014      63.25314875
2009    27      0.22053388      56.09522375
2009    28      0.10815203      31.64577375
2009    29      0.12062256      34.40357125
2009    30      0.11845239      34.61532
2009    31      0.11773254      34.35986125
2010    1       0.17039419      45.50784125
2010    2       0.32581006      77.51295625
2010    3       0.21867762      56.516165
2010    4       0.20728961      54.17265875
2010    5       0.20689576      53.98007375
2010    6       0.20388369      53.50186125
2010    7       0.44745139      99.30763625
2010    8       0.35746848      79.344285
2010    9       0.10216654      29.956895
2010    10      0.1739017       46.3229475
2010    11      0.15255411      41.48770875
2010    12      0.14916409      41.1879325
2010    13      0.24189992      60.04717125
2010    14      0.3641067       82.94478125
2010    15      0.29468582      70.7908125
2010    16      0.18184199      48.18558125
2010    17      0.23874405      59.76475375
2010    18      0.36798416      84.13582
2010    19      0.53953962      111.65135875
2010    20      0.38550451      85.94275
2010    21      0.4370524       94.9304275
2010    22      0.68935806      133.9602375
2010    23      0.44692009      96.1779125
2010    24      0.2441727       59.81668625
2010    25      0.22513252      56.51847625
2010    26      0.31881074      76.19731125
2010    27      0.3558385       82.87604375
2010    28      0.56055815      115.6810125
2010    29      0.42179794      93.4708425
2010    30      0.2464017       62.9854575
2010    31      0.27524415      68.4004175
2011    1       0.10011199      28.7131025
2011    2       0.14550568      39.74178
2011    3       0.15159936      41.23809
2011    4       0.18495198      48.67897125
2011    5       0.10720846      31.34956
2011    6       0.12897491      36.9970325
2011    7       0.15424708      42.551005
2011    8       0.29604654      70.6943975
2011    9       0.29733048      71.72729
2011    10      0.27406495      67.480295
2011    11      0.16327542      43.4244975
2011    12      0.45345358      97.40802
2011    13      0.2421423       61.633175
2011    14      0.33081008      79.34795375
2011    15      0.278642        69.22944375
2011    16      0.27096111      67.14095375
2011    17      0.48270218      108.3693125
2011    18      0.274974        69.23573125
2011    19      0.27328704      68.1092175
2011    20      0.2253258       56.45803125
2011    21      0.17083595      45.78595
2011    22      0.20599718      53.6288475
2011    23      0.29471125      70.03565
2011    24      0.11696499      33.4306225
2011    25      0.156856        42.4916125
2011    26      0.16686363      44.870795
2011    27      0.13430755      37.52390125
2011    28      0.17243735      46.48061375
2011    29      0.22959134      58.954185
2011    30      0.19705559      51.9734175
2011    31      0.31504189      73.51965125
2012    1       0.17085442      46.40019
2012    2       0.17697364      47.95871125
2012    3       0.15788877      43.74544
2012    4       0.19370196      51.035875
2012    5       0.13284818      37.599065
2012    6       0.17514832      47.20118625
2012    7       0.22596871      58.54626125
2012    8       0.30437246      72.43085
2012    9       0.26500225      64.58258
2012    10      0.22098896      57.07412375
2012    11      0.19132551      50.9603325
2012    12      0.10760622      30.87961625
2012    13      0.11100344      31.70140375
2012    14      0.09739224      29.09016
2012    15      0.26327431      63.84765875
2012    16      0.50769954      109.06756875
2012    17      0.2065754       53.81189625
2012    18      0.15959595      43.70691
2012    19      0.29274165      72.84270625
2012    20      0.17157687      46.5171075
2012    21      0.28452957      69.711755
2012    22      0.27078224      65.5607225
2012    23      0.21316116      54.27081125
2012    24      0.43839151      95.50636125
2012    25      0.2555778       63.78346875
2012    26      0.23143998      59.36906875
2012    27      0.29020719      71.4831575
2012    28      0.20035782      51.30726125
2012    29      0.10263119      30.38437375
2012    30      0.12008256      34.54963625
2012    31      0.18613415      48.5403125
2013    1       0.20833595      52.73546875
2013    2       0.1107071       32.19326625
2013    3       0.16639664      44.48058375
2013    4       0.18400957      47.86861375
2013    5       0.11729698      33.52044375
2013    6       0.10728618      31.4264275
2013    7       0.2137211       54.87900125
2013    8       0.20203835      52.37801875
2013    9       0.1615367       44.2709725
2013    10      0.1631196       43.68737875
2013    11      0.25418756      61.85815125
2013    12      0.10677413      30.25911625
2013    13      0.11953641      32.856915
2013    14      0.11919539      32.88121375
2013    15      0.10453454      29.5537575
2013    16      0.18109035      47.97616125
2013    17      0.20396829      54.10071875
2013    18      0.17632466      47.86732625
2013    19      0.11356913      33.359895
2013    20      0.09134186      28.0202125
2013    21      0.09910659      29.89438625
2013    22      0.11209981      33.05829125
2013    23      0.09127733      28.2778375
2013    24      0.31063126      72.2571775
2013    25      0.66906392      133.7611125
2013    26      0.98550714      171.7163625
2013    27      0.6916511       136.22605
2013    28      0.52766351      112.711305
2013    29      0.28450826      67.3722875
2013    30      0.20723198      52.13452125
2013    31      0.16798522      45.53183625
2014    1       0.26475844      66.15026875
2014    2       0.13548914      38.16420875
2014    3       0.17550172      47.440835
2014    4       0.24908264      63.41419
2014    5       0.13951244      38.460065
2014    6       0.10272478      30.46100625
2014    7       0.15759982      43.3101575
2014    8       0.2204619       56.24400625
2014    9       0.25828124      63.52524875
2014    10      0.2465084       62.09465
2014    11      0.2639184       66.6451025
2014    12      0.24682048      62.93176875
2014    13      0.1447879       40.12415125
2014    14      0.18045878      48.655855
2014    15      0.19214559      51.3004525
2014    16      0.16067044      44.31735
2014    17      0.15277461      42.21137375
2014    18      0.16498294      45.050795
2014    19      0.13096707      37.4052175
2014    20      0.13991651      39.4086275
2014    21      0.12012274      34.8981825
2014    22      0.23332285      57.68716625
2014    23      0.26873667      65.81296375
2014    24      0.25723255      63.7418075
2014    25      0.3036325       71.80950125
2014    26      0.29624098      71.53048375
2014    27      0.23041725      57.3879725
2014    28      0.15298719      41.800465
2014    29      0.1611515       43.1485675
2014    30      0.34876796      83.26901
2014    31      0.46460134      102.16003625
2015    1       0.2775589       67.15032375
2015    2       0.34294796      77.99924375
2015    3       0.27514081      66.6040975
2015    4       0.16178101      44.15485375
2015    5       0.20964585      54.79366125
2015    6       0.24992039      64.656985
2015    7       0.4093473       95.3694
2015    8       0.50020043      110.6304375
2015    9       0.52806419      113.46085
2015    10      0.61627196      125.0959875
2015    11      0.6030815       123.10965
2015    12      0.6595786       130.703225
2015    13      0.57615229      118.951225
2015    14      0.53684219      112.43605
2015    15      0.24398026      61.2046425
2015    16      0.1061206       31.46844
2015    17      0.18428202      49.193745
2015    18      0.23981579      60.82484625
2015    19      0.29170687      71.85611375
2015    20      0.28924754      70.9039825
2015    21      0.46297069      99.5846925
2015    22      0.39066736      86.531475
2015    23      0.17006731      45.20285125
2015    24      0.23530166      59.44866375
2015    25      0.1719337       47.46964625
2015    26      0.20165416      54.54223125
2015    27      0.442013        98.19707875
2015    28      0.35213951      84.64295875
2015    29      0.43127375      95.82292625
2015    30      0.76683538      145.8074875
2015    31      0.76712261      145.1730375
2016    1       0.2735505       67.28087
2016    5       0.49262977      105.44343375
2016    6       0.55406571      114.6148225
2016    7       0.39063876      87.49765875
2016    8       0.40094216      88.7162075
2016    9       0.26535834      64.27290625
2016    10      0.22291674      56.0488325
2016    11      0.19872541      50.5442325
2016    12      0.11348747      32.7406775
2016    13      0.09023763      27.40530125
2016    14      0.10683577      31.4035975
2016    15      0.2547968       62.40191625
2016    16      0.27293212      65.3348125
2016    17      0.25077841      61.4416875
2016    18      0.21001612      54.18434375
2016    19      0.23062894      58.630855
2016    20      0.35815951      80.3075425
2016    21      0.14121846      38.9002675
2016    22      0.15760851      42.7753275
2016    23      0.15955401      43.2347025
2016    24      0.16708377      45.30482375
2016    25      0.23030765      58.06135375
2016    26      0.1709749       45.19776
2016    27      0.17073974      45.83575875
2016    28      0.21545288      55.85475375
2016    29      0.19625601      51.71888625
2016    30      0.31324438      75.617945
2016    31      0.33016621      78.91092625
2017    1       0.52866395      111.26620875
2017    2       0.33962811      79.46109625
2017    3       0.4356688       96.21135375
2017    4       0.42314612      95.0071675
2017    5       0.50799155      110.43144875
2017    6       0.45928038      96.91672375
2017    7       0.19866561      50.8850675
2017    8       0.51819964      112.13456
2017    9       0.47466613      105.8741475
2017    10      0.38084341      87.54602375
2017    11      0.44309575      99.4206025
2017    12      0.22409404      57.85007875
2017    13      0.33332956      78.5121475
2017    14      0.62801426      127.899925
2017    15      0.77747931      145.753225
2017    16      0.45006686      98.7721925
2017    17      0.5439445       113.63905
2017    18      0.46579595      101.3132475
2017    19      0.38272424      86.64220125
2017    20      0.48536615      104.45896625
2017    21      0.49035006      104.36552625
2017    22      0.32813486      76.77499125
2017    23      0.41679692      94.15754125
2017    24      0.4581879       96.93922625
2017    25      0.23217915      57.23485125
2017    26      0.16319755      43.355
2017    27      0.16588876      43.59503125
2017    28      0.11492834      32.76529
2017    29      0.15783728      43.366305
2017    30      0.17262772      47.03235875
2017    31      0.14226049      40.12158125
2018    1       0.14806248      40.94002125
2018    2       0.19246218      50.95349625
2018    3       0.09604275      28.42350125
2018    4       0.33306851      76.759615
2018    5       0.24359029      62.15642
2018    6       0.31424239      76.64216
2018    7       0.41832732      92.1943125
2018    8       0.24003105      61.51026
2018    9       0.58911625      123.5256625
2018    10      0.56535595      117.72196875
2018    11      0.33567342      77.24546125
2018    12      0.21926209      57.13663375
2018    13      0.14952626      41.68816125
2018    14      0.22393142      57.940965
2018    15      0.25807992      64.98222875
2018    16      0.32236262      76.81108375
2018    17      0.35034105      81.35543625
2018    18      0.19051972      49.2973575
2018    19      0.17358042      46.94442875
2018    20      0.25477412      64.689015
2018    21      0.32709115      74.97277125
2018    22      0.104675        30.5086275
2018    23      0.11464038      32.65272875
2018    24      0.08866355      27.0572825
2018    25      0.09837915      29.57795
2018    26      0.16890039      45.883045
2018    27      0.13128795      36.91943875
2018    28      0.15545416      42.5729475
2018    29      0.15077323      42.2836
2018    30      0.11302513      33.40058125
2018    31      0.12049429      35.0455275
2019    1       0.40748622      90.91732125
