####################################################################################################
# Month: 01Jan                                                                                     #
# Station: VLA                                                                                     #
# Columns are: year    day     segment         windspeed (m/s)                                     #
####################################################################################################
2009    1       0       7.193665
2009    1       1       7.99594
2009    1       2       10.268064
2009    1       3       12.376883
2009    1       4       13.684868
2009    1       5       14.192213
2009    1       6       10.863456
2009    1       7       8.841708
2009    2       0       8.023595
2009    2       1       7.864052
2009    2       2       7.800901
2009    2       3       4.622072
2009    2       4       3.982258
2009    2       5       4.591882
2009    2       6       5.133847
2009    2       7       6.889666
2009    3       0       9.904729
2009    3       1       11.329258
2009    3       2       9.994753
2009    3       3       18.828049
2009    3       4       16.585383
2009    3       5       14.369316
2009    3       6       12.518597
2009    3       7       11.131471
2009    4       0       8.966811
2009    4       1       6.47858
2009    4       2       3.894512
2009    4       3       5.912095
2009    4       4       7.45451
2009    4       5       8.901626
2009    4       6       8.251839
2009    4       7       9.173076
2009    5       0       8.251227
2009    5       1       9.148864
2009    5       2       9.510389
2009    5       3       7.489127
2009    5       4       5.041952
2009    5       5       7.545931
2009    5       6       6.778061
2009    5       7       10.800416
2009    6       0       11.612754
2009    6       1       13.685857
2009    6       2       14.308899
2009    6       3       15.173743
2009    6       4       14.518598
2009    6       5       13.865046
2009    6       6       13.254043
2009    6       7       8.803285
2009    7       0       12.471946
2009    7       1       15.338204
2009    7       2       16.207906
2009    7       3       17.952153
2009    7       4       17.551182
2009    7       5       16.501645
2009    7       6       11.958016
2009    7       7       10.71483
2009    8       0       11.92218
2009    8       1       13.911581
2009    8       2       14.944
2009    8       3       13.936576
2009    8       4       11.828652
2009    8       5       8.824115
2009    8       6       6.035321
2009    8       7       6.109108
2009    9       0       4.349359
2009    9       1       4.169713
2009    9       2       7.134511
2009    9       3       11.624038
2009    9       4       14.513335
2009    9       5       14.659491
2009    9       6       10.525137
2009    9       7       11.363605
2009    10      0       12.800472
2009    10      1       16.082007
2009    10      2       14.369079
2009    10      3       12.707513
2009    10      4       9.860888
2009    10      5       8.040795
2009    10      6       7.169818
2009    10      7       5.051131
2009    11      0       7.111496
2009    11      1       8.917086
2009    11      2       11.127634
2009    11      3       10.768329
2009    11      4       13.666755
2009    11      5       13.861334
2009    11      6       11.129443
2009    11      7       10.712563
2009    12      0       12.964133
2009    12      1       15.929119
2009    12      2       12.452179
2009    12      3       11.229508
2009    12      4       10.04495
2009    12      5       13.939867
2009    12      6       13.998069
2009    12      7       12.353214
2009    13      0       11.805669
2009    13      1       11.716958
2009    13      2       11.334381
2009    13      3       7.439109
2009    13      4       8.129666
2009    13      5       7.470352
2009    13      6       6.834422
2009    13      7       7.627717
2009    14      0       9.567427
2009    14      1       13.074882
2009    14      2       11.342848
2009    14      3       14.198155
2009    14      4       13.696682
2009    14      5       11.559935
2009    14      6       7.836179
2009    14      7       7.078305
2009    15      0       7.454016
2009    15      1       5.868433
2009    15      2       4.354664
2009    15      3       3.744588
2009    15      4       2.933319
2009    15      5       2.552404
2009    15      6       0.577529
2009    15      7       0.788083
2009    16      0       1.032362
2009    16      1       2.780609
2009    16      2       3.227291
2009    16      3       3.129404
2009    16      4       3.238
2009    16      5       2.515726
2009    16      6       1.288925
2009    16      7       1.531924
2009    17      0       1.472116
2009    17      1       1.789229
2009    17      2       3.435499
2009    17      3       5.611414
2009    17      4       7.110816
2009    17      5       6.401479
2009    17      6       4.772577
2009    17      7       2.7189
2009    18      0       1.737024
2009    18      1       1.586281
2009    18      2       0.937969
2009    18      3       0.611147
2009    18      4       1.564567
2009    18      5       2.016212
2009    18      6       2.222466
2009    18      7       3.110728
2009    19      0       3.479957
2009    19      1       3.651521
2009    19      2       5.55773
2009    19      3       4.656649
2009    19      4       3.610046
2009    19      5       2.503427
2009    19      6       1.978596
2009    19      7       1.447035
2009    20      0       1.24497
2009    20      1       1.171645
2009    20      2       2.874764
2009    20      3       5.374032
2009    20      4       7.470845
2009    20      5       8.16755
2009    20      6       6.438592
2009    20      7       4.41899
2009    21      0       5.450234
2009    21      1       5.542553
2009    21      2       5.370895
2009    21      3       5.993898
2009    21      4       4.325243
2009    21      5       3.323507
2009    21      6       3.238283
2009    21      7       3.389519
2009    22      0       3.521938
2009    22      1       3.188
2009    22      2       6.071278
2009    22      3       7.98699
2009    22      4       6.167101
2009    22      5       1.591635
2009    22      6       5.056251
2009    22      7       7.929175
2009    23      0       6.581275
2009    23      1       7.588574
2009    23      2       11.375892
2009    23      3       11.993678
2009    23      4       13.845073
2009    23      5       8.835243
2009    23      6       6.447465
2009    23      7       6.877988
2009    24      0       6.065561
2009    24      1       3.642325
2009    24      2       1.88858
2009    24      3       3.948389
2009    24      4       4.695792
2009    24      5       5.870172
2009    24      6       6.565192
2009    24      7       7.666707
2009    25      0       7.842248
2009    25      1       9.250659
2009    25      2       10.88844
2009    25      3       13.715058
2009    25      4       15.295692
2009    25      5       16.366771
2009    25      6       14.366303
2009    25      7       15.708331
2009    26      0       15.912592
2009    26      1       18.108805
2009    26      2       19.472922
2009    26      3       20.399298
2009    26      4       20.742129
2009    26      5       21.602131
2009    26      6       18.707928
2009    26      7       19.539416
2009    27      0       18.869064
2009    27      1       14.850032
2009    27      2       13.789718
2009    27      3       12.218997
2009    27      4       11.065883
2009    27      5       8.66097
2009    27      6       10.233241
2009    27      7       12.978643
2009    28      0       13.559651
2009    28      1       14.100959
2009    28      2       17.447978
2009    28      3       15.884123
2009    28      4       14.883147
2009    28      5       12.468739
2009    28      6       9.481157
2009    28      7       9.066407
2009    29      0       9.291521
2009    29      1       10.072435
2009    29      2       13.332303
2009    29      3       17.442054
2009    29      4       19.07039
2009    29      5       16.385202
2009    29      6       11.012615
2009    29      7       8.305003
2009    30      0       8.006938
2009    30      1       9.212988
2009    30      2       9.82717
2009    30      3       8.677358
2009    30      4       9.996822
2009    30      5       9.817533
2009    30      6       6.386985
2009    30      7       2.631718
2009    31      0       1.921917
2009    31      1       1.050991
2009    31      2       2.387279
2009    31      3       2.317236
2009    31      4       2.383165
2009    31      5       3.823046
2009    31      6       4.16241
2009    31      7       5.450698
