####################################################################################################
# Month: 10Oct                                                                                     #
# Station: BAR                                                                                     #
# Columns are: year    day     segment         RH (percent)                                        #
####################################################################################################
9       1       0       0.061071
9       1       1       0.072135
9       1       2       0.103485
9       1       3       0.145324
9       1       4       0.166346
9       1       5       0.173488
9       1       6       0.190131
9       1       7       0.224038
9       2       0       0.264433
9       2       1       0.269365
9       2       2       0.229141
9       2       3       0.209917
9       2       4       0.238294
9       2       5       0.216534
9       2       6       0.165542
9       2       7       0.293815
9       3       0       0.364806
9       3       1       0.411997
9       3       2       0.426412
9       3       3       0.54271
9       3       4       0.809136
9       3       5       0.751802
9       3       6       0.371093
9       3       7       0.388707
9       4       0       0.082305
9       4       1       0.060696
9       4       2       0.080637
9       4       3       0.122001
9       4       4       0.503935
9       4       5       0.702322
9       4       6       0.908907
9       4       7       0.936253
9       5       0       0.867497
9       5       1       0.885188
9       5       2       0.89492
9       5       3       0.689046
9       5       4       0.280735
9       5       5       0.397127
9       5       6       0.409063
9       5       7       0.535998
9       6       0       0.465193
9       6       1       0.364909
9       6       2       0.316137
9       6       3       0.354812
9       6       4       0.335734
9       6       5       0.270303
9       6       6       0.228857
9       6       7       0.328016
9       7       0       0.455425
9       7       1       0.519503
9       7       2       0.345164
9       7       3       0.181833
9       7       4       0.18102
9       7       5       0.236611
9       7       6       0.305248
9       7       7       0.289475
9       8       0       0.269321
9       8       1       0.216284
9       8       2       0.254536
9       8       3       0.146727
9       8       4       0.173375
9       8       5       0.286141
9       8       6       0.333153
9       8       7       0.377847
9       9       0       0.311015
9       9       1       0.21888
9       9       2       0.2067
9       9       3       0.204609
9       9       4       0.212959
9       9       5       0.232039
9       9       6       0.234484
9       9       7       0.342443
9       10      0       0.410244
9       10      1       0.459579
9       10      2       0.417797
9       10      3       0.375298
9       10      4       0.373041
9       10      5       0.406937
9       10      6       0.370406
9       10      7       0.449541
9       11      0       0.499107
9       11      1       0.527185
9       11      2       0.567082
9       11      3       0.525662
9       11      4       0.298562
9       11      5       0.22387
9       11      6       0.272206
9       11      7       0.533356
9       12      0       0.447136
9       12      1       0.446309
9       12      2       0.474726
9       12      3       0.49056
9       12      4       0.511516
9       12      5       0.412167
9       12      6       0.256708
9       12      7       0.401804
9       13      0       0.623691
9       13      1       0.555609
9       13      2       0.510863
9       13      3       0.53949
9       13      4       0.60742
9       13      5       0.722981
9       13      6       0.808996
9       13      7       0.842069
9       14      0       0.78958
9       14      1       0.783926
9       14      2       0.701177
9       14      3       0.643038
9       14      4       0.300207
9       14      5       0.041309
9       14      6       0.072411
9       14      7       0.129141
9       15      0       0.334355
9       15      1       0.284905
9       15      2       0.292741
9       15      3       0.281428
9       15      4       0.37369
9       15      5       0.48027
9       15      6       0.448677
9       15      7       0.511849
9       16      0       0.495658
9       16      1       0.358357
9       16      2       0.378294
9       16      3       0.301763
9       16      4       0.246902
9       16      5       0.205148
9       16      6       0.175377
9       16      7       0.147952
9       17      0       0.162557
9       17      1       0.129398
9       17      2       0.13882
9       17      3       0.157739
9       17      4       0.162027
9       17      5       0.156095
9       17      6       0.158833
9       17      7       0.244206
9       18      0       0.445277
9       18      1       0.40722
9       18      2       0.334895
9       18      3       0.294884
9       18      4       0.260337
9       18      5       0.277799
9       18      6       0.256514
9       18      7       0.345609
9       19      0       0.405078
9       19      1       0.466268
9       19      2       0.370922
9       19      3       0.113641
9       19      4       0.151041
9       19      5       0.160287
9       19      6       0.12534
9       19      7       0.307718
9       20      0       0.428768
9       20      1       0.555009
9       20      2       0.330697
9       20      3       0.307291
9       20      4       0.25564
9       20      5       0.113859
9       20      6       0.053147
9       20      7       0.071908
9       21      0       0.086446
9       21      1       0.1851
9       21      2       0.374065
9       21      3       0.237462
9       21      4       0.191012
9       21      5       0.177077
9       21      6       0.193004
9       21      7       0.296251
9       22      0       0.268998
9       22      1       0.163409
9       22      2       0.151181
9       22      3       0.194439
9       22      4       0.220892
9       22      5       0.328671
9       22      6       0.531292
9       22      7       0.507986
9       23      0       0.261274
9       23      1       0.087877
9       23      2       0.169627
9       23      3       0.362921
9       23      4       0.624143
9       23      5       0.401768
9       23      6       0.543889
9       23      7       0.612556
