####################################################################################################
# Month: 03Mar                                                                                     #
# Station: KEN                                                                                     #
# Frequency: 230 GHz                                                                               #
# Columns are: year    day     tau     Tb (K)                                                      #
####################################################################################################
2009    1       0.32157731      77.52348375
2009    2       0.43365372      91.82320625
2009    3       0.26545392      66.0310025
2009    4       0.28292879      68.844575
2009    5       0.21010914      55.277715
2009    6       0.17949834      48.68838
2009    7       0.1095013       32.46453625
2009    8       0.18834102      49.27563
2009    9       0.25524844      63.3500425
2009    10      0.29064232      69.93992125
2009    11      0.40158362      87.56004125
2009    12      0.3125819       73.54995875
2009    13      0.25991442      65.43058375
2009    14      0.15523712      42.83611875
2009    15      0.32163381      74.51202625
2009    16      0.25860795      64.86778875
2009    17      0.1230888       35.12118
2009    18      0.18090792      47.737055
2009    19      0.17822112      48.43608
2009    20      0.16495264      45.32952
2009    21      0.11840291      34.18926375
2009    22      0.15965412      43.80843625
2009    23      0.12617718      36.36857375
2009    24      0.09833414      29.67194625
2009    25      0.14503577      40.78638625
2009    26      0.1287692       37.151235
2009    27      0.29177102      69.13912875
2009    28      0.9421541       164.4234875
2009    29      0.6929008       133.348265
2009    30      0.93372955      161.41825
2009    31      0.88898245      160.306575
2010    1       1.05674071      177.283
2010    2       0.88967721      160.7637375
2010    3       0.95718894      167.1886875
2010    4       0.85103218      156.2948625
2010    5       0.78415863      142.558555
2010    6       0.68886491      135.7192875
2010    7       0.69929612      135.719815
2010    8       0.78842495      146.90015
2010    9       0.65188895      126.71370375
2010    10      0.58168601      122.0662825
2010    11      0.23159839      59.915265
2010    12      0.1739898       47.54677
2010    13      0.43847559      95.163655
2010    14      0.35482245      83.48786375
2010    15      0.55267408      112.3616125
2010    16      0.79394878      149.2183625
2010    17      0.5466755       117.5107125
2010    18      0.52660571      114.7393175
2010    19      0.60542801      124.38593625
2010    20      0.85856802      148.92398875
2010    21      0.94672246      164.3064375
2010    22      0.90692494      162.7435625
2010    23      0.96470679      167.5538875
2010    24      0.9990514       170.886275
2010    25      0.97368162      168.060375
2010    26      0.85672292      153.42652375
2010    27      0.98364951      167.833475
2010    28      1.04272951      175.7403875
2010    29      0.95672836      165.0287
2010    30      0.78422045      145.513845
2010    31      0.72027712      139.8829375
2011    1       0.25434381      63.17104
2011    2       0.38607496      83.24158
2011    3       0.28045787      68.62304875
2011    4       0.23286223      57.8770025
2011    5       0.16950494      46.12911
2011    6       0.23529165      59.3348725
2011    7       0.19555194      51.5226625
2011    8       0.11963878      34.87438875
2011    9       0.11993261      34.84011875
2011    10      0.16349391      44.38538
2011    11      0.2908671       70.4822875
2011    12      0.57989966      119.13469375
2011    13      0.53258413      113.1917925
2011    14      0.28378631      69.6714225
2011    15      0.55198254      114.5150125
2011    16      0.79506784      143.95895375
2011    17      0.81621388      150.41445
2011    18      0.90558944      158.95585
2011    19      0.95192111      163.95115
2011    20      0.89072841      158.485425
2011    21      0.55623961      114.34433125
2011    22      0.3752859       86.12777875
2011    23      0.31651059      75.4923825
2011    24      0.2426135       60.10623875
2011    25      0.42689793      89.44637875
2011    26      0.54427489      111.76721125
2011    27      0.3842323       86.63157375
2011    28      0.43324656      94.73913
2011    29      0.5564853       111.5853025
2011    30      0.54945452      115.43644
2011    31      0.5345625       112.05506
2012    1       0.50026         107.25174
2012    2       0.48305724      104.8445325
2012    3       0.34314124      81.0633025
2012    4       0.33527578      78.8131475
2012    5       0.57232201      117.48094875
2012    6       0.24985594      62.39517625
2012    7       0.11433682      33.11974
2012    8       0.11504429      32.63870625
2012    9       0.19379244      50.81933375
2012    10      0.21675413      55.80723375
2012    11      0.21013652      54.99293125
2012    12      0.099737        29.86189
2012    13      0.07519542      23.96944875
2012    14      0.10744445      31.7603675
2012    15      0.11435958      33.35018875
2012    16      0.15776021      43.30758
2012    17      0.27849641      68.30398375
2012    18      0.35964754      82.92587875
2012    19      0.30187494      73.04011625
2012    20      0.32201031      75.57542625
2012    21      0.21137889      56.00445375
2012    22      0.41749232      91.83882375
2012    23      0.45069304      99.76663
2012    24      0.50521809      106.94313875
2012    25      0.11443837      33.35395
2012    26      0.13381031      38.0438775
2012    27      0.18783223      49.1427075
2012    28      0.23809493      59.069165
2012    29      0.26311841      65.00430375
2012    30      0.66176391      126.46070875
2012    31      0.58034966      119.75091
2013    1       0.37560071      87.315765
2013    2       0.32140535      76.42270875
2013    3       0.4131886       93.541725
2013    4       0.32268844      76.42789375
2013    5       0.24945294      61.6208475
2013    6       0.21574594      56.35899875
2013    7       0.44702152      93.637115
2013    8       0.54564725      116.04056125
2013    9       0.37768886      88.60423125
2013    10      0.47278344      99.50840875
2013    11      0.31682422      75.75735125
2013    12      0.31888545      76.41368625
2013    13      0.35886029      83.2864475
2013    14      0.44376374      97.22159375
2013    15      0.45725084      99.31506125
2013    16      0.48299696      103.87706375
2013    17      0.57134839      116.3922275
2013    18      0.59204926      115.84905375
2013    19      0.844549        151.3868125
2013    20      0.92525908      161.497
2013    21      0.781206        145.5832625
2013    22      0.45502689      101.19822875
2013    23      0.56962436      116.97725625
2013    24      0.46404121      101.55071125
2013    25      0.35898783      84.59798375
2013    26      0.82408591      145.5645275
2013    27      1.07605412      175.8734875
2013    28      1.04044136      174.4336125
2013    29      1.01974604      171.4663375
2013    30      1.05078534      176.127375
2013    31      0.90495696      158.8079625
2014    1       0.35100241      81.5833125
2014    2       0.23537122      60.03521625
2014    3       0.17118437      46.67481
2014    4       0.16905067      45.95425625
2014    5       0.49250525      103.01290875
2014    6       0.52431871      111.5530725
2014    7       0.3285933       76.87385
2014    8       0.17551932      47.8867925
2014    9       0.21157601      55.68483625
2014    10      0.35898419      81.8022875
2014    11      0.4414796       98.19585125
2014    12      0.51280999      110.4715675
2014    13      0.72779706      135.63397875
2014    14      0.95005522      165.041775
2014    15      0.80269481      149.53185
2014    16      0.50623812      109.11667375
2014    17      0.39416709      91.7092425
2014    18      0.82085938      150.4041875
2014    19      0.47721731      104.82607875
2014    20      0.49467811      104.6182225
2014    21      0.5163995       108.563315
2014    22      0.35556539      83.1885975
2014    23      0.36101782      84.1618075
2014    24      0.4622004       100.8088525
2014    25      0.72439772      134.20947875
2014    26      0.73914129      139.06422125
2014    27      0.62301202      123.7787125
2014    28      0.23668188      60.551005
2014    29      0.36315124      82.37339625
2014    30      0.17412895      46.44968
2014    31      0.35546589      78.9784625
2015    1       0.17283942      46.35832
2015    2       0.07458481      23.45452125
2015    3       0.07893884      24.517195
2015    4       0.07987289      24.79396875
2015    5       0.10195681      30.22030875
2015    6       0.09690713      29.13268375
2015    7       0.08704352      26.82876875
2015    8       0.08402354      26.09885375
2015    9       0.10580385      31.58914
2015    10      0.12106744      35.34112875
2015    11      0.15859746      43.6879475
2015    12      0.21548722      56.01041875
2015    13      0.2067089       53.82118875
2015    14      0.11770211      34.42234625
2015    15      0.11114464      32.88155875
2015    16      0.19165912      50.82496625
2015    17      0.33185217      78.8027675
2015    18      0.38409988      88.25764375
2015    19      0.38444344      89.46071125
2015    20      0.54383136      114.84627375
2015    21      0.51543191      110.48013125
2015    22      0.59007572      118.5119775
2015    23      0.69050942      137.25635
2015    24      0.48411666      106.6481575
2015    25      0.88798285      158.5482125
2015    26      0.80752732      151.7323375
2015    27      0.72455555      139.79785
2015    28      0.79001174      147.0158875
2015    29      0.6884225       136.3719375
2015    30      0.7234799       139.96495
2015    31      0.93321431      163.469875
2016    1       0.55102095      116.8424725
2016    2       0.74232128      141.3312375
2016    3       0.29446488      72.19488625
2016    4       0.13854949      39.4130525
2016    5       0.25153179      63.70645625
2016    6       0.63586525      124.89013
2016    7       0.90666151      159.98505
2016    8       0.83338388      153.9337625
2016    9       0.82680501      149.82575
2016    10      0.69997505      133.988525
2016    11      0.1660871       45.644705
2016    12      0.16946547      46.38101875
2016    13      0.13480622      38.71262
2016    14      0.10265527      31.0290425
2016    15      0.10368572      31.07855
2016    16      0.15918744      43.86432625
2016    17      0.32467829      77.017895
2016    18      0.31615605      77.11255125
2016    19      0.47475452      104.4381625
2016    20      0.18959411      50.65196375
2016    21      0.16745561      45.7523325
2016    22      0.24809904      62.61264875
2016    23      0.29313365      72.129185
2016    24      0.20681589      54.68590125
2016    25      0.12250887      36.11068375
2016    26      0.11969263      34.989155
2016    27      0.28295414      69.759045
2016    28      0.27874864      69.0623875
2016    29      0.30631752      73.9612625
2016    30      0.36882574      86.01452
2016    31      0.33297396      77.87783125
2017    1       0.33413811      79.32465125
2017    2       0.37813584      84.74250375
2017    3       0.59132253      122.1999175
2017    4       0.38048913      87.20055
2017    5       0.20675997      53.58457875
2017    6       0.2101928       54.35058875
2017    7       0.19739396      52.1781175
2017    8       0.13628025      38.61148625
2017    9       0.20234355      52.2574425
2017    10      0.19247118      50.73792
2017    11      0.15951844      43.93993875
2017    12      0.29195586      69.60496125
2017    13      0.2267555       58.8005625
2017    14      0.21658144      56.726545
2017    15      0.35579762      81.06404625
2017    16      0.35379549      79.277415
2017    17      0.3076501       74.54552875
2017    18      0.20026815      52.48818
2017    19      0.33340726      76.6469975
2017    20      0.59675188      116.92355375
2017    21      0.32329087      76.06453875
2017    22      0.28081248      70.0491825
2017    23      0.34232898      79.7147
2017    24      0.29840571      71.8120525
2017    25      0.39353578      88.59775875
2017    26      0.743324        135.95772875
2017    27      0.41032654      92.6167025
2017    28      0.31786755      76.2913275
2017    29      0.3009036       72.5016125
2017    30      0.48803511      100.25587375
2017    31      0.23252762      59.654885
2018    1       0.93807388      162.86805
2018    2       0.91590422      162.3592375
2018    3       0.97242868      167.010575
2018    4       0.79953406      149.7982875
2018    5       0.74260205      142.2963375
2018    6       0.98944085      170.3305375
2018    7       0.36566998      85.6910125
2018    8       0.42556754      94.79590375
2018    9       0.48085611      104.67482125
2018    10      0.43893644      97.96715
2018    11      0.7885567       147.8555625
2018    12      0.81832241      150.1958375
2018    13      1.07708425      178.6239
2018    14      1.04855825      177.0879125
2018    15      0.96285225      168.0022125
2018    16      0.85857771      156.90065
2018    17      0.98529476      170.912375
2018    18      0.75544646      144.7456625
2018    19      0.77652164      145.6671
2018    20      0.77328672      148.62715
2018    21      0.68170876      134.2104375
2018    22      0.54476433      112.76429875
2018    23      0.59264238      119.84678875
2018    24      0.70958015      138.621125
2018    25      0.89623405      160.2446125
2018    26      0.84599302      155.9513625
2018    27      0.76615328      146.916025
2018    28      0.75596429      145.903775
2018    29      0.77860324      147.3684375
2018    30      0.5519338       115.42725125
2018    31      0.77538471      143.257095
