####################################################################################################
# Month: 03Mar                                                                                     #
# Station: KEN                                                                                     #
# Columns are: year    day     segment         RH (percent)                                        #
####################################################################################################
9       1       0       0.442007
9       1       1       0.407096
9       1       2       0.406243
9       1       3       0.591591
9       1       4       0.732271
9       1       5       0.794416
9       1       6       0.718827
9       1       7       0.676527
9       2       0       0.569685
9       2       1       0.352444
9       2       2       0.319377
9       2       3       0.64552
9       2       4       0.915331
9       2       5       0.849689
9       2       6       0.752029
9       2       7       0.824332
9       3       0       0.595598
9       3       1       0.388838
9       3       2       0.356661
9       3       3       0.6296
9       3       4       0.790624
9       3       5       0.797273
9       3       6       0.630308
9       3       7       0.558133
9       4       0       0.488832
9       4       1       0.402785
9       4       2       0.383205
9       4       3       0.678454
9       4       4       0.845749
9       4       5       0.857215
9       4       6       0.691314
9       4       7       0.540197
9       5       0       0.488519
9       5       1       0.411345
9       5       2       0.303961
9       5       3       0.458983
9       5       4       0.726382
9       5       5       0.797651
9       5       6       0.541999
9       5       7       0.423047
9       6       0       0.397962
9       6       1       0.363071
9       6       2       0.32973
9       6       3       0.482888
9       6       4       0.649764
9       6       5       0.615265
9       6       6       0.254518
9       6       7       0.194566
9       7       0       0.147801
9       7       1       0.118464
9       7       2       0.137725
9       7       3       0.377894
9       7       4       0.593448
9       7       5       0.527908
9       7       6       0.177193
9       7       7       0.132638
9       8       0       0.136192
9       8       1       0.109851
9       8       2       0.115107
9       8       3       0.417646
9       8       4       0.643913
9       8       5       0.729381
9       8       6       0.577364
9       8       7       0.413195
9       9       0       0.3501
9       9       1       0.287212
9       9       2       0.214822
9       9       3       0.364328
9       9       4       0.54181
9       9       5       0.697433
9       9       6       0.821711
9       9       7       0.838248
9       10      0       0.783577
9       10      1       0.365652
9       10      2       0.208403
9       10      3       0.464937
9       10      4       0.667391
9       10      5       0.840546
9       10      6       0.906578
9       10      7       0.713878
9       11      0       0.505538
9       11      1       0.377319
9       11      2       0.358538
9       11      3       0.595894
9       11      4       0.730207
9       11      5       0.899428
9       11      6       0.876853
9       11      7       0.794678
9       12      0       0.523236
9       12      1       0.414154
9       12      2       0.365402
9       12      3       0.619023
9       12      4       0.749628
9       12      5       0.767966
9       12      6       0.615564
9       12      7       0.414826
9       13      0       0.272952
9       13      1       0.293691
9       13      2       0.438626
9       13      3       0.589138
9       13      4       0.629508
9       13      5       0.614756
9       13      6       0.580058
9       13      7       0.473528
9       14      0       0.267542
9       14      1       0.133822
9       14      2       0.222355
9       14      3       0.399374
9       14      4       0.56957
9       14      5       0.565905
9       14      6       0.508967
9       14      7       0.493313
9       15      0       0.426895
9       15      1       0.394767
9       15      2       0.238858
9       15      3       0.446372
9       15      4       0.767238
9       15      5       0.870128
9       15      6       0.906843
9       15      7       0.835631
9       16      0       0.830514
9       16      1       0.7784
9       16      2       0.516341
9       16      3       0.429253
9       16      4       0.596988
9       16      5       0.656642
9       16      6       0.520704
9       16      7       0.269807
9       17      0       0.147824
9       17      1       0.112997
9       17      2       0.106711
9       17      3       0.354813
9       17      4       0.5691
9       17      5       0.593581
9       17      6       0.497242
9       17      7       0.359573
9       18      0       0.281786
9       18      1       0.157486
9       18      2       0.106268
9       18      3       0.288297
9       18      4       0.662966
9       18      5       0.942334
9       18      6       0.682291
9       18      7       0.585898
9       19      0       0.481994
9       19      1       0.298114
9       19      2       0.237236
9       19      3       0.38781
9       19      4       0.563509
9       19      5       0.671304
9       19      6       0.443317
9       19      7       0.30659
9       20      0       0.241432
9       20      1       0.213638
9       20      2       0.19723
9       20      3       0.528618
9       20      4       0.599335
9       20      5       0.635313
9       20      6       0.46623
9       20      7       0.271904
9       21      0       0.108107
9       21      1       0.064899
9       21      2       0.083257
9       21      3       0.315307
9       21      4       0.538247
9       21      5       0.579224
9       21      6       0.337466
9       21      7       0.146609
9       22      0       0.090826
9       22      1       0.123028
9       22      2       0.166637
9       22      3       0.279832
9       22      4       0.41917
9       22      5       0.600483
9       22      6       0.565245
9       22      7       0.426175
9       23      0       0.326128
9       23      1       0.246285
9       23      2       0.192892
9       23      3       0.426554
9       23      4       0.474891
9       23      5       0.505037
9       23      6       0.254269
9       23      7       0.088441
9       24      0       0.069196
9       24      1       0.066074
9       24      2       0.096082
9       24      3       0.325139
9       24      4       0.479643
9       24      5       0.509387
9       24      6       0.214316
9       24      7       0.150845
9       25      0       0.144731
9       25      1       0.200877
9       25      2       0.251375
9       25      3       0.486011
9       25      4       0.607503
9       25      5       0.578631
9       25      6       0.225719
9       25      7       0.177082
9       26      0       0.195342
9       26      1       0.218442
9       26      2       0.231677
9       26      3       0.461313
9       26      4       0.582426
9       26      5       0.570697
9       26      6       0.251567
9       26      7       0.168721
9       27      0       0.140604
9       27      1       0.134505
9       27      2       0.182994
9       27      3       0.386996
9       27      4       0.61875
9       27      5       0.819416
9       27      6       0.788249
9       27      7       0.960893
9       28      0       1.010395
9       28      1       0.86942
9       28      2       0.80881
9       28      3       1.037588
9       28      4       0.999875
9       28      5       0.996315
9       28      6       1.003718
9       28      7       0.865866
9       29      0       0.816868
9       29      1       0.69447
9       29      2       0.623993
9       29      3       0.868744
9       29      4       0.903217
9       29      5       0.991518
9       29      6       0.990893
9       29      7       0.9872
9       30      0       0.881353
9       30      1       0.827864
9       30      2       0.789514
9       30      3       1.070299
9       30      4       0.981536
9       30      5       0.996888
9       30      6       0.992926
9       30      7       0.931387
9       31      0       0.893122
9       31      1       0.903246
9       31      2       0.807961
9       31      3       0.81988
9       31      4       0.923816
9       31      5       0.938019
9       31      6       0.948608
9       31      7       0.868096
