####################################################################################################
# Month: 03Mar                                                                                     #
# Station: KEN                                                                                     #
# Columns are: year    day     segment         windspeed (m/s)                                     #
####################################################################################################
2009    1       0       7.827918
2009    1       1       8.760267
2009    1       2       7.956688
2009    1       3       6.448675
2009    1       4       4.730219
2009    1       5       4.639993
2009    1       6       5.128219
2009    1       7       5.60966
2009    2       0       4.247887
2009    2       1       6.234866
2009    2       2       7.927229
2009    2       3       5.073568
2009    2       4       3.081621
2009    2       5       3.321453
2009    2       6       4.093352
2009    2       7       5.219506
2009    3       0       5.242603
2009    3       1       6.315805
2009    3       2       6.757798
2009    3       3       6.399428
2009    3       4       5.097821
2009    3       5       5.158975
2009    3       6       4.857731
2009    3       7       4.120887
2009    4       0       2.907662
2009    4       1       2.687576
2009    4       2       3.712087
2009    4       3       4.755899
2009    4       4       3.879824
2009    4       5       3.066725
2009    4       6       2.285749
2009    4       7       1.705123
2009    5       0       1.240256
2009    5       1       2.205542
2009    5       2       3.529071
2009    5       3       4.02215
2009    5       4       3.630914
2009    5       5       3.429545
2009    5       6       2.943343
2009    5       7       2.822242
2009    6       0       2.914005
2009    6       1       3.654236
2009    6       2       3.169445
2009    6       3       4.977621
2009    6       4       5.235621
2009    6       5       5.336035
2009    6       6       5.706669
2009    6       7       5.154534
2009    7       0       4.828723
2009    7       1       5.752843
2009    7       2       7.087523
2009    7       3       7.120955
2009    7       4       5.582657
2009    7       5       4.981974
2009    7       6       5.213007
2009    7       7       5.749672
2009    8       0       4.932474
2009    8       1       4.082858
2009    8       2       4.619534
2009    8       3       4.790591
2009    8       4       3.434051
2009    8       5       2.61828
2009    8       6       1.441695
2009    8       7       2.233839
2009    9       0       2.162694
2009    9       1       2.959066
2009    9       2       3.278714
2009    9       3       2.803118
2009    9       4       1.258311
2009    9       5       0.670558
2009    9       6       1.204663
2009    9       7       2.966889
2009    10      0       6.359611
2009    10      1       6.301451
2009    10      2       5.100598
2009    10      3       3.120173
2009    10      4       1.677334
2009    10      5       1.302513
2009    10      6       0.675981
2009    10      7       2.703325
2009    11      0       5.950941
2009    11      1       6.122622
2009    11      2       6.120694
2009    11      3       4.715008
2009    11      4       2.030381
2009    11      5       1.661916
2009    11      6       2.49501
2009    11      7       4.828426
2009    12      0       5.037309
2009    12      1       3.732441
2009    12      2       3.293507
2009    12      3       3.319066
2009    12      4       2.827011
2009    12      5       2.875409
2009    12      6       2.624584
2009    12      7       4.36371
2009    13      0       5.444085
2009    13      1       5.526897
2009    13      2       6.343731
2009    13      3       5.513996
2009    13      4       3.962696
2009    13      5       3.533489
2009    13      6       4.590843
2009    13      7       6.121871
2009    14      0       6.921586
2009    14      1       7.824575
2009    14      2       9.041006
2009    14      3       6.315242
2009    14      4       3.796959
2009    14      5       2.316564
2009    14      6       1.359076
2009    14      7       1.656606
2009    15      0       2.338989
2009    15      1       2.337467
2009    15      2       3.223451
2009    15      3       3.051111
2009    15      4       1.824685
2009    15      5       0.864113
2009    15      6       0.462126
2009    15      7       1.705652
2009    16      0       1.523547
2009    16      1       1.466835
2009    16      2       2.669344
2009    16      3       3.782588
2009    16      4       2.861995
2009    16      5       2.372391
2009    16      6       1.821083
2009    16      7       4.694669
2009    17      0       5.530105
2009    17      1       5.540394
2009    17      2       5.603569
2009    17      3       3.575926
2009    17      4       1.880434
2009    17      5       0.923269
2009    17      6       2.636452
2009    17      7       4.396624
2009    18      0       5.195563
2009    18      1       5.815017
2009    18      2       6.421299
2009    18      3       5.264205
2009    18      4       3.28294
2009    18      5       2.019038
2009    18      6       0.831541
2009    18      7       2.849714
2009    19      0       4.355474
2009    19      1       5.341363
2009    19      2       6.746031
2009    19      3       5.494728
2009    19      4       3.867872
2009    19      5       2.835467
2009    19      6       1.936726
2009    19      7       3.743002
2009    20      0       4.776575
2009    20      1       5.474547
2009    20      2       5.711948
2009    20      3       4.829678
2009    20      4       3.183076
2009    20      5       2.04454
2009    20      6       1.255626
2009    20      7       3.042559
2009    21      0       3.757548
2009    21      1       5.956844
2009    21      2       6.158522
2009    21      3       5.052268
2009    21      4       3.449654
2009    21      5       2.409979
2009    21      6       3.203065
2009    21      7       5.133788
2009    22      0       5.821657
2009    22      1       6.063102
2009    22      2       5.828052
2009    22      3       4.541839
2009    22      4       4.173874
2009    22      5       3.395011
2009    22      6       2.250937
2009    22      7       3.370865
2009    23      0       4.38488
2009    23      1       4.501809
2009    23      2       6.880262
2009    23      3       6.541533
2009    23      4       5.630197
2009    23      5       4.824965
2009    23      6       3.89332
2009    23      7       4.339588
2009    24      0       4.467147
2009    24      1       5.960397
2009    24      2       7.288488
2009    24      3       6.575497
2009    24      4       6.075695
2009    24      5       5.225696
2009    24      6       4.846774
2009    24      7       6.255908
2009    25      0       7.037726
2009    25      1       7.863651
2009    25      2       9.48459
2009    25      3       7.315205
2009    25      4       5.720382
2009    25      5       5.146954
2009    25      6       6.075147
2009    25      7       7.736351
2009    26      0       7.511778
2009    26      1       8.368819
2009    26      2       9.920583
2009    26      3       8.286664
2009    26      4       6.389771
2009    26      5       5.015561
2009    26      6       3.705025
2009    26      7       3.662626
2009    27      0       4.015457
2009    27      1       4.823518
2009    27      2       4.849693
2009    27      3       3.724119
2009    27      4       3.062071
2009    27      5       2.703693
2009    27      6       1.2433
2009    27      7       0.692051
2009    28      0       0.998854
2009    28      1       2.001775
2009    28      2       3.496962
2009    28      3       4.04016
2009    28      4       2.93715
2009    28      5       3.245113
2009    28      6       5.234549
2009    28      7       5.01608
2009    29      0       2.869701
2009    29      1       3.290501
2009    29      2       5.157571
2009    29      3       3.940487
2009    29      4       2.473432
2009    29      5       2.185809
2009    29      6       2.364308
2009    29      7       2.887627
2009    30      0       2.203952
2009    30      1       3.429331
2009    30      2       3.772153
2009    30      3       2.851035
2009    30      4       2.535746
2009    30      5       3.587248
2009    30      6       7.882683
2009    30      7       8.149708
2009    31      0       5.903117
2009    31      1       5.357258
2009    31      2       4.276701
2009    31      3       2.756903
2009    31      4       1.725464
2009    31      5       2.025725
2009    31      6       2.346796
2009    31      7       3.62691
