####################################################################################################
# Month: 05May                                                                                     #
# Station: LOS                                                                                     #
# Columns are: year    day     RH (percent)                                                        #
####################################################################################################
9       1       0.190747
9       2       0.5954265
9       3       0.74568288
9       4       0.68374625
9       5       0.56094913
9       6       0.40592375
9       7       0.30825725
9       8       0.257589
9       9       0.35738638
9       10      0.32996488
9       11      0.30578262
9       12      0.18895675
9       13      0.2730375
9       14      0.30764437
9       15      0.24760912
9       16      0.50931563
9       17      0.51208738
9       18      0.35050338
9       19      0.51909512
9       20      0.65416325
9       21      0.73211812
9       22      0.95616862
9       23      0.961966
9       24      0.9300295
9       25      0.77177412
9       26      0.61478388
9       27      0.7502565
9       28      0.73655838
9       29      0.52009062
9       30      0.476931
9       31      0.59512125
