####################################################################################################
# Month: 05May                                                                                     #
# Station: LOS                                                                                     #
# Columns are: year    day     segment         RH (percent)                                        #
####################################################################################################
9       1       0       0.139433
9       1       1       0.127222
9       1       2       0.133649
9       1       3       0.171514
9       1       4       0.209271
9       1       5       0.22905
9       1       6       0.257099
9       1       7       0.258738
9       2       0       0.251863
9       2       1       0.255543
9       2       2       0.286253
9       2       3       0.495194
9       2       4       0.74183
9       2       5       0.855256
9       2       6       0.896617
9       2       7       0.980856
9       3       0       0.974388
9       3       1       0.742725
9       3       2       0.824112
9       3       3       0.625747
9       3       4       0.609103
9       3       5       0.646566
9       3       6       0.764261
9       3       7       0.778561
9       4       0       0.751868
9       4       1       0.641581
9       4       2       0.671354
9       4       3       0.85983
9       4       4       0.76445
9       4       5       0.689946
9       4       6       0.594371
9       4       7       0.49657
9       5       0       0.507972
9       5       1       0.600957
9       5       2       0.64725
9       5       3       0.630102
9       5       4       0.554058
9       5       5       0.55961
9       5       6       0.565447
9       5       7       0.422197
9       6       0       0.393342
9       6       1       0.406343
9       6       2       0.406494
9       6       3       0.429824
9       6       4       0.45289
9       6       5       0.523804
9       6       6       0.354126
9       6       7       0.280567
9       7       0       0.271272
9       7       1       0.263057
9       7       2       0.263756
9       7       3       0.287881
9       7       4       0.345629
9       7       5       0.400098
9       7       6       0.347693
9       7       7       0.286672
9       8       0       0.257343
9       8       1       0.265628
9       8       2       0.296381
9       8       3       0.325967
9       8       4       0.26064
9       8       5       0.163668
9       8       6       0.243387
9       8       7       0.247698
9       9       0       0.275193
9       9       1       0.279386
9       9       2       0.262984
9       9       3       0.359661
9       9       4       0.3551
9       9       5       0.342192
9       9       6       0.566511
9       9       7       0.418064
9       10      0       0.303381
9       10      1       0.278513
9       10      2       0.324775
9       10      3       0.367685
9       10      4       0.415486
9       10      5       0.388787
9       10      6       0.306542
9       10      7       0.25455
9       11      0       0.250339
9       11      1       0.266755
9       11      2       0.285822
9       11      3       0.301891
9       11      4       0.300634
9       11      5       0.236689
9       11      6       0.494201
9       11      7       0.30993
9       12      0       0.167514
9       12      1       0.169118
9       12      2       0.189508
9       12      3       0.165664
9       12      4       0.156551
9       12      5       0.193199
9       12      6       0.254291
9       12      7       0.215809
9       13      0       0.177562
9       13      1       0.190118
9       13      2       0.223191
9       13      3       0.287225
9       13      4       0.313339
9       13      5       0.323158
9       13      6       0.355185
9       13      7       0.314522
9       14      0       0.26843
9       14      1       0.23434
9       14      2       0.272194
9       14      3       0.298548
9       14      4       0.31361
9       14      5       0.331907
9       14      6       0.421019
9       14      7       0.321107
9       15      0       0.217421
9       15      1       0.178954
9       15      2       0.197317
9       15      3       0.228667
9       15      4       0.29923
9       15      5       0.339339
9       15      6       0.290049
9       15      7       0.229896
9       16      0       0.215195
9       16      1       0.235701
9       16      2       0.380508
9       16      3       0.456062
9       16      4       0.513456
9       16      5       0.648635
9       16      6       0.765476
9       16      7       0.859492
9       17      0       0.817038
9       17      1       0.57954
9       17      2       0.524293
9       17      3       0.499516
9       17      4       0.45899
9       17      5       0.403941
9       17      6       0.452755
9       17      7       0.360626
9       18      0       0.309502
9       18      1       0.317894
9       18      2       0.336951
9       18      3       0.365056
9       18      4       0.36579
9       18      5       0.323393
9       18      6       0.42938
9       18      7       0.356061
9       19      0       0.367838
9       19      1       0.436301
9       19      2       0.558497
9       19      3       0.649162
9       19      4       0.600609
9       19      5       0.532796
9       19      6       0.528307
9       19      7       0.479251
9       20      0       0.497222
9       20      1       0.513606
9       20      2       0.637747
9       20      3       0.824939
9       20      4       0.73304
9       20      5       0.695779
9       20      6       0.690513
9       20      7       0.64046
9       21      0       0.801421
9       21      1       0.89544
9       21      2       0.763839
9       21      3       0.619331
9       21      4       0.605459
9       21      5       0.653089
9       21      6       0.736561
9       21      7       0.781805
9       22      0       0.910386
9       22      1       0.952407
9       22      2       1.00038
9       22      3       1.205136
9       22      4       0.896058
9       22      5       0.822056
9       22      6       0.896009
9       22      7       0.966917
9       23      0       0.980129
9       23      1       0.978187
9       23      2       0.973185
9       23      3       0.936177
9       23      4       0.952193
9       23      5       0.963638
9       23      6       0.94499
9       23      7       0.967229
9       24      0       0.961775
9       24      1       0.929153
9       24      2       0.929483
9       24      3       0.970998
9       24      4       0.981916
9       24      5       0.92234
9       24      6       0.892569
9       24      7       0.852002
9       25      0       0.846309
9       25      1       0.740266
9       25      2       0.778111
9       25      3       0.815544
9       25      4       0.845696
9       25      5       0.682159
9       25      6       0.750468
9       25      7       0.71564
9       26      0       0.623721
9       26      1       0.63698
9       26      2       0.656249
9       26      3       0.593509
9       26      4       0.546403
9       26      5       0.71896
9       26      6       0.612668
9       26      7       0.529781
9       27      0       0.617618
9       27      1       0.687727
9       27      2       0.701773
9       27      3       0.771586
9       27      4       0.795778
9       27      5       0.85085
9       27      6       0.813625
9       27      7       0.763095
9       28      0       0.777784
9       28      1       0.814053
9       28      2       0.772429
9       28      3       0.746929
9       28      4       0.756443
9       28      5       0.782243
9       28      6       0.646176
9       28      7       0.59641
9       29      0       0.617782
9       29      1       0.644138
9       29      2       0.565423
9       29      3       0.525765
9       29      4       0.501665
9       29      5       0.515938
9       29      6       0.443168
9       29      7       0.346846
9       30      0       0.329771
9       30      1       0.355504
9       30      2       0.423514
9       30      3       0.508543
9       30      4       0.541949
9       30      5       0.532982
9       30      6       0.508299
9       30      7       0.614886
9       31      0       0.724586
9       31      1       0.696333
9       31      2       0.715953
9       31      3       0.713482
9       31      4       0.544703
9       31      5       0.481721
9       31      6       0.472607
9       31      7       0.411585
