####################################################################################################
# Month: 06Jun                                                                                     #
# Station: NZ                                                                                      #
# Columns are: year    day     windspeed (m/s)                                                     #
####################################################################################################
2009    1       8.4302755
2009    2       8.48570325
2009    3       5.95685038
2009    4       12.23710713
2009    5       17.7062325
2009    6       8.40864975
2009    7       2.774007
2009    8       15.06115662
2009    9       14.4837245
2009    10      19.228449
2009    11      15.624978
2009    12      6.84031588
2009    13      4.06435275
2009    14      16.52390575
2009    15      12.35126225
2009    16      11.4577545
2009    17      8.734576
2009    18      8.85275675
2009    19      9.8726065
2009    20      5.9091545
2009    21      6.55936325
2009    22      6.22462825
2009    23      8.48996838
2009    24      6.04730038
2009    25      4.0909285
2009    26      3.23017475
2009    27      2.84791788
2009    28      11.2165465
2009    29      6.68638125
2009    30      1.7045235
