####################################################################################################
# Month: 06Jun                                                                                     #
# Station: NZ                                                                                      #
# Columns are: year    day     segment         RH (percent)                                        #
####################################################################################################
9       1       0       0.627292
9       1       1       0.280668
9       1       2       0.085246
9       1       3       0.081458
9       1       4       0.086059
9       1       5       0.083872
9       1       6       0.082094
9       1       7       0.075243
9       2       0       0.078571
9       2       1       0.12652
9       2       2       0.150381
9       2       3       0.098582
9       2       4       0.1435
9       2       5       0.127607
9       2       6       0.125714
9       2       7       0.11771
9       3       0       0.09939
9       3       1       0.085363
9       3       2       0.076754
9       3       3       0.083013
9       3       4       0.10913
9       3       5       0.138423
9       3       6       0.171244
9       3       7       0.223136
9       4       0       0.250164
9       4       1       0.349152
9       4       2       0.536082
9       4       3       0.721532
9       4       4       0.451004
9       4       5       0.262326
9       4       6       0.523964
9       4       7       0.792641
9       5       0       0.809507
9       5       1       0.886018
9       5       2       0.719126
9       5       3       0.433873
9       5       4       0.553745
9       5       5       0.473997
9       5       6       0.613718
9       5       7       0.672285
9       6       0       0.615638
9       6       1       0.510399
9       6       2       0.237
9       6       3       0.205347
9       6       4       0.192976
9       6       5       0.202614
9       6       6       0.220602
9       6       7       0.249336
9       7       0       0.390432
9       7       1       0.5725
9       7       2       0.643306
9       7       3       0.776154
9       7       4       0.796279
9       7       5       0.781763
9       7       6       0.771273
9       7       7       0.698861
9       8       0       0.656697
9       8       1       0.558524
9       8       2       0.457994
9       8       3       0.257417
9       8       4       0.713051
9       8       5       0.870966
9       8       6       0.836208
9       8       7       0.836399
9       9       0       0.714661
9       9       1       0.566387
9       9       2       0.762573
9       9       3       0.638833
9       9       4       0.714285
9       9       5       0.776271
9       9       6       0.832177
9       9       7       0.767283
9       10      0       0.746198
9       10      1       0.837092
9       10      2       0.771246
9       10      3       0.518929
9       10      4       0.463035
9       10      5       0.479565
9       10      6       0.583818
9       10      7       0.511308
9       11      0       0.56986
9       11      1       0.64996
9       11      2       0.77924
9       11      3       0.817033
9       11      4       0.576671
9       11      5       0.606624
9       11      6       0.487298
9       11      7       0.485798
9       12      0       0.513058
9       12      1       0.618597
9       12      2       0.735597
9       12      3       0.922079
9       12      4       1.032337
9       12      5       0.93608
9       12      6       0.899644
9       12      7       0.879535
9       13      0       1.129964
9       13      1       0.809431
9       13      2       0.74747
9       13      3       0.660113
9       13      4       0.614033
9       13      5       0.417159
9       13      6       0.254276
9       13      7       0.433699
9       14      0       0.763547
9       14      1       0.844468
9       14      2       0.059651
9       14      3       0.030688
9       14      4       0.074193
9       14      5       0.113265
9       14      6       0.122214
9       14      7       0.285352
9       15      0       0.400496
9       15      1       0.648982
9       15      2       0.889034
9       15      3       0.935309
9       15      4       0.822667
9       15      5       0.80553
9       15      6       0.931598
9       15      7       0.959728
9       16      0       0.649515
9       16      1       0.454853
9       16      2       0.694307
9       16      3       0.482633
9       16      4       0.295305
9       16      5       0.300789
9       16      6       0.287559
9       16      7       0.336404
9       17      0       0.708669
9       17      1       0.938997
9       17      2       0.984639
9       17      3       0.75559
9       17      4       0.36197
9       17      5       0.36553
9       17      6       0.254425
9       17      7       0.212241
9       18      0       0.172012
9       18      1       0.212436
9       18      2       0.153542
9       18      3       0.145501
9       18      4       0.140676
9       18      5       0.11633
9       18      6       0.110506
9       18      7       0.201327
9       19      0       0.479995
9       19      1       0.205925
9       19      2       0.247627
9       19      3       0.215105
9       19      4       0.200179
9       19      5       0.17191
9       19      6       0.166609
9       19      7       0.167485
9       20      0       0.139785
9       20      1       0.089169
9       20      2       0.040947
9       20      3       0.034328
9       20      4       0.081796
9       20      5       0.135112
9       20      6       0.164479
9       20      7       0.259408
9       21      0       0.273385
9       21      1       0.249611
9       21      2       0.285978
9       21      3       0.382431
9       21      4       0.36478
9       21      5       0.287976
9       21      6       0.25682
9       21      7       0.255735
9       22      0       0.244778
9       22      1       0.227002
9       22      2       0.190304
9       22      3       0.168164
9       22      4       0.133861
9       22      5       0.114262
9       22      6       0.141925
9       22      7       0.138171
9       23      0       0.116033
9       23      1       0.122083
9       23      2       0.270588
9       23      3       0.575583
9       23      4       0.793283
9       23      5       0.952105
9       23      6       0.938737
9       23      7       0.892109
9       24      0       0.800148
9       24      1       0.657939
9       24      2       0.523252
9       24      3       0.386557
9       24      4       0.355838
9       24      5       0.301949
9       24      6       0.31506
9       24      7       0.312605
9       25      0       0.213569
9       25      1       0.173504
9       25      2       0.166384
9       25      3       0.161354
9       25      4       0.153171
9       25      5       0.352948
9       25      6       0.694648
9       25      7       0.922462
9       26      0       0.851551
9       26      1       0.4991
9       26      2       0.302781
9       26      3       0.229809
9       26      4       0.180977
9       26      5       0.192881
9       26      6       0.242423
9       26      7       0.317423
9       27      0       0.324039
9       27      1       0.391993
9       27      2       0.396453
9       27      3       0.389944
9       27      4       0.372073
9       27      5       0.420527
9       27      6       0.492743
9       27      7       0.551113
9       28      0       0.55625
9       28      1       0.614738
9       28      2       0.803284
9       28      3       0.827308
9       28      4       0.824581
9       28      5       0.88102
9       28      6       0.861279
9       28      7       0.675062
9       29      0       0.598871
9       29      1       0.660967
9       29      2       0.461403
9       29      3       0.341692
9       29      4       0.44169
9       29      5       0.530475
9       29      6       0.543931
9       29      7       0.522393
9       30      0       0.542429
9       30      1       0.588519
9       30      2       0.548678
9       30      3       0.50447
9       30      4       0.468238
9       30      5       0.431159
9       30      6       0.399425
9       30      7       0.43319
