####################################################################################################
# Month: 10Oct                                                                                     #
# Station: NOEMA                                                                                   #
# Columns are: year    day     segment         windspeed (m/s)                                     #
####################################################################################################
2009    1       0       5.058655
2009    1       1       5.06878
2009    1       2       5.155393
2009    1       3       3.651585
2009    1       4       4.311851
2009    1       5       5.890351
2009    1       6       5.514757
2009    1       7       4.050625
2009    2       0       3.764732
2009    2       1       5.491976
2009    2       2       6.689913
2009    2       3       5.716173
2009    2       4       3.643895
2009    2       5       3.126885
2009    2       6       3.541005
2009    2       7       2.23716
2009    3       0       0.52221
2009    3       1       0.97458
2009    3       2       1.057149
2009    3       3       2.72065
2009    3       4       3.93947
2009    3       5       4.131863
2009    3       6       4.260029
2009    3       7       5.077652
2009    4       0       5.726445
2009    4       1       6.189128
2009    4       2       6.920384
2009    4       3       7.240335
2009    4       4       6.198081
2009    4       5       6.516868
2009    4       6       8.611138
2009    4       7       7.898292
2009    5       0       7.255506
2009    5       1       7.96782
2009    5       2       9.114445
2009    5       3       10.215751
2009    5       4       9.436771
2009    5       5       9.685599
2009    5       6       10.583918
2009    5       7       10.384148
2009    6       0       9.907283
2009    6       1       10.294551
2009    6       2       10.687472
2009    6       3       12.468907
2009    6       4       13.308938
2009    6       5       13.149134
2009    6       6       13.837661
2009    6       7       13.538834
2009    7       0       12.044044
2009    7       1       11.98062
2009    7       2       13.170207
2009    7       3       14.145685
2009    7       4       13.58618
2009    7       5       17.932473
2009    7       6       18.944276
2009    7       7       21.237026
2009    8       0       20.692086
2009    8       1       16.668114
2009    8       2       15.361656
2009    8       3       20.256781
2009    8       4       19.683156
2009    8       5       14.319843
2009    8       6       9.337069
2009    8       7       7.224921
2009    9       0       9.047911
2009    9       1       7.033402
2009    9       2       4.449589
2009    9       3       4.742994
2009    9       4       4.770365
2009    9       5       4.178666
2009    9       6       3.964071
2009    9       7       4.006815
2009    10      0       4.861063
2009    10      1       5.225322
2009    10      2       6.012371
2009    10      3       6.400664
2009    10      4       8.766724
2009    10      5       11.416999
2009    10      6       11.772564
2009    10      7       9.064037
2009    11      0       6.035674
2009    11      1       5.662454
2009    11      2       6.653477
2009    11      3       7.957495
2009    11      4       7.286672
2009    11      5       9.399209
2009    11      6       13.617342
2009    11      7       18.591571
2009    12      0       20.519259
2009    12      1       23.23878
2009    12      2       26.608733
2009    12      3       31.18119
2009    12      4       29.868622
2009    12      5       28.888087
2009    12      6       27.690881
2009    12      7       24.407239
2009    13      0       22.111175
2009    13      1       19.393424
2009    13      2       17.358667
2009    13      3       14.183881
2009    13      4       12.527345
2009    13      5       13.683438
2009    13      6       14.461803
2009    13      7       13.830335
2009    14      0       13.097171
2009    14      1       14.609424
2009    14      2       16.626753
2009    14      3       14.304472
2009    14      4       11.013081
2009    14      5       9.752934
2009    14      6       9.114177
2009    14      7       7.935788
2009    15      0       7.740087
2009    15      1       10.149538
2009    15      2       8.802432
2009    15      3       2.79683
2009    15      4       2.174763
2009    15      5       3.157304
2009    15      6       8.420801
2009    15      7       8.936294
2009    16      0       7.340546
2009    16      1       10.786856
2009    16      2       10.453333
2009    16      3       10.067804
2009    16      4       10.628326
2009    16      5       11.005393
2009    16      6       15.887829
2009    16      7       18.738822
2009    17      0       21.368841
2009    17      1       17.995392
2009    17      2       11.933336
2009    17      3       7.762515
2009    17      4       6.539093
2009    17      5       8.519622
2009    17      6       10.011568
2009    17      7       9.735488
2009    18      0       12.937003
2009    18      1       4.695017
2009    18      2       4.984402
2009    18      3       7.341164
2009    18      4       5.739836
2009    18      5       7.004331
2009    18      6       6.642352
2009    18      7       7.143515
2009    19      0       5.712027
2009    19      1       4.572105
2009    19      2       5.84332
2009    19      3       5.393436
2009    19      4       3.260277
2009    19      5       3.510454
2009    19      6       5.088689
2009    19      7       4.735439
2009    20      0       4.343236
2009    20      1       5.604439
2009    20      2       8.316012
2009    20      3       9.708056
2009    20      4       10.229467
2009    20      5       10.484642
2009    20      6       11.427996
2009    20      7       15.189461
2009    21      0       16.968411
2009    21      1       17.020398
2009    21      2       18.1953
2009    21      3       21.617754
2009    21      4       28.482486
2009    21      5       30.758721
2009    21      6       22.985793
2009    21      7       15.714405
2009    22      0       15.486247
2009    22      1       12.601785
2009    22      2       13.132778
2009    22      3       14.101
2009    22      4       13.631351
2009    22      5       8.427327
2009    22      6       8.202731
2009    22      7       6.37608
2009    23      0       3.825135
2009    23      1       4.53031
2009    23      2       6.536927
2009    23      3       7.986276
2009    23      4       10.696588
2009    23      5       16.278313
2009    23      6       18.150992
2009    23      7       19.94146
