####################################################################################################
# Month: 02Feb                                                                                     #
# Station: RPU                                                                                     #
# Columns are: year    day     RH (percent)                                                        #
####################################################################################################
9       1       0.186587
9       2       0.70309362
9       3       0.47652962
9       4       0.845975
9       5       0.90513788
9       6       0.59518475
9       7       0.20487825
9       8       0.37192138
9       9       0.48863688
9       10      0.81736438
9       11      0.900303
9       12      0.742904
9       13      0.77027787
9       14      0.45616663
9       15      0.81775975
9       16      0.98956538
9       17      0.49638775
9       18      0.78917925
9       19      0.94955962
9       20      0.6984245
9       21      0.613808
9       22      0.26235925
9       23      0.81116212
9       24      0.6909645
9       25      0.63990288
9       26      0.52489238
9       27      0.7371955
9       28      0.76869275
