####################################################################################################
# Month: 02Feb                                                                                     #
# Station: RPU                                                                                     #
# Columns are: year    day     segment         RH (percent)                                        #
####################################################################################################
9       1       0       0.234248
9       1       1       0.121477
9       1       2       0.091488
9       1       3       0.211838
9       1       4       0.500612
9       1       5       0.067468
9       1       6       0.110474
9       1       7       0.155091
9       2       0       0.580981
9       2       1       0.63974
9       2       2       0.795931
9       2       3       0.922874
9       2       4       0.869122
9       2       5       0.83451
9       2       6       0.497554
9       2       7       0.484037
9       3       0       0.852312
9       3       1       0.930495
9       3       2       0.903513
9       3       3       0.598822
9       3       4       0.188148
9       3       5       0.063103
9       3       6       0.09447
9       3       7       0.181374
9       4       0       0.616642
9       4       1       0.796829
9       4       2       0.880141
9       4       3       0.769069
9       4       4       0.803715
9       4       5       0.942898
9       4       6       0.982504
9       4       7       0.976002
9       5       0       0.98212
9       5       1       0.991128
9       5       2       0.997038
9       5       3       0.994666
9       5       4       0.977276
9       5       5       0.901319
9       5       6       0.801169
9       5       7       0.596387
9       6       0       0.922457
9       6       1       0.9127
9       6       2       0.932219
9       6       3       0.909208
9       6       4       0.501389
9       6       5       0.294655
9       6       6       0.15838
9       6       7       0.13047
9       7       0       0.313665
9       7       1       0.428322
9       7       2       0.327919
9       7       3       0.145083
9       7       4       0.038916
9       7       5       0.033785
9       7       6       0.061589
9       7       7       0.289747
9       8       0       0.369961
9       8       1       0.459553
9       8       2       0.490364
9       8       3       0.466605
9       8       4       0.40033
9       8       5       0.365033
9       8       6       0.316073
9       8       7       0.107452
9       9       0       0.083579
9       9       1       0.141145
9       9       2       0.614996
9       9       3       0.693769
9       9       4       0.570518
9       9       5       0.715279
9       9       6       0.341203
9       9       7       0.748606
9       10      0       0.979352
9       10      1       0.973645
9       10      2       0.969722
9       10      3       0.844284
9       10      4       0.720473
9       10      5       0.691672
9       10      6       0.687509
9       10      7       0.672258
9       11      0       0.832574
9       11      1       0.745194
9       11      2       0.896179
9       11      3       0.951872
9       11      4       0.977876
9       11      5       0.968514
9       11      6       0.932165
9       11      7       0.89805
9       12      0       0.95497
9       12      1       0.905309
9       12      2       0.953656
9       12      3       0.9838
9       12      4       0.9316
9       12      5       0.599464
9       12      6       0.365173
9       12      7       0.24926
9       13      0       0.379777
9       13      1       0.595038
9       13      2       0.842396
9       13      3       0.856725
9       13      4       0.718823
9       13      5       0.879856
9       13      6       0.964869
9       13      7       0.924739
9       14      0       0.841316
9       14      1       0.855884
9       14      2       0.659685
9       14      3       0.494593
9       14      4       0.209565
9       14      5       0.202834
9       14      6       0.182896
9       14      7       0.20256
9       15      0       0.593974
9       15      1       0.775582
9       15      2       0.773282
9       15      3       0.678681
9       15      4       0.445843
9       15      5       0.559399
9       15      6       0.766125
9       15      7       1.949192
9       16      0       0.986194
9       16      1       0.988876
9       16      2       0.956599
9       16      3       1.136986
9       16      4       0.943127
9       16      5       0.978911
9       16      6       0.973478
9       16      7       0.952352
9       17      0       0.852962
9       17      1       0.970924
9       17      2       0.902181
9       17      3       0.651555
9       17      4       0.15663
9       17      5       0.124811
9       17      6       0.161335
9       17      7       0.150704
9       18      0       0.62255
9       18      1       0.731369
9       18      2       0.801374
9       18      3       0.898457
9       18      4       0.6642
9       18      5       0.750987
9       18      6       0.901841
9       18      7       0.942656
9       19      0       0.988266
9       19      1       0.974863
9       19      2       0.943512
9       19      3       0.866006
9       19      4       0.931391
9       19      5       0.919672
9       19      6       0.975655
9       19      7       0.997112
9       20      0       0.940999
9       20      1       0.97345
9       20      2       0.891158
9       20      3       0.883867
9       20      4       0.698473
9       20      5       0.427576
9       20      6       0.196421
9       20      7       0.575452
9       21      0       0.931483
9       21      1       0.983758
9       21      2       0.928767
9       21      3       0.686248
9       21      4       0.622724
9       21      5       0.312684
9       21      6       0.233754
9       21      7       0.211046
9       22      0       0.18357
9       22      1       0.18994
9       22      2       0.189756
9       22      3       0.184118
9       22      4       0.253638
9       22      5       0.336151
9       22      6       0.388279
9       22      7       0.373422
9       23      0       0.729941
9       23      1       0.923669
9       23      2       0.914651
9       23      3       0.65352
9       23      4       0.76856
9       23      5       0.892713
9       23      6       0.890448
9       23      7       0.715795
9       24      0       0.944706
9       24      1       0.974595
9       24      2       0.950459
9       24      3       0.834878
9       24      4       0.676171
9       24      5       0.46601
9       24      6       0.352349
9       24      7       0.328548
9       25      0       0.694833
9       25      1       0.812263
9       25      2       0.843333
9       25      3       0.868469
9       25      4       0.752719
9       25      5       0.450364
9       25      6       0.360994
9       25      7       0.336248
9       26      0       0.547527
9       26      1       0.770026
9       26      2       0.783628
9       26      3       0.715461
9       26      4       0.358223
9       26      5       0.310725
9       26      6       0.384498
9       26      7       0.329051
9       27      0       0.450171
9       27      1       0.854666
9       27      2       0.87521
9       27      3       0.441957
9       27      4       0.555835
9       27      5       0.851815
9       27      6       0.873022
9       27      7       0.994888
9       28      0       0.977896
9       28      1       0.955624
9       28      2       0.934388
9       28      3       0.925349
9       28      4       1.175229
9       28      5       0.776129
9       28      6       0.180246
9       28      7       0.224681
